r_number,displacement_mode_7_chain_A,displacement_mode_8_chain_A,displacement_mode_9_chain_A,displacement_mode_10_chain_A,displacement_mode_11_chain_A,displacement_mode_12_chain_A,displacement_mode_7,displacement_mode_8,displacement_mode_9,displacement_mode_10,displacement_mode_11,displacement_mode_12,displacement
1,0.2,0.45166359162544856,0.2,0.4593473631142341,0.3420526275297414,0.08944271909999159,0.2,0.45166359162544856,0.2,0.4593473631142341,0.3420526275297414,0.08944271909999159,1.7425063013694153
2,0.21213203435596426,0.6928203230275509,0.19235384061671346,0.454972526643093,0.4604345773288535,0.08944271909999159,0.21213203435596426,0.6928203230275509,0.19235384061671346,0.454972526643093,0.4604345773288535,0.08944271909999159,2.102156021072167
3,0.1816590212458495,0.7231873892705818,0.2664582518894845,0.3391164991562634,0.41231056256176607,0.1,0.1816590212458495,0.7231873892705818,0.2664582518894845,0.3391164991562634,0.41231056256176607,0.1,2.022731724123945
4,0.19748417658131498,0.7503332592921628,0.28460498941515416,0.18973665961010275,0.5069516742254631,0.08366600265340755,0.19748417658131498,0.7503332592921628,0.28460498941515416,0.18973665961010275,0.5069516742254631,0.08366600265340755,2.0127767617776056
5,0.15491933384829668,0.4427188724235731,0.22803508501982758,0.08366600265340755,0.3301514803843836,0.06324555320336758,0.15491933384829668,0.4427188724235731,0.22803508501982758,0.08366600265340755,0.3301514803843836,0.06324555320336758,1.302736327532856
6,0.17029386365926402,0.130384048104053,0.15811388300841897,0.2588435821108957,0.18439088914585774,0.07745966692414834,0.17029386365926402,0.130384048104053,0.15811388300841897,0.2588435821108957,0.18439088914585774,0.07745966692414834,0.9794859329526379
7,0.14832396974191325,0.14832396974191325,0.08944271909999159,0.161245154965971,0.17888543819998318,0.260768096208106,0.14832396974191325,0.14832396974191325,0.08944271909999159,0.161245154965971,0.17888543819998318,0.260768096208106,0.9869893479578782
8,0.08944271909999159,0.2664582518894845,0.10488088481701516,0.2810693864511039,0.31304951684997057,0.20493901531919198,0.08944271909999159,0.2664582518894845,0.10488088481701516,0.2810693864511039,0.31304951684997057,0.20493901531919198,1.2598397744267575
9,0.07745966692414834,0.32710854467592254,0.15491933384829668,0.1816590212458495,0.34641016151377546,0.08366600265340755,0.07745966692414834,0.32710854467592254,0.15491933384829668,0.1816590212458495,0.34641016151377546,0.08366600265340755,1.1712227308614
10,0.13784048752090222,0.47010637094172636,0.2024845673131659,0.11401754250991379,0.3563705936241092,0.28809720581775866,0.13784048752090222,0.47010637094172636,0.2024845673131659,0.11401754250991379,0.3563705936241092,0.28809720581775866,1.5689167677275762
11,0.130384048104053,0.42544094772365293,0.2645751311064591,0.07745966692414834,0.39115214431215894,0.3924283374069717,0.130384048104053,0.42544094772365293,0.2645751311064591,0.07745966692414834,0.39115214431215894,0.3924283374069717,1.681440275577444
12,0.21908902300206645,0.4919349550499537,0.31937438845342625,0.15811388300841897,0.4505552130427524,0.4381780460041329,0.21908902300206645,0.4919349550499537,0.31937438845342625,0.15811388300841897,0.4505552130427524,0.4381780460041329,2.0772455085607504
13,0.10488088481701516,0.4449719092257398,0.38600518131237566,0.161245154965971,0.41231056256176607,0.3449637662132068,0.10488088481701516,0.4449719092257398,0.38600518131237566,0.161245154965971,0.41231056256176607,0.3449637662132068,1.8543774590960744
14,0.1,0.4732863826479693,0.35777087639996635,0.09486832980505137,0.38340579025361626,0.30331501776206204,0.1,0.4732863826479693,0.35777087639996635,0.09486832980505137,0.38340579025361626,0.30331501776206204,1.7126463968686654
15,0.09486832980505137,0.4301162633521313,0.23874672772626646,0.15811388300841897,0.33763886032268264,0.232379000772445,0.09486832980505137,0.4301162633521313,0.23874672772626646,0.15811388300841897,0.33763886032268264,0.232379000772445,1.4918630649869957
16,0.10954451150103323,0.23021728866442676,0.19748417658131498,0.19493588689617927,0.21213203435596426,0.07071067811865475,0.10954451150103323,0.23021728866442676,0.19748417658131498,0.19493588689617927,0.21213203435596426,0.07071067811865475,1.0150245761175734
17,0.10954451150103323,0.16431676725154984,0.07071067811865475,0.3082207001484488,0.20493901531919198,0.08366600265340755,0.10954451150103323,0.16431676725154984,0.07071067811865475,0.3082207001484488,0.20493901531919198,0.08366600265340755,0.9413976749922861
18,0.2,0.1341640786499874,0.06324555320336758,0.29832867780352595,0.130384048104053,0.07071067811865475,0.2,0.1341640786499874,0.06324555320336758,0.29832867780352595,0.130384048104053,0.07071067811865475,0.8968330358795887
19,0.2,0.2588435821108957,0.1,0.30166206257996714,0.20493901531919198,0.03162277660168379,0.2,0.2588435821108957,0.1,0.30166206257996714,0.20493901531919198,0.03162277660168379,1.0970674366117386
20,0.1816590212458495,0.33166247903553997,0.17606816861659008,0.26267851073127396,0.2,0.044721359549995794,0.1816590212458495,0.33166247903553997,0.17606816861659008,0.26267851073127396,0.2,0.044721359549995794,1.1967895391792491
21,0.13784048752090222,0.5639148871948674,0.25099800796022265,0.3674234614174767,0.25099800796022265,0.09486832980505137,0.13784048752090222,0.5639148871948674,0.25099800796022265,0.3674234614174767,0.25099800796022265,0.09486832980505137,1.6660431818587431
22,0.19748417658131498,0.7842193570679061,0.33763886032268264,0.3619392214170772,0.2810693864511039,0.1,0.19748417658131498,0.7842193570679061,0.33763886032268264,0.3619392214170772,0.2810693864511039,0.1,2.062351001840085
23,0.2449489742783178,0.9370165420097982,0.4427188724235731,0.5039841267341661,0.24289915602982237,0.13784048752090222,0.2449489742783178,0.9370165420097982,0.4427188724235731,0.5039841267341661,0.24289915602982237,0.13784048752090222,2.5094081589965795
24,0.18973665961010275,0.6870225614927067,0.42778499272414877,0.5138093031466052,0.13784048752090222,0.15491933384829668,0.18973665961010275,0.6870225614927067,0.42778499272414877,0.5138093031466052,0.13784048752090222,0.15491933384829668,2.1111133383427627
25,0.06324555320336758,0.5949789912257406,0.35777087639996635,0.4289522117905443,0.15491933384829668,0.1414213562373095,0.06324555320336758,0.5949789912257406,0.35777087639996635,0.4289522117905443,0.15491933384829668,0.1414213562373095,1.741288322705225
26,0.07745966692414834,0.8396427811873333,0.37416573867739417,0.4301162633521313,0.2810693864511039,0.1224744871391589,0.07745966692414834,0.8396427811873333,0.37416573867739417,0.4301162633521313,0.2810693864511039,0.1224744871391589,2.12492832373127
27,0.1341640786499874,0.862554346113913,0.3507135583350036,0.4427188724235731,0.260768096208106,0.11832159566199232,0.1341640786499874,0.862554346113913,0.3507135583350036,0.4427188724235731,0.260768096208106,0.11832159566199232,2.1692405473925755
28,0.16431676725154984,0.6324555320336759,0.260768096208106,0.3847076812334269,0.1224744871391589,0.1224744871391589,0.16431676725154984,0.6324555320336759,0.260768096208106,0.3847076812334269,0.1224744871391589,0.1224744871391589,1.6871970510050767
29,0.17888543819998318,0.5770615218501404,0.2024845673131659,0.27568097504180444,0.1224744871391589,0.0,0.17888543819998318,0.5770615218501404,0.2024845673131659,0.27568097504180444,0.1224744871391589,0.0,1.3565869895442528
30,0.25298221281347033,0.7021395872616784,0.2073644135332772,0.26267851073127396,0.130384048104053,0.10488088481701516,0.25298221281347033,0.7021395872616784,0.2073644135332772,0.26267851073127396,0.130384048104053,0.10488088481701516,1.660429657260768
31,0.28982753492378877,0.68044103344816,0.12649110640673517,0.3331666249791536,0.08366600265340755,0.19748417658131498,0.28982753492378877,0.68044103344816,0.12649110640673517,0.3331666249791536,0.08366600265340755,0.19748417658131498,1.7110764789925599
32,0.2664582518894845,0.4074309757492673,0.07745966692414834,0.20493901531919198,0.18973665961010275,0.18439088914585774,0.2664582518894845,0.4074309757492673,0.07745966692414834,0.20493901531919198,0.18973665961010275,0.18439088914585774,1.3304154586380526
33,0.26267851073127396,0.25099800796022265,0.10954451150103323,0.15811388300841897,0.2645751311064591,0.24899799195977465,0.26267851073127396,0.25099800796022265,0.10954451150103323,0.15811388300841897,0.2645751311064591,0.24899799195977465,1.2949080362671825
34,0.27748873851023215,0.34351128074635334,0.1224744871391589,0.36606010435446257,0.38340579025361626,0.4049691346263318,0.27748873851023215,0.34351128074635334,0.1224744871391589,0.36606010435446257,0.38340579025361626,0.4049691346263318,1.897909535630155
35,0.2345207879911715,0.4230839160261236,0.10488088481701516,0.3420526275297414,0.3478505426185217,0.4147288270665544,0.2345207879911715,0.4230839160261236,0.10488088481701516,0.3420526275297414,0.3478505426185217,0.4147288270665544,1.8671175860491278
36,0.18973665961010275,0.25298221281347033,0.12649110640673517,0.2569046515733026,0.24083189157584592,0.35213633723318016,0.18973665961010275,0.25298221281347033,0.12649110640673517,0.2569046515733026,0.24083189157584592,0.35213633723318016,1.419082859212637
37,0.23021728866442676,0.2073644135332772,0.18708286933869708,0.47010637094172636,0.3847076812334269,0.4669047011971501,0.23021728866442676,0.2073644135332772,0.18708286933869708,0.47010637094172636,0.3847076812334269,0.4669047011971501,1.9463833249087046
38,0.24289915602982237,0.43703546766824314,0.18973665961010275,0.5674504383644443,0.4538722287164087,0.6099180272790763,0.24289915602982237,0.43703546766824314,0.18973665961010275,0.5674504383644443,0.4538722287164087,0.6099180272790763,2.500911977668098
39,0.1816590212458495,0.5830951894845301,0.21213203435596426,0.38987177379235854,0.25298221281347033,0.5974947698515862,0.1816590212458495,0.5830951894845301,0.21213203435596426,0.38987177379235854,0.25298221281347033,0.5974947698515862,2.217235001543759
40,0.14832396974191325,0.6348228099241552,0.18708286933869708,0.36055512754639896,0.3420526275297414,0.5366563145999496,0.14832396974191325,0.6348228099241552,0.18708286933869708,0.36055512754639896,0.3420526275297414,0.5366563145999496,2.2094937186808554
41,0.09486832980505137,0.5412947441089743,0.17029386365926402,0.1341640786499874,0.24083189157584592,0.19748417658131498,0.09486832980505137,0.5412947441089743,0.17029386365926402,0.1341640786499874,0.24083189157584592,0.19748417658131498,1.3789370843804378
42,0.161245154965971,0.6403124237432849,0.18708286933869708,0.11832159566199232,0.2863564212655271,0.12649110640673517,0.161245154965971,0.6403124237432849,0.18708286933869708,0.11832159566199232,0.2863564212655271,0.12649110640673517,1.5198095713822077
43,0.1673320053068151,0.6700746227100381,0.1816590212458495,0.11401754250991379,0.43474130238568315,0.25298221281347033,0.1673320053068151,0.6700746227100381,0.1816590212458495,0.11401754250991379,0.43474130238568315,0.25298221281347033,1.8208067069717702
44,0.11401754250991379,0.5727128425310541,0.15491933384829668,0.15165750888103102,0.363318042491699,0.25495097567963926,0.11401754250991379,0.5727128425310541,0.15491933384829668,0.15165750888103102,0.363318042491699,0.25495097567963926,1.611576245941634
45,0.14491376746189438,0.3492849839314596,0.17606816861659008,0.15491933384829668,0.3807886552931954,0.40987803063838396,0.14491376746189438,0.3492849839314596,0.17606816861659008,0.15491933384829668,0.3807886552931954,0.40987803063838396,1.6158529397898203
46,0.11832159566199232,0.22360679774997896,0.28809720581775866,0.14832396974191325,0.2683281572999748,0.44609416046390926,0.11832159566199232,0.22360679774997896,0.28809720581775866,0.14832396974191325,0.2683281572999748,0.44609416046390926,1.492771886735527
47,0.4074309757492673,0.43588989435406733,0.216794833886788,0.19748417658131498,0.3331666249791536,0.454972526643093,0.4074309757492673,0.43588989435406733,0.216794833886788,0.19748417658131498,0.3331666249791536,0.454972526643093,2.045739032193684
48,0.5049752469181039,0.5549774770204643,0.4159326868617084,0.35496478698597694,0.2569046515733026,0.3391164991562634,0.5049752469181039,0.5549774770204643,0.4159326868617084,0.35496478698597694,0.2569046515733026,0.3391164991562634,2.426871348515819
49,0.3687817782917155,0.47644516998286385,0.4505552130427524,0.44609416046390926,0.31622776601683794,0.17320508075688773,0.3687817782917155,0.47644516998286385,0.4505552130427524,0.44609416046390926,0.31622776601683794,0.17320508075688773,2.2313091685549664
50,0.4230839160261236,0.6356099432828282,0.6379655163094632,0.5253570214625479,0.396232255123179,0.14491376746189438,0.4230839160261236,0.6356099432828282,0.6379655163094632,0.5253570214625479,0.396232255123179,0.14491376746189438,2.763162419666036
51,0.3507135583350036,0.6363961030678927,0.7348469228349535,0.4743416490252569,0.3507135583350036,0.1341640786499874,0.3507135583350036,0.6363961030678927,0.7348469228349535,0.4743416490252569,0.3507135583350036,0.1341640786499874,2.6811758702480977
52,0.5049752469181039,0.41109609582188933,0.7348469228349535,0.3255764119219941,0.35916569992135944,0.1341640786499874,0.5049752469181039,0.41109609582188933,0.7348469228349535,0.3255764119219941,0.35916569992135944,0.1341640786499874,2.469824456068288
53,0.5118593556827891,0.4171330722922842,0.6387487769068525,0.4159326868617084,0.4438468204234429,0.11401754250991379,0.5118593556827891,0.4171330722922842,0.6387487769068525,0.4159326868617084,0.4438468204234429,0.11401754250991379,2.5415382546769907
54,0.3987480407475377,0.29154759474226505,0.5263078946776307,0.29832867780352595,0.3178049716414141,0.11401754250991379,0.3987480407475377,0.29154759474226505,0.5263078946776307,0.29832867780352595,0.3178049716414141,0.11401754250991379,1.9467547221222874
55,0.324037034920393,0.161245154965971,0.5079370039680118,0.22583179581272428,0.19748417658131498,0.21447610589527216,0.324037034920393,0.161245154965971,0.5079370039680118,0.22583179581272428,0.19748417658131498,0.21447610589527216,1.6310112721436871
56,0.3391164991562634,0.38987177379235854,0.5422176684690383,0.18708286933869708,0.14832396974191325,0.27748873851023215,0.3391164991562634,0.38987177379235854,0.5422176684690383,0.18708286933869708,0.14832396974191325,0.27748873851023215,1.8841015190085026
57,0.19235384061671346,0.4743416490252569,0.382099463490856,0.15165750888103102,0.1816590212458495,0.403732584763727,0.19235384061671346,0.4743416490252569,0.382099463490856,0.15165750888103102,0.1816590212458495,0.403732584763727,1.785844068023434
58,0.17888543819998318,0.3535533905932738,0.2966479394838265,0.07071067811865475,0.1414213562373095,0.20493901531919198,0.17888543819998318,0.3535533905932738,0.2966479394838265,0.07071067811865475,0.1414213562373095,0.20493901531919198,1.2461578179522397
59,0.22803508501982758,0.51478150704935,0.24899799195977465,0.21213203435596426,0.40987803063838396,0.7169379331573968,0.22803508501982758,0.51478150704935,0.24899799195977465,0.21213203435596426,0.40987803063838396,0.7169379331573968,2.3307625821806974
60,0.24899799195977465,0.73824115301167,0.11832159566199232,0.1414213562373095,0.5385164807134504,0.7416198487095663,0.24899799195977465,0.73824115301167,0.11832159566199232,0.1414213562373095,0.5385164807134504,0.7416198487095663,2.527118426293763
61,0.31622776601683794,0.7912016177940993,0.11401754250991379,0.20493901531919198,0.6,0.6603029607687672,0.31622776601683794,0.7912016177940993,0.11401754250991379,0.20493901531919198,0.6,0.6603029607687672,2.68668890240881
62,0.532916503778969,0.6371812928829597,0.232379000772445,0.27748873851023215,0.7563068160475614,1.3118688958886098,0.532916503778969,0.6371812928829597,0.232379000772445,0.27748873851023215,0.7563068160475614,1.3118688958886098,3.7481412478807767
63,0.7622335600063802,0.9289779329994874,0.47958315233127197,0.4472135954999579,0.9224966124599049,1.6861198059449987,0.7622335600063802,0.9289779329994874,0.47958315233127197,0.4472135954999579,0.9224966124599049,1.6861198059449987,5.226624659242001
64,0.6418722614352484,0.9262828941527529,0.3987480407475377,0.372827037646145,0.8366600265340756,1.6343194302216442,0.6418722614352484,0.9262828941527529,0.3987480407475377,0.372827037646145,0.8366600265340756,1.6343194302216442,4.810709690737404
65,0.5224940191045253,1.2891857895586656,0.3714835124201342,0.403732584763727,0.887130204648675,1.3475904422338414,0.5224940191045253,1.2891857895586656,0.3714835124201342,0.403732584763727,0.887130204648675,1.3475904422338414,4.8216165527295685
66,0.3331666249791536,1.192057045614848,0.2683281572999748,0.28460498941515416,0.7720103626247513,1.8579558659989748,0.3331666249791536,1.192057045614848,0.2683281572999748,0.28460498941515416,0.7720103626247513,1.8579558659989748,4.708123045932856
67,0.1,1.1937336386313322,0.19493588689617927,0.2863564212655271,0.5366563145999496,2.1042813500100217,0.1,1.1937336386313322,0.19493588689617927,0.2863564212655271,0.5366563145999496,2.1042813500100217,4.41596361140301
68,0.39370039370059057,1.4230249470757708,0.5108815909777921,0.9549869109050658,0.8049844718999243,6.089006487104444,0.39370039370059057,1.4230249470757708,0.5108815909777921,0.9549869109050658,0.8049844718999243,6.089006487104444,10.176584801663587
69,0.4242640687119285,0.2664582518894845,0.29832867780352595,0.37013511046643494,0.6870225614927067,1.2181953866272848,0.4242640687119285,0.2664582518894845,0.29832867780352595,0.37013511046643494,0.6870225614927067,1.2181953866272848,3.2644040569913653
70,0.5244044240850758,0.5079370039680118,0.14832396974191325,0.17888543819998318,0.6387487769068525,0.9874208829065749,0.5244044240850758,0.5079370039680118,0.14832396974191325,0.17888543819998318,0.6387487769068525,0.9874208829065749,2.9857204958084114
71,0.6434283176858164,1.3740451229854134,0.24289915602982237,0.3674234614174767,0.32710854467592254,0.21908902300206645,0.6434283176858164,1.3740451229854134,0.24289915602982237,0.3674234614174767,0.32710854467592254,0.21908902300206645,3.173993625796518
72,0.5138093031466052,1.2485992151206888,0.4074309757492673,0.36606010435446257,0.34058772731852804,0.15165750888103102,0.5138093031466052,1.2485992151206888,0.4074309757492673,0.36606010435446257,0.34058772731852804,0.15165750888103102,3.0281448345705826
73,0.3178049716414141,1.108602724153247,0.4242640687119285,0.3847076812334269,0.4527692569068708,0.1673320053068151,0.3178049716414141,1.108602724153247,0.4242640687119285,0.3847076812334269,0.4527692569068708,0.1673320053068151,2.8554807079537023
74,0.15811388300841897,1.0881176406988355,0.6140032573203501,0.4230839160261236,0.737563556583431,0.3346640106136302,0.15811388300841897,1.0881176406988355,0.6140032573203501,0.4230839160261236,0.737563556583431,0.3346640106136302,3.355546264250789
75,0.20976176963403032,0.7341661937191061,0.6260990336999411,0.40987803063838396,0.6196773353931867,0.3065941943351178,0.20976176963403032,0.7341661937191061,0.6260990336999411,0.40987803063838396,0.6196773353931867,0.3065941943351178,2.9061765574197658
76,0.18973665961010275,0.48373546489791297,0.5253570214625479,0.4049691346263318,0.3924283374069717,0.25298221281347033,0.18973665961010275,0.48373546489791297,0.5253570214625479,0.4049691346263318,0.3924283374069717,0.25298221281347033,2.2492088308173375
77,0.37549966711037175,0.17029386365926402,0.46475800154489,0.4230839160261236,0.2664582518894845,0.17029386365926402,0.37549966711037175,0.17029386365926402,0.46475800154489,0.4230839160261236,0.2664582518894845,0.17029386365926402,1.8703875638893979
78,0.5639148871948674,0.17888543819998318,0.5300943312279429,0.4868264577855234,0.30166206257996714,0.23664319132398465,0.5639148871948674,0.17888543819998318,0.5300943312279429,0.4868264577855234,0.30166206257996714,0.23664319132398465,2.298026368312269
79,0.47853944456021597,0.36055512754639896,0.4909175083453431,0.3687817782917155,0.30983866769659335,0.22803508501982758,0.47853944456021597,0.36055512754639896,0.4909175083453431,0.3687817782917155,0.30983866769659335,0.22803508501982758,2.2366676114600943
80,0.4571651780264984,0.4049691346263318,0.5263078946776307,0.3687817782917155,0.23874672772626646,0.19748417658131498,0.4571651780264984,0.4049691346263318,0.5263078946776307,0.3687817782917155,0.23874672772626646,0.19748417658131498,2.193454889929758
81,0.19235384061671346,0.31937438845342625,0.4049691346263318,0.36055512754639896,0.26267851073127396,0.12649110640673517,0.19235384061671346,0.31937438845342625,0.4049691346263318,0.36055512754639896,0.26267851073127396,0.12649110640673517,1.6664221083808795
82,0.15491933384829668,0.498998997994986,0.39749213828703583,0.3535533905932738,0.37416573867739417,0.07071067811865475,0.15491933384829668,0.498998997994986,0.39749213828703583,0.3535533905932738,0.37416573867739417,0.07071067811865475,1.8498402775196412
83,0.17606816861659008,0.4242640687119285,0.31464265445104544,0.41231056256176607,0.454972526643093,0.05477225575051661,0.17606816861659008,0.4242640687119285,0.31464265445104544,0.41231056256176607,0.454972526643093,0.05477225575051661,1.8370302367349398
84,0.3255764119219941,0.4147288270665544,0.21213203435596426,0.4827007354458868,0.5540758070878027,0.07071067811865475,0.3255764119219941,0.4147288270665544,0.21213203435596426,0.4827007354458868,0.5540758070878027,0.07071067811865475,2.059924493996857
85,0.4438468204234429,0.19493588689617927,0.22803508501982758,0.3924283374069717,0.43588989435406733,0.0,0.4438468204234429,0.19493588689617927,0.22803508501982758,0.3924283374069717,0.43588989435406733,0.0,1.695136024100489
86,0.38600518131237566,0.17320508075688773,0.27568097504180444,0.35777087639996635,0.33763886032268264,0.05477225575051661,0.38600518131237566,0.17320508075688773,0.27568097504180444,0.35777087639996635,0.33763886032268264,0.05477225575051661,1.5850732295842334
87,0.3082207001484488,0.18439088914585774,0.24083189157584592,0.38987177379235854,0.31464265445104544,0.044721359549995794,0.3082207001484488,0.18439088914585774,0.24083189157584592,0.38987177379235854,0.31464265445104544,0.044721359549995794,1.4826792686635524
88,0.2683281572999748,0.10488088481701516,0.24289915602982237,0.363318042491699,0.2469817807045694,0.06324555320336758,0.2683281572999748,0.10488088481701516,0.24289915602982237,0.363318042491699,0.2469817807045694,0.06324555320336758,1.2896535745464481
89,0.27568097504180444,0.07071067811865475,0.2569046515733026,0.3687817782917155,0.21447610589527216,0.07071067811865475,0.27568097504180444,0.07071067811865475,0.2569046515733026,0.3687817782917155,0.21447610589527216,0.07071067811865475,1.2572648670394044
90,0.324037034920393,0.20493901531919198,0.28809720581775866,0.34641016151377546,0.19493588689617927,0.0,0.324037034920393,0.20493901531919198,0.28809720581775866,0.34641016151377546,0.19493588689617927,0.0,1.3584193044672983
91,0.35496478698597694,0.4939635614091388,0.4438468204234429,0.3507135583350036,0.3563705936241092,0.08366600265340755,0.35496478698597694,0.4939635614091388,0.4438468204234429,0.3507135583350036,0.3563705936241092,0.08366600265340755,2.083525323431079
92,0.5069516742254631,0.887130204648675,0.623698645180507,0.31937438845342625,0.5224940191045253,0.35496478698597694,0.5069516742254631,0.887130204648675,0.623698645180507,0.31937438845342625,0.5224940191045253,0.35496478698597694,3.214613718598574
93,0.8209750300709517,1.3660161053223348,0.920869154657707,0.5079370039680118,1.059245014149229,0.6180614856144977,0.8209750300709517,1.3660161053223348,0.920869154657707,0.5079370039680118,1.059245014149229,0.6180614856144977,5.293103793782732
94,1.0559356040971437,1.7991664736760742,1.1063453348751464,0.618869937870632,1.3878040207464453,0.7021395872616784,1.0559356040971437,1.7991664736760742,1.1063453348751464,0.618869937870632,1.3878040207464453,0.7021395872616784,6.67026095852712
95,0.7661592523751182,1.6244999230532453,1.065833007557938,0.42544094772365293,1.2868566353716329,0.6300793600809346,0.7661592523751182,1.6244999230532453,1.065833007557938,0.42544094772365293,1.2868566353716329,0.6300793600809346,5.798869126162522
96,0.5558776843874919,1.1806777714516352,0.9115920140062659,0.41952353926806063,1.0723805294763609,0.5291502622129182,0.5558776843874919,1.1806777714516352,0.9115920140062659,0.41952353926806063,1.0723805294763609,0.5291502622129182,4.669201800802733
97,0.396232255123179,1.2425779653607254,0.7463243262818117,0.28809720581775866,0.812403840463596,0.39749213828703583,0.396232255123179,1.2425779653607254,0.7463243262818117,0.28809720581775866,0.812403840463596,0.39749213828703583,3.883127731334107
98,0.5549774770204643,1.2369316876852983,0.7042726744663603,0.2720294101747089,0.6220932405998316,0.32710854467592254,0.5549774770204643,1.2369316876852983,0.7042726744663603,0.2720294101747089,0.6220932405998316,0.32710854467592254,3.7174130346225858
99,0.433589667773576,0.8994442728707543,0.454972526643093,0.3286335345030997,0.29832867780352595,0.2569046515733026,0.433589667773576,0.8994442728707543,0.454972526643093,0.3286335345030997,0.29832867780352595,0.2569046515733026,2.6718733311673515
100,0.48579831205964474,0.807465169527454,0.29325756597230357,0.23664319132398465,0.07745966692414834,0.216794833886788,0.48579831205964474,0.807465169527454,0.29325756597230357,0.23664319132398465,0.07745966692414834,0.216794833886788,2.1174187396943234
101,0.39496835316262996,0.23664319132398465,0.2683281572999748,0.11401754250991379,0.3082207001484488,0.372827037646145,0.39496835316262996,0.23664319132398465,0.2683281572999748,0.11401754250991379,0.3082207001484488,0.372827037646145,1.6950049820910968
102,0.41109609582188933,0.2449489742783178,0.3646916505762094,0.18973665961010275,0.35496478698597694,0.3301514803843836,0.41109609582188933,0.2449489742783178,0.3646916505762094,0.18973665961010275,0.35496478698597694,0.3301514803843836,1.8955896476568799
103,0.3420526275297414,0.21908902300206645,0.35916569992135944,0.29154759474226505,0.3331666249791536,0.07745966692414834,0.3420526275297414,0.21908902300206645,0.35916569992135944,0.29154759474226505,0.3331666249791536,0.07745966692414834,1.6224812370987343
104,0.36606010435446257,0.3255764119219941,0.39749213828703583,0.3420526275297414,0.2966479394838265,0.09486832980505137,0.36606010435446257,0.3255764119219941,0.39749213828703583,0.3420526275297414,0.2966479394838265,0.09486832980505137,1.8226975513821115
105,0.3209361307176242,0.17320508075688773,0.37549966711037175,0.27386127875258304,0.24289915602982237,0.09486832980505137,0.3209361307176242,0.17320508075688773,0.37549966711037175,0.27386127875258304,0.24289915602982237,0.09486832980505137,1.4812696431723407
106,0.4074309757492673,0.2024845673131659,0.38340579025361626,0.30983866769659335,0.3346640106136302,0.06324555320336758,0.4074309757492673,0.2024845673131659,0.38340579025361626,0.30983866769659335,0.3346640106136302,0.06324555320336758,1.7010695648296408
107,0.4483302354291979,0.12649110640673517,0.45607017003965516,0.2,0.30331501776206204,0.07071067811865475,0.4483302354291979,0.12649110640673517,0.45607017003965516,0.2,0.30331501776206204,0.07071067811865475,1.6049172077563052
108,0.5431390245600107,0.16431676725154984,0.37013511046643494,0.3687817782917155,0.4538722287164087,0.05477225575051661,0.5431390245600107,0.16431676725154984,0.37013511046643494,0.3687817782917155,0.4538722287164087,0.05477225575051661,1.9550171650366364
109,0.47010637094172636,0.5594640292279746,0.27568097504180444,0.6403124237432849,0.758287544405155,0.14491376746189438,0.47010637094172636,0.5594640292279746,0.27568097504180444,0.6403124237432849,0.758287544405155,0.14491376746189438,2.84876511082184
110,0.42778499272414877,0.6542170893518451,0.3535533905932738,0.720416546173115,0.8348652585896721,0.17888543819998318,0.42778499272414877,0.6542170893518451,0.3535533905932738,0.720416546173115,0.8348652585896721,0.17888543819998318,3.169722715632038
111,0.2073644135332772,0.8921883209278185,0.4074309757492673,0.6833739825307955,0.9327379053088815,0.21213203435596426,0.2073644135332772,0.8921883209278185,0.4074309757492673,0.6833739825307955,0.9327379053088815,0.21213203435596426,3.3352276324060046
112,0.7848566748139434,1.0516653460107925,0.382099463490856,0.7700649323271382,1.067239429556461,0.2683281572999748,0.7848566748139434,1.0516653460107925,0.382099463490856,0.7700649323271382,1.067239429556461,0.2683281572999748,4.324254003499166
113,0.6363961030678927,0.7463243262818117,0.458257569495584,0.6172519744804386,0.737563556583431,0.17888543819998318,0.6363961030678927,0.7463243262818117,0.458257569495584,0.6172519744804386,0.737563556583431,0.17888543819998318,3.374678968109141
114,0.454972526643093,0.6123724356957945,0.4722287581247038,0.3065941943351178,0.37549966711037175,0.08944271909999159,0.454972526643093,0.6123724356957945,0.4722287581247038,0.3065941943351178,0.37549966711037175,0.08944271909999159,2.3111103010090726
115,0.8752142594816426,0.5385164807134504,0.5727128425310541,0.47644516998286385,0.31937438845342625,0.1,0.8752142594816426,0.5385164807134504,0.5727128425310541,0.47644516998286385,0.31937438845342625,0.1,2.8822631411624373
116,1.997498435543818,1.150651989091402,0.5049752469181039,1.3914021704740869,0.7668115805072325,0.4219004621945797,1.997498435543818,1.150651989091402,0.5049752469181039,1.3914021704740869,0.7668115805072325,0.4219004621945797,6.233239884729222
117,4.72810744378763,1.7567014544310027,4.14282512302897,2.8305476501906837,1.9393297811357408,0.6090976933136424,4.72810744378763,1.7567014544310027,4.14282512302897,2.8305476501906837,1.9393297811357408,0.6090976933136424,16.00660914588767
118,4.768542754343302,2.080865204668481,3.899358921669048,2.4867649667791287,1.2565826673959815,0.7987490219086343,4.768542754343302,2.080865204668481,3.899358921669048,2.4867649667791287,1.2565826673959815,0.7987490219086343,15.290863536764576
119,2.1849485119791723,1.4324803663575987,0.47644516998286385,1.5633297796690242,1.0954451150103321,0.5310367218940701,2.1849485119791723,1.4324803663575987,0.47644516998286385,1.5633297796690242,1.0954451150103321,0.5310367218940701,7.283685664893062
120,1.1606032913963324,0.8221921916437787,0.73824115301167,0.8306623862918074,0.8099382692526635,0.28809720581775866,1.1606032913963324,0.8221921916437787,0.73824115301167,0.8306623862918074,0.8099382692526635,0.28809720581775866,4.649734497414011
121,0.7661592523751182,0.6228964600958975,0.6268971207462992,0.5856620185738529,0.5761944116355173,0.18439088914585774,0.7661592523751182,0.6228964600958975,0.6268971207462992,0.5856620185738529,0.5761944116355173,0.18439088914585774,3.362200152572543
122,0.4722287581247038,0.4679743582719036,0.48579831205964474,0.6457553716385176,0.5567764362830022,0.15811388300841897,0.4722287581247038,0.4679743582719036,0.48579831205964474,0.6457553716385176,0.5567764362830022,0.15811388300841897,2.786647119386191
123,0.1341640786499874,0.2792848008753788,0.39115214431215894,0.4207136793592526,0.23021728866442676,0.15165750888103102,0.1341640786499874,0.2792848008753788,0.39115214431215894,0.4207136793592526,0.23021728866442676,0.15165750888103102,1.6071895007422354
124,0.12649110640673517,0.044721359549995794,0.25298221281347033,0.41109609582188933,0.1673320053068151,0.07071067811865475,0.12649110640673517,0.044721359549995794,0.25298221281347033,0.41109609582188933,0.1673320053068151,0.07071067811865475,1.0733334580175604
125,0.15491933384829668,0.22360679774997896,0.232379000772445,0.406201920231798,0.10488088481701516,0.09486832980505137,0.15491933384829668,0.22360679774997896,0.232379000772445,0.406201920231798,0.10488088481701516,0.09486832980505137,1.216856267224585
126,0.2024845673131659,0.20976176963403032,0.1816590212458495,0.3619392214170772,0.19748417658131498,0.07745966692414834,0.2024845673131659,0.20976176963403032,0.1816590212458495,0.3619392214170772,0.19748417658131498,0.07745966692414834,1.2307884231155861
127,0.2863564212655271,0.24899799195977465,0.15491933384829668,0.39496835316262996,0.29325756597230357,0.06324555320336758,0.2863564212655271,0.24899799195977465,0.15491933384829668,0.39496835316262996,0.29325756597230357,0.06324555320336758,1.4417452194118996
128,0.2664582518894845,0.22360679774997896,0.1224744871391589,0.3391164991562634,0.2469817807045694,0.03162277660168379,0.2664582518894845,0.22360679774997896,0.1224744871391589,0.3391164991562634,0.2469817807045694,0.03162277660168379,1.230260593241139
129,0.29325756597230357,0.16431676725154984,0.1224744871391589,0.4301162633521313,0.3331666249791536,0.044721359549995794,0.29325756597230357,0.16431676725154984,0.1224744871391589,0.4301162633521313,0.3331666249791536,0.044721359549995794,1.388053068244293
130,0.19235384061671346,0.32710854467592254,0.18439088914585774,0.37013511046643494,0.2469817807045694,0.07745966692414834,0.19235384061671346,0.32710854467592254,0.18439088914585774,0.37013511046643494,0.2469817807045694,0.07745966692414834,1.3984298325336464
131,0.17320508075688773,0.3361547262794322,0.2863564212655271,0.21213203435596426,0.2024845673131659,0.08366600265340755,0.17320508075688773,0.3361547262794322,0.2863564212655271,0.21213203435596426,0.2024845673131659,0.08366600265340755,1.2939988326243845
132,0.19493588689617927,0.3331666249791536,0.33166247903553997,0.161245154965971,0.17888543819998318,0.07071067811865475,0.19493588689617927,0.3331666249791536,0.33166247903553997,0.161245154965971,0.17888543819998318,0.07071067811865475,1.270606262195482
133,0.17888543819998318,0.48062459362791665,0.46151923036857306,0.12649110640673517,0.17029386365926402,0.10954451150103323,0.17888543819998318,0.48062459362791665,0.46151923036857306,0.12649110640673517,0.17029386365926402,0.10954451150103323,1.527358743763505
134,0.1224744871391589,0.3674234614174767,0.42544094772365293,0.14832396974191325,0.15165750888103102,0.1224744871391589,0.1224744871391589,0.3674234614174767,0.42544094772365293,0.14832396974191325,0.15165750888103102,0.1224744871391589,1.3377948620423918
135,0.14491376746189438,0.2469817807045694,0.396232255123179,0.044721359549995794,0.13784048752090222,0.11832159566199232,0.14491376746189438,0.2469817807045694,0.396232255123179,0.044721359549995794,0.13784048752090222,0.11832159566199232,1.0890112460225332
136,0.17888543819998318,0.3872983346207417,0.5504543577809153,0.12649110640673517,0.15491933384829668,0.130384048104053,0.17888543819998318,0.3872983346207417,0.5504543577809153,0.12649110640673517,0.15491933384829668,0.130384048104053,1.528432618960725
137,0.07745966692414834,0.4527692569068708,0.5612486080160912,0.2449489742783178,0.18439088914585774,0.1414213562373095,0.07745966692414834,0.4527692569068708,0.5612486080160912,0.2449489742783178,0.18439088914585774,0.1414213562373095,1.6622387515085952
138,0.07071067811865475,0.35777087639996635,0.5059644256269407,0.34058772731852804,0.2569046515733026,0.1673320053068151,0.07071067811865475,0.35777087639996635,0.5059644256269407,0.34058772731852804,0.2569046515733026,0.1673320053068151,1.6992703643442075
139,0.19493588689617927,0.4289522117905443,0.5531726674375732,0.37682887362833545,0.27568097504180444,0.1414213562373095,0.19493588689617927,0.4289522117905443,0.5531726674375732,0.37682887362833545,0.27568097504180444,0.1414213562373095,1.970991971031746
140,0.1341640786499874,0.6049793384901669,0.6833739825307955,0.5504543577809153,0.3449637662132068,0.11832159566199232,0.1341640786499874,0.6049793384901669,0.6833739825307955,0.5504543577809153,0.3449637662132068,0.11832159566199232,2.436257119327064
141,0.39496835316262996,0.9528903399657277,0.5366563145999496,0.7042726744663603,0.29832867780352595,0.2569046515733026,0.39496835316262996,0.9528903399657277,0.5366563145999496,0.7042726744663603,0.29832867780352595,0.2569046515733026,3.144021011571496
142,0.7409453421137082,1.395707705789432,0.5291502622129182,1.241772926102031,0.39749213828703583,0.5558776843874919,0.7409453421137082,1.395707705789432,0.5291502622129182,1.241772926102031,0.39749213828703583,0.5558776843874919,4.860946058892617
143,0.792464510246358,1.2349089035228469,0.454972526643093,1.0084641788382966,0.6363961030678927,0.5079370039680118,0.792464510246358,1.2349089035228469,0.454972526643093,1.0084641788382966,0.6363961030678927,0.5079370039680118,4.635143226286499
144,1.1811011811017718,1.520855022676389,0.8312640976248162,0.8324662155306964,0.7259476565152615,0.8538149682454624,1.1811011811017718,1.520855022676389,0.8312640976248162,0.8324662155306964,0.7259476565152615,0.8538149682454624,5.945449141694397
145,1.5303594349041012,1.6884904500766358,1.4556785359412292,0.3924283374069717,0.5865151319446071,1.0276186062932104,1.5303594349041012,1.6884904500766358,1.4556785359412292,0.3924283374069717,0.5865151319446071,1.0276186062932104,6.681090496566756
146,1.819890106572372,1.4737706741552432,2.4827404213892357,1.2320714265009152,1.506983742447144,1.0059821071967434,1.819890106572372,1.4737706741552432,2.4827404213892357,1.2320714265009152,1.506983742447144,1.0059821071967434,9.521438478261654
147,2.234725933979377,1.8737662607700034,3.4899856733230297,2.3293775992741064,2.294558781116753,1.284912448379266,2.234725933979377,1.8737662607700034,3.4899856733230297,2.3293775992741064,2.294558781116753,1.284912448379266,13.507326696842537
148,2.224859546128699,2.5487251715318386,3.483245612930561,2.9289930010158782,2.2509997778764883,2.3207757323791545,2.224859546128699,2.5487251715318386,3.483245612930561,2.9289930010158782,2.2509997778764883,2.3207757323791545,15.757598841862618
149,1.6967616214424464,1.794435844492636,2.407072911234722,1.9793938466106233,1.4092551223962253,1.3175735273600484,1.6967616214424464,1.794435844492636,2.407072911234722,1.9793938466106233,1.4092551223962253,1.3175735273600484,10.604492873536701
150,1.3689411966918084,1.744133022449836,1.4258330898110059,1.5224979474534606,0.5531726674375732,1.0285912696499033,1.3689411966918084,1.744133022449836,1.4258330898110059,1.5224979474534606,0.5531726674375732,1.0285912696499033,7.643169193493588
151,0.8467585252006619,1.2513992168768526,0.5468089245796927,1.1099549540409286,0.41109609582188933,0.4909175083453431,0.8467585252006619,1.2513992168768526,0.5468089245796927,1.1099549540409286,0.41109609582188933,0.4909175083453431,4.656935224865369
152,0.7993747556684537,0.8520563361656317,0.4171330722922842,0.3987480407475377,0.17029386365926402,0.35213633723318016,0.7993747556684537,0.8520563361656317,0.4171330722922842,0.3987480407475377,0.17029386365926402,0.35213633723318016,2.9897424057663518
153,0.6884765791223402,0.6906518659932803,0.43588989435406733,0.6049793384901669,0.31144823004794875,0.130384048104053,0.6884765791223402,0.6906518659932803,0.43588989435406733,0.6049793384901669,0.31144823004794875,0.130384048104053,2.8618299561118565
154,0.9476286192385707,0.8502940667792526,0.8602325267042626,0.8455767262643882,0.48062459362791665,0.18973665961010275,0.9476286192385707,0.8502940667792526,0.8602325267042626,0.8455767262643882,0.48062459362791665,0.18973665961010275,4.174093192224493
155,0.847938677028003,0.6457553716385176,0.677495387438173,0.7829431652425354,0.31464265445104544,0.29325756597230357,0.847938677028003,0.6457553716385176,0.677495387438173,0.7829431652425354,0.31464265445104544,0.29325756597230357,3.562032821770578
156,0.5338539126015656,0.23021728866442676,0.20976176963403032,0.4919349550499537,0.498998997994986,0.44944410108488464,0.5338539126015656,0.23021728866442676,0.20976176963403032,0.4919349550499537,0.498998997994986,0.44944410108488464,2.414211025029847
157,0.22360679774997896,0.22583179581272428,0.31622776601683794,0.20493901531919198,0.41352146256270667,0.41952353926806063,0.22360679774997896,0.22583179581272428,0.31622776601683794,0.20493901531919198,0.41352146256270667,0.41952353926806063,1.8036503767295007
158,0.2,0.4147288270665544,0.232379000772445,0.18708286933869708,0.4393176527297759,0.4012480529547776,0.2,0.4147288270665544,0.232379000772445,0.18708286933869708,0.4393176527297759,0.4012480529547776,1.8747564028622499
159,0.1414213562373095,0.458257569495584,0.21447610589527216,0.10488088481701516,0.3563705936241092,0.2810693864511039,0.1414213562373095,0.458257569495584,0.21447610589527216,0.10488088481701516,0.3563705936241092,0.2810693864511039,1.5564758965203938
160,0.18439088914585774,0.6172519744804386,0.24083189157584592,0.08944271909999159,0.4012480529547776,0.32710854467592254,0.18439088914585774,0.6172519744804386,0.24083189157584592,0.08944271909999159,0.4012480529547776,0.32710854467592254,1.860274071932834
161,0.17606816861659008,0.5983310120660636,0.17606816861659008,0.11832159566199232,0.29154759474226505,0.2469817807045694,0.17606816861659008,0.5983310120660636,0.17606816861659008,0.11832159566199232,0.29154759474226505,0.2469817807045694,1.6073183204080705
162,0.17888543819998318,0.38340579025361626,0.18439088914585774,0.17320508075688773,0.1816590212458495,0.21908902300206645,0.17888543819998318,0.38340579025361626,0.18439088914585774,0.17320508075688773,0.1816590212458495,0.21908902300206645,1.320635242604261
163,0.18708286933869708,0.29154759474226505,0.15811388300841897,0.3082207001484488,0.17320508075688773,0.363318042491699,0.18708286933869708,0.29154759474226505,0.15811388300841897,0.3082207001484488,0.17320508075688773,0.363318042491699,1.4814881704864167
164,0.22803508501982758,0.14832396974191325,0.14491376746189438,0.8252272414311104,0.9518403227432635,0.20976176963403032,0.22803508501982758,0.14832396974191325,0.14491376746189438,0.8252272414311104,0.9518403227432635,0.20976176963403032,2.5081021560320393
165,0.17029386365926402,0.1224744871391589,0.25099800796022265,1.4584238067173751,1.7334935823359716,0.7661592523751182,0.17029386365926402,0.1224744871391589,0.25099800796022265,1.4584238067173751,1.7334935823359716,0.7661592523751182,4.50184300018711
166,0.18439088914585774,0.10954451150103323,0.43703546766824314,5.514707607842867,6.452286416457348,4.188078318274385,0.18439088914585774,0.10954451150103323,0.43703546766824314,5.514707607842867,6.452286416457348,4.188078318274385,16.886043210889735
