r_number,displacement_mode_7_chain_A,displacement_mode_8_chain_A,displacement_mode_9_chain_A,displacement_mode_10_chain_A,displacement_mode_11_chain_A,displacement_mode_12_chain_A,displacement_mode_7,displacement_mode_8,displacement_mode_9,displacement_mode_10,displacement_mode_11,displacement_mode_12,displacement
1,0.19748417658131498,0.07745966692414834,0.34641016151377546,0.5128352561983234,0.5,0.33166247903553997,0.19748417658131498,0.07745966692414834,0.34641016151377546,0.5128352561983234,0.5,0.33166247903553997,1.9658517402531022
2,0.20493901531919198,0.18439088914585774,0.26267851073127396,0.09486832980505137,0.5079370039680118,0.30983866769659335,0.20493901531919198,0.18439088914585774,0.26267851073127396,0.09486832980505137,0.5079370039680118,0.30983866769659335,1.5646524166659803
3,0.1414213562373095,0.3286335345030997,0.24289915602982237,0.17029386365926402,0.4159326868617084,0.38340579025361626,0.1414213562373095,0.3286335345030997,0.24289915602982237,0.17029386365926402,0.4159326868617084,0.38340579025361626,1.6825863875448204
4,0.13784048752090222,0.3646916505762094,0.2024845673131659,0.18708286933869708,0.2792848008753788,0.4404543109109048,0.13784048752090222,0.3646916505762094,0.2024845673131659,0.18708286933869708,0.2792848008753788,0.4404543109109048,1.611838686535258
5,0.17606816861659008,0.5253570214625479,0.34641016151377546,0.17029386365926402,0.3346640106136302,0.6418722614352484,0.17606816861659008,0.5253570214625479,0.34641016151377546,0.17029386365926402,0.3346640106136302,0.6418722614352484,2.1946654873010565
6,0.15491933384829668,0.4604345773288535,0.39496835316262996,0.23664319132398465,0.4,0.73348483283569,0.15491933384829668,0.4604345773288535,0.39496835316262996,0.23664319132398465,0.4,0.73348483283569,2.3804502884994547
7,0.23021728866442676,0.5282045058497703,0.5385164807134504,0.27568097504180444,0.3619392214170772,0.8093207028119322,0.23021728866442676,0.5282045058497703,0.5385164807134504,0.27568097504180444,0.3619392214170772,0.8093207028119322,2.743879174498461
8,0.1414213562373095,0.4868264577855234,0.5830951894845301,0.2683281572999748,0.4438468204234429,0.8024961059095552,0.1414213562373095,0.4868264577855234,0.5830951894845301,0.2683281572999748,0.4438468204234429,0.8024961059095552,2.726014087140336
9,0.17029386365926402,0.5468089245796927,0.45607017003965516,0.21447610589527216,0.4301162633521313,0.7042726744663603,0.17029386365926402,0.5468089245796927,0.45607017003965516,0.21447610589527216,0.4301162633521313,0.7042726744663603,2.522038001992376
10,0.15811388300841897,0.4909175083453431,0.3301514803843836,0.1673320053068151,0.41952353926806063,0.6220932405998316,0.15811388300841897,0.4909175083453431,0.3301514803843836,0.1673320053068151,0.41952353926806063,0.6220932405998316,2.188131656912853
11,0.130384048104053,0.29325756597230357,0.1673320053068151,0.15165750888103102,0.3507135583350036,0.48373546489791297,0.130384048104053,0.29325756597230357,0.1673320053068151,0.15165750888103102,0.3507135583350036,0.48373546489791297,1.5770801514971193
12,0.1341640786499874,0.25298221281347033,0.20493901531919198,0.2,0.4230839160261236,0.34058772731852804,0.1341640786499874,0.25298221281347033,0.20493901531919198,0.2,0.4230839160261236,0.34058772731852804,1.5557569501273012
13,0.22803508501982758,0.1816590212458495,0.232379000772445,0.17029386365926402,0.3687817782917155,0.26267851073127396,0.22803508501982758,0.1816590212458495,0.232379000772445,0.17029386365926402,0.3687817782917155,0.26267851073127396,1.4438272597203754
14,0.2449489742783178,0.18708286933869708,0.3209361307176242,0.17320508075688773,0.3286335345030997,0.48373546489791297,0.2449489742783178,0.18708286933869708,0.3209361307176242,0.17320508075688773,0.3286335345030997,0.48373546489791297,1.7385420544925396
15,0.3535533905932738,0.3714835124201342,0.3301514803843836,0.19748417658131498,0.18439088914585774,0.6534523701081816,0.3535533905932738,0.3714835124201342,0.3301514803843836,0.19748417658131498,0.18439088914585774,0.6534523701081816,2.0905158192331457
16,0.232379000772445,0.6884765791223402,0.2701851217221259,0.3987480407475377,0.18439088914585774,0.689202437604511,0.232379000772445,0.6884765791223402,0.2701851217221259,0.3987480407475377,0.18439088914585774,0.689202437604511,2.4633820691148176
17,0.35777087639996635,0.9241212041718337,0.29154759474226505,0.4722287581247038,0.363318042491699,0.6457553716385176,0.35777087639996635,0.9241212041718337,0.29154759474226505,0.4722287581247038,0.363318042491699,0.6457553716385176,3.0547418475689856
18,0.5128352561983234,1.1144505372604026,0.260768096208106,0.5882176467941097,0.5412947441089743,0.6603029607687672,0.5128352561983234,1.1144505372604026,0.260768096208106,0.5882176467941097,0.5412947441089743,0.6603029607687672,3.6778692413386826
19,0.4242640687119285,0.807465169527454,0.19493588689617927,0.47644516998286385,0.48373546489791297,0.5966573556070519,0.4242640687119285,0.807465169527454,0.19493588689617927,0.47644516998286385,0.48373546489791297,0.5966573556070519,2.98350311562339
20,0.2449489742783178,0.6058052492344383,0.21908902300206645,0.39115214431215894,0.33166247903553997,0.5949789912257406,0.2449489742783178,0.6058052492344383,0.21908902300206645,0.39115214431215894,0.33166247903553997,0.5949789912257406,2.387636861088262
21,0.23021728866442676,0.9197825830053535,0.28809720581775866,0.4979959839195493,0.38600518131237566,0.6058052492344383,0.23021728866442676,0.9197825830053535,0.28809720581775866,0.4979959839195493,0.38600518131237566,0.6058052492344383,2.927903491953902
22,0.09486832980505137,0.9455157322858251,0.31937438845342625,0.48579831205964474,0.3714835124201342,0.6760177512462229,0.09486832980505137,0.9455157322858251,0.31937438845342625,0.48579831205964474,0.3714835124201342,0.6760177512462229,2.8930580262703045
23,0.09486832980505137,0.692098258919931,0.3,0.38340579025361626,0.3286335345030997,0.5813776741499453,0.09486832980505137,0.692098258919931,0.3,0.38340579025361626,0.3286335345030997,0.5813776741499453,2.380383587631644
24,0.1341640786499874,0.6603029607687672,0.29832867780352595,0.2949576240750525,0.19493588689617927,0.5440588203494178,0.1341640786499874,0.6603029607687672,0.29832867780352595,0.2949576240750525,0.19493588689617927,0.5440588203494178,2.1267480485429298
25,0.2,0.8402380615040002,0.36055512754639896,0.2469817807045694,0.1816590212458495,0.5744562646538028,0.2,0.8402380615040002,0.36055512754639896,0.2469817807045694,0.1816590212458495,0.5744562646538028,2.4038902556546207
26,0.25495097567963926,0.7905694150420949,0.3674234614174767,0.25495097567963926,0.3619392214170772,0.5576737397439474,0.25495097567963926,0.7905694150420949,0.3674234614174767,0.25495097567963926,0.3619392214170772,0.5576737397439474,2.5875077889798748
27,0.29832867780352595,0.4919349550499537,0.3,0.13784048752090222,0.31464265445104544,0.39370039370059057,0.29832867780352595,0.4919349550499537,0.3,0.13784048752090222,0.31464265445104544,0.39370039370059057,1.9364471685260178
28,0.30495901363953815,0.3420526275297414,0.260768096208106,0.2449489742783178,0.3492849839314596,0.27568097504180444,0.30495901363953815,0.3420526275297414,0.260768096208106,0.2449489742783178,0.3492849839314596,0.27568097504180444,1.7776946706289674
29,0.33166247903553997,0.4171330722922842,0.2792848008753788,0.46151923036857306,0.6300793600809346,0.5244044240850758,0.33166247903553997,0.4171330722922842,0.2792848008753788,0.46151923036857306,0.6300793600809346,0.5244044240850758,2.644083366737786
30,0.31622776601683794,0.4404543109109048,0.22360679774997896,0.41952353926806063,0.6196773353931867,0.5108815909777921,0.31622776601683794,0.4404543109109048,0.22360679774997896,0.41952353926806063,0.6196773353931867,0.5108815909777921,2.530371340316761
31,0.2701851217221259,0.18973665961010275,0.08944271909999159,0.29832867780352595,0.4732863826479693,0.36055512754639896,0.2701851217221259,0.18973665961010275,0.08944271909999159,0.29832867780352595,0.4732863826479693,0.36055512754639896,1.6815346884301143
32,0.29832867780352595,0.11401754250991379,0.11401754250991379,0.6442049363362563,0.7259476565152615,0.5167204273105526,0.29832867780352595,0.11401754250991379,0.11401754250991379,0.6442049363362563,0.7259476565152615,0.5167204273105526,2.413236782985424
33,0.3346640106136302,0.38987177379235854,0.05477225575051661,0.7687652437513027,0.9186947262284682,0.7720103626247513,0.3346640106136302,0.38987177379235854,0.05477225575051661,0.7687652437513027,0.9186947262284682,0.7720103626247513,3.2387783727610273
34,0.2792848008753788,0.5630275304103699,0.11401754250991379,0.4230839160261236,0.6811754546370561,0.7476630257007498,0.2792848008753788,0.5630275304103699,0.11401754250991379,0.4230839160261236,0.6811754546370561,0.7476630257007498,2.808252270159592
35,0.2664582518894845,0.6252999280345393,0.21213203435596426,0.44609416046390926,0.6196773353931867,0.6488451279003333,0.2664582518894845,0.6252999280345393,0.21213203435596426,0.44609416046390926,0.6196773353931867,0.6488451279003333,2.8185068380374174
36,0.18708286933869708,0.5196152422706632,0.20493901531919198,0.2664582518894845,0.25495097567963926,0.4472135954999579,0.18708286933869708,0.5196152422706632,0.20493901531919198,0.2664582518894845,0.25495097567963926,0.4472135954999579,1.880259949997634
37,0.17320508075688773,0.6610597552415364,0.2792848008753788,0.216794833886788,0.17606816861659008,0.6465291950097846,0.17320508075688773,0.6610597552415364,0.2792848008753788,0.216794833886788,0.17606816861659008,0.6465291950097846,2.1529418343869655
38,0.12649110640673517,0.7042726744663603,0.3807886552931954,0.31937438845342625,0.216794833886788,0.6220932405998316,0.12649110640673517,0.7042726744663603,0.3807886552931954,0.31937438845342625,0.216794833886788,0.6220932405998316,2.369814899106337
39,0.07071067811865475,0.5796550698475775,0.3478505426185217,0.30495901363953815,0.3449637662132068,0.2701851217221259,0.07071067811865475,0.5796550698475775,0.3478505426185217,0.30495901363953815,0.3449637662132068,0.2701851217221259,1.9183241921596248
40,0.1,0.37013511046643494,0.4147288270665544,0.2810693864511039,0.43243496620879307,0.11832159566199232,0.1,0.37013511046643494,0.4147288270665544,0.2810693864511039,0.43243496620879307,0.11832159566199232,1.7166898858548787
41,0.07745966692414834,0.22583179581272428,0.4593473631142341,0.18708286933869708,0.3794733192202055,0.28982753492378877,0.07745966692414834,0.22583179581272428,0.4593473631142341,0.18708286933869708,0.3794733192202055,0.28982753492378877,1.6190225493337982
42,0.4505552130427524,0.4774934554525329,0.4171330722922842,0.08366600265340755,0.3420526275297414,0.2863564212655271,0.4505552130427524,0.4774934554525329,0.4171330722922842,0.08366600265340755,0.3420526275297414,0.2863564212655271,2.0572567922362452
43,0.5839520528262573,0.593295878967653,0.5458937625582472,0.16431676725154984,0.3714835124201342,0.363318042491699,0.5839520528262573,0.593295878967653,0.5458937625582472,0.16431676725154984,0.3714835124201342,0.363318042491699,2.6222600165155407
44,0.403732584763727,0.5822370651203855,0.7293833011524188,0.24289915602982237,0.2720294101747089,0.22135943621178655,0.403732584763727,0.5822370651203855,0.7293833011524188,0.24289915602982237,0.2720294101747089,0.22135943621178655,2.4516409534528494
45,0.48166378315169184,0.8031189202104505,0.9159694318043589,0.27568097504180444,0.2449489742783178,0.2720294101747089,0.48166378315169184,0.8031189202104505,0.9159694318043589,0.27568097504180444,0.2449489742783178,0.2720294101747089,2.9934114946613324
46,0.35777087639996635,0.8130190649671138,0.9027735042633894,0.2469817807045694,0.14832396974191325,0.2588435821108957,0.35777087639996635,0.8130190649671138,0.9027735042633894,0.2469817807045694,0.14832396974191325,0.2588435821108957,2.727712778187848
47,0.5822370651203855,0.6260990336999411,0.7687652437513027,0.12649110640673517,0.3346640106136302,0.31622776601683794,0.5822370651203855,0.6260990336999411,0.7687652437513027,0.12649110640673517,0.3346640106136302,0.31622776601683794,2.7544842256088327
48,0.6049793384901669,0.5458937625582472,0.744983221287567,0.1,0.3346640106136302,0.36606010435446257,0.6049793384901669,0.5458937625582472,0.744983221287567,0.1,0.3346640106136302,0.36606010435446257,2.696580437304074
49,0.4949747468305833,0.3646916505762094,0.5403702434442518,0.07745966692414834,0.22135943621178655,0.4732863826479693,0.4949747468305833,0.3646916505762094,0.5403702434442518,0.07745966692414834,0.22135943621178655,0.4732863826479693,2.1721421266349483
50,0.40987803063838396,0.18973665961010275,0.5366563145999496,0.07745966692414834,0.22360679774997896,0.4774934554525329,0.40987803063838396,0.18973665961010275,0.5366563145999496,0.07745966692414834,0.22360679774997896,0.4774934554525329,1.9148309249750963
51,0.5118593556827891,0.3535533905932738,0.4969909455915671,0.05477225575051661,0.2569046515733026,0.6526867548832288,0.5118593556827891,0.3535533905932738,0.4969909455915671,0.05477225575051661,0.2569046515733026,0.6526867548832288,2.326767354074678
52,0.33166247903553997,0.454972526643093,0.4230839160261236,0.13784048752090222,0.27568097504180444,0.5300943312279429,0.33166247903553997,0.454972526643093,0.4230839160261236,0.13784048752090222,0.27568097504180444,0.5300943312279429,2.153334715495406
53,0.3,0.3286335345030997,0.21213203435596426,0.11832159566199232,0.25298221281347033,0.2345207879911715,0.3,0.3286335345030997,0.21213203435596426,0.11832159566199232,0.25298221281347033,0.2345207879911715,1.446590165325698
54,0.3255764119219941,0.5009990019950139,0.3209361307176242,0.27386127875258304,0.6610597552415364,0.40249223594996214,0.3255764119219941,0.5009990019950139,0.3209361307176242,0.27386127875258304,0.6610597552415364,0.40249223594996214,2.4849248145787137
55,0.216794833886788,0.7694153624668538,0.39115214431215894,0.324037034920393,0.7106335201775947,0.40249223594996214,0.216794833886788,0.7694153624668538,0.39115214431215894,0.324037034920393,0.7106335201775947,0.40249223594996214,2.8145251317137507
56,0.17888543819998318,0.8191458966508958,0.3794733192202055,0.4159326868617084,0.7962411694957753,0.3286335345030997,0.17888543819998318,0.8191458966508958,0.3794733192202055,0.4159326868617084,0.7962411694957753,0.3286335345030997,2.9183120449316675
57,0.4929503017546495,0.7745966692414834,0.34351128074635334,0.5176871642217914,1.1344602240713422,0.2469817807045694,0.4929503017546495,0.7745966692414834,0.34351128074635334,0.5176871642217914,1.1344602240713422,0.2469817807045694,3.510187420740189
58,0.7615773105863908,1.0449880382090506,0.39749213828703583,0.6356099432828282,1.556920036482285,0.21213203435596426,0.7615773105863908,1.0449880382090506,0.39749213828703583,0.6356099432828282,1.556920036482285,0.21213203435596426,4.608719501203554
59,0.6526867548832288,1.0449880382090506,0.3492849839314596,0.5594640292279746,1.4258330898110059,0.37682887362833545,0.6526867548832288,1.0449880382090506,0.3492849839314596,0.5594640292279746,1.4258330898110059,0.37682887362833545,4.409085769691055
60,0.4393176527297759,1.2798437404620924,0.41231056256176607,0.5882176467941097,1.3856406460551018,0.5958187643906492,0.4393176527297759,1.2798437404620924,0.41231056256176607,0.5882176467941097,1.3856406460551018,0.5958187643906492,4.701149012993494
61,0.39370039370059057,1.1144505372604026,0.39749213828703583,0.5108815909777921,1.3266499161421599,1.079814798935447,0.39370039370059057,1.1144505372604026,0.39749213828703583,0.5108815909777921,1.3266499161421599,1.079814798935447,4.822989375303427
62,0.28809720581775866,1.0212737145349429,0.4679743582719036,0.31304951684997057,0.9904544411531506,1.0188228501560024,0.28809720581775866,1.0212737145349429,0.4679743582719036,0.31304951684997057,0.9904544411531506,1.0188228501560024,4.099672086783729
63,0.5621387729022078,0.864291617453276,0.4743416490252569,0.5585696017507576,1.7472836060582724,1.3187114923287808,0.5621387729022078,0.864291617453276,0.4743416490252569,0.5585696017507576,1.7472836060582724,1.3187114923287808,5.5253367395185515
64,0.6123724356957945,0.24289915602982237,0.5069516742254631,0.5576737397439474,1.769745744450315,0.4483302354291979,0.6123724356957945,0.24289915602982237,0.5069516742254631,0.5576737397439474,1.769745744450315,0.4483302354291979,4.137972985574541
65,0.5890670590009256,0.8555699854482975,0.6024948132556828,0.39496835316262996,1.3337915879176927,0.4207136793592526,0.5890670590009256,0.8555699854482975,0.6024948132556828,0.39496835316262996,1.3337915879176927,0.4207136793592526,4.196605478144481
66,0.5357238094391549,1.9034179782696181,1.1366617790706257,1.1260550608207398,0.2569046515733026,1.3315404612703288,0.5357238094391549,1.9034179782696181,1.1366617790706257,1.1260550608207398,0.2569046515733026,1.3315404612703288,6.29030374044377
67,0.34351128074635334,1.395707705789432,0.5787918451395113,0.7803845206050668,0.5468089245796927,0.8752142594816426,0.34351128074635334,1.395707705789432,0.5787918451395113,0.7803845206050668,0.5468089245796927,0.8752142594816426,4.520418536341699
68,0.11832159566199232,1.1224972160321824,0.4753945729601885,0.6363961030678927,0.498998997994986,0.8467585252006619,0.11832159566199232,1.1224972160321824,0.4753945729601885,0.6363961030678927,0.498998997994986,0.8467585252006619,3.698367010917904
69,0.40249223594996214,0.9959919678390986,0.3492849839314596,0.6708203932499369,0.6685805860178712,0.8608135686662938,0.40249223594996214,0.9959919678390986,0.3492849839314596,0.6708203932499369,0.6685805860178712,0.8608135686662938,3.9479837356546224
70,0.5244044240850758,0.5873670062235365,0.2073644135332772,0.4207136793592526,0.46151923036857306,0.7556454194925024,0.5244044240850758,0.5873670062235365,0.2073644135332772,0.4207136793592526,0.46151923036857306,0.7556454194925024,2.9570141730622175
71,0.48062459362791665,0.3781534080237807,0.11832159566199232,0.4505552130427524,0.5761944116355173,0.5244044240850758,0.48062459362791665,0.3781534080237807,0.11832159566199232,0.4505552130427524,0.5761944116355173,0.5244044240850758,2.5282536460770357
72,0.5612486080160912,0.07745966692414834,0.1,0.2810693864511039,0.37682887362833545,0.18439088914585774,0.5612486080160912,0.07745966692414834,0.1,0.2810693864511039,0.37682887362833545,0.18439088914585774,1.5809974241655365
73,0.8246211251235321,0.32710854467592254,0.2024845673131659,0.47116875957558985,0.812403840463596,0.6700746227100381,0.8246211251235321,0.32710854467592254,0.2024845673131659,0.47116875957558985,0.812403840463596,0.6700746227100381,3.3078614598618445
74,0.7681145747868608,0.4732863826479693,0.31464265445104544,0.4593473631142341,0.6356099432828282,0.21447610589527216,0.7681145747868608,0.4732863826479693,0.31464265445104544,0.4593473631142341,0.6356099432828282,0.21447610589527216,2.8654770241782095
75,0.7314369419163897,0.6848357467305572,0.31304951684997057,0.48062459362791665,0.6595452979136459,0.6099180272790763,0.7314369419163897,0.6848357467305572,0.31304951684997057,0.48062459362791665,0.6595452979136459,0.6099180272790763,3.4794101243175564
76,0.403732584763727,0.5458937625582472,0.4593473631142341,0.35777087639996635,0.48373546489791297,0.5567764362830022,0.403732584763727,0.5458937625582472,0.4593473631142341,0.35777087639996635,0.48373546489791297,0.5567764362830022,2.8072564880170896
77,0.11832159566199232,0.6884765791223402,0.5907622195096771,0.26267851073127396,0.5366563145999496,0.4636809247747852,0.11832159566199232,0.6884765791223402,0.5907622195096771,0.26267851073127396,0.5366563145999496,0.4636809247747852,2.6605761444000184
78,0.25099800796022265,0.4679743582719036,0.5822370651203855,0.2,0.30495901363953815,0.4242640687119285,0.25099800796022265,0.4679743582719036,0.5822370651203855,0.2,0.30495901363953815,0.4242640687119285,2.2304325137039784
79,0.41109609582188933,0.4,0.6549809157525126,0.1816590212458495,0.08366600265340755,0.4171330722922842,0.41109609582188933,0.4,0.6549809157525126,0.1816590212458495,0.08366600265340755,0.4171330722922842,2.148535107765943
80,0.5291502622129182,0.11832159566199232,0.3646916505762094,0.17606816861659008,0.2569046515733026,0.570087712549569,0.5291502622129182,0.11832159566199232,0.3646916505762094,0.17606816861659008,0.2569046515733026,0.570087712549569,2.0152240411905815
81,0.4679743582719036,0.1,0.2949576240750525,0.15811388300841897,0.2720294101747089,0.700713921654194,0.4679743582719036,0.1,0.2949576240750525,0.15811388300841897,0.2720294101747089,0.700713921654194,1.993789197184278
82,0.4074309757492673,0.1224744871391589,0.3082207001484488,0.16431676725154984,0.16431676725154984,0.6745368781616021,0.4074309757492673,0.1224744871391589,0.3082207001484488,0.16431676725154984,0.16431676725154984,0.6745368781616021,1.8412965757015767
83,0.35496478698597694,0.1,0.282842712474619,0.1414213562373095,0.1341640786499874,0.6760177512462229,0.35496478698597694,0.1,0.282842712474619,0.1414213562373095,0.1341640786499874,0.6760177512462229,1.6894106855941158
84,0.27748873851023215,0.03162277660168379,0.3209361307176242,0.14491376746189438,0.1224744871391589,0.5761944116355173,0.27748873851023215,0.03162277660168379,0.3209361307176242,0.14491376746189438,0.1224744871391589,0.5761944116355173,1.4736303120661107
85,0.324037034920393,0.1673320053068151,0.324037034920393,0.17606816861659008,0.11401754250991379,0.5822370651203855,0.324037034920393,0.1673320053068151,0.324037034920393,0.17606816861659008,0.11401754250991379,0.5822370651203855,1.6877288513944904
86,0.4171330722922842,0.4571651780264984,0.33166247903553997,0.21447610589527216,0.31304951684997057,0.8792041856133307,0.4171330722922842,0.4571651780264984,0.33166247903553997,0.21447610589527216,0.31304951684997057,0.8792041856133307,2.612690537712896
87,0.6348228099241552,0.8944271909999159,0.3687817782917155,0.4381780460041329,0.5300943312279429,1.043072384832424,0.6348228099241552,0.8944271909999159,0.3687817782917155,0.4381780460041329,0.5300943312279429,1.043072384832424,3.9093765412802863
88,1.241772926102031,1.527088733505686,0.8473488065725944,0.8,0.9654014708917736,1.6401219466856725,1.241772926102031,1.527088733505686,0.8473488065725944,0.8,0.9654014708917736,1.6401219466856725,7.021733883757758
89,1.5238110119040353,1.896048522585854,0.906642156531451,0.9418067742376883,1.4099645385611654,1.7332051234634636,1.5238110119040353,1.896048522585854,0.906642156531451,0.9418067742376883,1.4099645385611654,1.7332051234634636,8.411478127283658
90,1.1954078801814885,1.6792855623746665,0.41352146256270667,0.8336666000266533,1.2441864811996632,1.7187204542915058,1.1954078801814885,1.6792855623746665,0.41352146256270667,0.8336666000266533,1.2441864811996632,1.7187204542915058,7.084788440636684
91,0.9848857801796105,1.108602724153247,0.34641016151377546,0.5,0.8043631020876082,1.2649110640673518,0.9848857801796105,1.108602724153247,0.34641016151377546,0.5,0.8043631020876082,1.2649110640673518,5.0091728320015925
92,0.6033241251599343,1.1734564329364767,0.17320508075688773,0.6465291950097846,0.7609204951898719,1.143241006962224,0.6033241251599343,1.1734564329364767,0.17320508075688773,0.6465291950097846,0.7609204951898719,1.143241006962224,4.500676336015179
93,0.6284902544988268,1.2806248474865698,0.3449637662132068,0.7042726744663603,0.7231873892705818,1.248198702130394,0.6284902544988268,1.2806248474865698,0.3449637662132068,0.7042726744663603,0.7231873892705818,1.248198702130394,4.92973763406594
94,0.41109609582188933,0.904433524367601,0.38987177379235854,0.5059644256269407,0.4312771730569565,0.8360621986431392,0.41109609582188933,0.904433524367601,0.38987177379235854,0.5059644256269407,0.4312771730569565,0.8360621986431392,3.4787051913088853
95,0.44609416046390926,0.8944271909999159,0.5412947441089743,0.34641016151377546,0.17888543819998318,0.6356099432828282,0.44609416046390926,0.8944271909999159,0.5412947441089743,0.34641016151377546,0.17888543819998318,0.6356099432828282,3.042721638569386
96,0.4636809247747852,0.3391164991562634,0.30166206257996714,0.13784048752090222,0.406201920231798,0.6148170459575759,0.4636809247747852,0.3391164991562634,0.30166206257996714,0.13784048752090222,0.406201920231798,0.6148170459575759,2.263318940221292
97,0.5176871642217914,0.22360679774997896,0.31304951684997057,0.09486832980505137,0.36055512754639896,0.6848357467305572,0.5176871642217914,0.22360679774997896,0.31304951684997057,0.09486832980505137,0.36055512754639896,0.6848357467305572,2.1946026829037484
98,0.48579831205964474,0.18973665961010275,0.260768096208106,0.05477225575051661,0.23021728866442676,0.737563556583431,0.48579831205964474,0.18973665961010275,0.260768096208106,0.05477225575051661,0.23021728866442676,0.737563556583431,1.9588561688762276
99,0.5099019513592785,0.27386127875258304,0.216794833886788,0.07071067811865475,0.16431676725154984,0.6811754546370561,0.5099019513592785,0.27386127875258304,0.216794833886788,0.07071067811865475,0.16431676725154984,0.6811754546370561,1.9167609640059102
100,0.4449719092257398,0.1,0.17888543819998318,0.07071067811865475,0.2024845673131659,0.66783231428256,0.4449719092257398,0.1,0.17888543819998318,0.07071067811865475,0.2024845673131659,0.66783231428256,1.6648849071401035
101,0.49598387070548977,0.19493588689617927,0.3391164991562634,0.11401754250991379,0.2810693864511039,0.5108815909777921,0.49598387070548977,0.19493588689617927,0.3391164991562634,0.11401754250991379,0.2810693864511039,0.5108815909777921,1.936004776696742
102,0.5347896782848375,0.22135943621178655,0.27568097504180444,0.09486832980505137,0.35496478698597694,0.593295878967653,0.5347896782848375,0.22135943621178655,0.27568097504180444,0.09486832980505137,0.35496478698597694,0.593295878967653,2.0749590852971096
103,0.6260990336999411,0.12649110640673517,0.36606010435446257,0.1816590212458495,0.45166359162544856,0.4753945729601885,0.6260990336999411,0.12649110640673517,0.36606010435446257,0.1816590212458495,0.45166359162544856,0.4753945729601885,2.2273674302926256
104,0.5966573556070519,0.48887626246321264,0.8408329203831163,0.19235384061671346,0.2024845673131659,0.4183300132670378,0.5966573556070519,0.48887626246321264,0.8408329203831163,0.19235384061671346,0.2024845673131659,0.4183300132670378,2.739534959650298
105,0.5477225575051661,0.6745368781616021,0.9252026804976302,0.24083189157584592,0.6172519744804386,0.6410928169929843,0.5477225575051661,0.6745368781616021,0.9252026804976302,0.24083189157584592,0.6172519744804386,0.6410928169929843,3.6466387992136675
106,0.282842712474619,1.0449880382090506,1.1049886877249016,0.2469817807045694,0.9959919678390986,0.6811754546370561,0.282842712474619,1.0449880382090506,1.1049886877249016,0.2469817807045694,0.9959919678390986,0.6811754546370561,4.356968641589296
107,0.5403702434442518,1.287245120402482,1.146298390472568,0.42544094772365293,1.552095357895255,1.1480418110852932,0.5403702434442518,1.287245120402482,1.146298390472568,0.42544094772365293,1.552095357895255,1.1480418110852932,6.099491871023503
108,0.5779273310719956,0.8752142594816426,0.7476630257007498,0.322490309931942,0.9300537618869137,0.79435508432942,0.5779273310719956,0.8752142594816426,0.7476630257007498,0.322490309931942,0.9300537618869137,0.79435508432942,4.247703772402663
109,0.3781534080237807,0.79435508432942,0.5272570530585627,0.29325756597230357,0.8438009243891594,0.7987490219086343,0.3781534080237807,0.79435508432942,0.5272570530585627,0.29325756597230357,0.8438009243891594,0.7987490219086343,3.635573057681861
110,0.8619744775803979,0.6928203230275509,0.08944271909999159,0.29832867780352595,0.6870225614927067,0.719027120489902,0.8619744775803979,0.6928203230275509,0.08944271909999159,0.29832867780352595,0.6870225614927067,0.719027120489902,3.348615879494075
111,1.3457340004622014,1.0858176642512314,0.4230839160261236,0.5991660871578097,1.4638989036132242,1.9894722918402257,1.3457340004622014,1.0858176642512314,0.4230839160261236,0.5991660871578097,1.4638989036132242,1.9894722918402257,6.907172863350816
112,1.8875910574062382,0.7848566748139434,1.1895377253370318,0.4527692569068708,1.1933147112141038,2.3874672772626644,1.8875910574062382,0.7848566748139434,1.1895377253370318,0.4527692569068708,1.1933147112141038,2.3874672772626644,7.895536702940852
113,2.1933991884743644,0.5830951894845301,1.8160396471443017,0.27386127875258304,1.0756393447619885,2.51555162936482,2.1933991884743644,0.5830951894845301,1.8160396471443017,0.27386127875258304,1.0756393447619885,2.51555162936482,8.457586277982589
114,2.4112237556892144,1.0620734437881403,2.125088233462319,0.22803508501982758,0.5674504383644443,2.2678183348760546,2.4112237556892144,1.0620734437881403,2.125088233462319,0.22803508501982758,0.5674504383644443,2.2678183348760546,8.6616892912
115,2.3683327468917876,1.4470659971127784,2.234725933979377,0.4393176527297759,0.9586448768965492,1.3080519867344722,2.3683327468917876,1.4470659971127784,2.234725933979377,0.4393176527297759,0.9586448768965492,1.3080519867344722,8.75613919434474
116,2.1748563170931545,1.5763882770434445,2.0250925904758033,0.6066300355241241,0.9110433579144299,1.4251315728731857,2.1748563170931545,1.5763882770434445,2.0250925904758033,0.6066300355241241,0.9110433579144299,1.4251315728731857,8.719142150924142
117,1.7195929750961416,1.1493476410555685,1.1882760622010358,0.4230839160261236,0.5882176467941097,1.5852444606432157,1.7195929750961416,1.1493476410555685,1.1882760622010358,0.4230839160261236,0.5882176467941097,1.5852444606432157,6.653762701816195
118,1.3564659966250536,0.7211102550927979,0.7720103626247513,0.22360679774997896,0.20976176963403032,0.9049861877399014,1.3564659966250536,0.7211102550927979,0.7720103626247513,0.22360679774997896,0.20976176963403032,0.9049861877399014,4.187941369466514
119,0.9181503144910423,0.7028513356322231,0.5449770637375485,0.232379000772445,0.38340579025361626,0.22583179581272428,0.9181503144910423,0.7028513356322231,0.5449770637375485,0.232379000772445,0.38340579025361626,0.22583179581272428,3.0075953006995997
120,0.5224940191045253,0.43474130238568315,0.45166359162544856,0.17606816861659008,0.23874672772626646,0.28809720581775866,0.5224940191045253,0.43474130238568315,0.45166359162544856,0.17606816861659008,0.23874672772626646,0.28809720581775866,2.111811015276272
121,0.19493588689617927,0.10954451150103323,0.2345207879911715,0.19493588689617927,0.11401754250991379,0.322490309931942,0.19493588689617927,0.10954451150103323,0.2345207879911715,0.19493588689617927,0.11401754250991379,0.322490309931942,1.1704449257264191
122,0.08944271909999159,0.12649110640673517,0.28809720581775866,0.21447610589527216,0.11832159566199232,0.454972526643093,0.08944271909999159,0.12649110640673517,0.28809720581775866,0.21447610589527216,0.11832159566199232,0.454972526643093,1.291801259524843
123,0.1673320053068151,0.26267851073127396,0.28982753492378877,0.2345207879911715,0.18708286933869708,0.6252999280345393,0.1673320053068151,0.26267851073127396,0.28982753492378877,0.2345207879911715,0.18708286933869708,0.6252999280345393,1.7667416363262856
124,0.29832867780352595,0.15491933384829668,0.2966479394838265,0.16431676725154984,0.14832396974191325,0.7668115805072325,0.29832867780352595,0.15491933384829668,0.2966479394838265,0.16431676725154984,0.14832396974191325,0.7668115805072325,1.8293482686363447
125,0.34641016151377546,0.17888543819998318,0.30166206257996714,0.17606816861659008,0.20493901531919198,0.6292853089020909,0.34641016151377546,0.17888543819998318,0.30166206257996714,0.17606816861659008,0.20493901531919198,0.6292853089020909,1.8372501551315987
126,0.30331501776206204,0.17029386365926402,0.24289915602982237,0.17029386365926402,0.2966479394838265,0.39115214431215894,0.30331501776206204,0.17029386365926402,0.24289915602982237,0.17029386365926402,0.2966479394838265,0.39115214431215894,1.5746019849063981
127,0.3674234614174767,0.1673320053068151,0.3209361307176242,0.16431676725154984,0.458257569495584,0.5718391382198319,0.3674234614174767,0.1673320053068151,0.3209361307176242,0.16431676725154984,0.458257569495584,0.5718391382198319,2.050105072408882
128,0.2345207879911715,0.3987480407475377,0.2345207879911715,0.1414213562373095,0.5138093031466052,0.6387487769068525,0.2345207879911715,0.3987480407475377,0.2345207879911715,0.1414213562373095,0.5138093031466052,0.6387487769068525,2.161769053020648
129,0.18439088914585774,0.4381780460041329,0.161245154965971,0.07071067811865475,0.4159326868617084,0.6496152707564686,0.18439088914585774,0.4381780460041329,0.161245154965971,0.07071067811865475,0.4159326868617084,0.6496152707564686,1.9200727258527934
130,0.18708286933869708,0.43474130238568315,0.12649110640673517,0.03162277660168379,0.4219004621945797,0.6082762530298219,0.18708286933869708,0.43474130238568315,0.12649110640673517,0.03162277660168379,0.4219004621945797,0.6082762530298219,1.8101147699572007
131,0.16431676725154984,0.6228964600958975,0.27386127875258304,0.08944271909999159,0.42778499272414877,0.9005553841935542,0.16431676725154984,0.6228964600958975,0.27386127875258304,0.08944271909999159,0.42778499272414877,0.9005553841935542,2.478857602117725
132,0.1414213562373095,0.4571651780264984,0.3563705936241092,0.1,0.31304951684997057,0.6899275324264136,0.1414213562373095,0.4571651780264984,0.3563705936241092,0.1,0.31304951684997057,0.6899275324264136,2.0579341771643014
133,0.13784048752090222,0.3420526275297414,0.3449637662132068,0.05477225575051661,0.2966479394838265,0.322490309931942,0.13784048752090222,0.3420526275297414,0.3449637662132068,0.05477225575051661,0.2966479394838265,0.322490309931942,1.4987673864301354
134,0.1673320053068151,0.5357238094391549,0.521536192416212,0.1,0.36606010435446257,0.5108815909777921,0.1673320053068151,0.5357238094391549,0.521536192416212,0.1,0.36606010435446257,0.5108815909777921,2.2015337024944364
135,0.10954451150103323,0.5692099788303083,0.6180614856144977,0.17606816861659008,0.2569046515733026,0.532916503778969,0.10954451150103323,0.5692099788303083,0.6180614856144977,0.17606816861659008,0.2569046515733026,0.532916503778969,2.262705299914701
136,0.044721359549995794,0.4438468204234429,0.6685805860178712,0.21447610589527216,0.12649110640673517,0.28982753492378877,0.044721359549995794,0.4438468204234429,0.6685805860178712,0.21447610589527216,0.12649110640673517,0.28982753492378877,1.787943513217106
137,0.12649110640673517,0.5385164807134504,0.7463243262818117,0.19748417658131498,0.282842712474619,0.15491933384829668,0.12649110640673517,0.5385164807134504,0.7463243262818117,0.19748417658131498,0.282842712474619,0.15491933384829668,2.046578136306228
138,0.10954451150103323,0.724568837309472,0.984377976185977,0.2949576240750525,0.5049752469181039,0.130384048104053,0.10954451150103323,0.724568837309472,0.984377976185977,0.2949576240750525,0.5049752469181039,0.130384048104053,2.748808244093692
139,0.5224940191045253,0.9033271832508971,0.8318653737234168,0.5108815909777921,0.6906518659932803,0.19748417658131498,0.5224940191045253,0.9033271832508971,0.8318653737234168,0.5108815909777921,0.6906518659932803,0.19748417658131498,3.6567042096312266
140,0.848528137423857,1.2016655108639842,1.0,0.8561541917201597,1.6468151080191122,0.5394441583704471,0.848528137423857,1.2016655108639842,1.0,0.8561541917201597,1.6468151080191122,0.5394441583704471,6.09260710639756
141,0.8955445270895245,1.1036303729057115,0.8712060605849801,0.6228964600958975,1.1436782764396638,0.575325994545701,0.8955445270895245,1.1036303729057115,0.8712060605849801,0.6228964600958975,1.1436782764396638,0.575325994545701,5.212281691661478
142,1.3700364958642526,1.3319159132617944,0.6841052550594828,0.5865151319446071,1.1794066304714417,0.6572670690061994,1.3700364958642526,1.3319159132617944,0.6841052550594828,0.5865151319446071,1.1794066304714417,0.6572670690061994,5.809246495607778
143,1.9191143790821847,1.4768209099278085,1.1610340218959994,0.4722287581247038,1.059245014149229,0.4242640687119285,1.9191143790821847,1.4768209099278085,1.1610340218959994,0.4722287581247038,1.059245014149229,0.4242640687119285,6.5127071518918545
144,2.2219360926903367,1.2445882853377659,2.3853720883753127,0.25298221281347033,0.25495097567963926,0.6426507605223851,2.2219360926903367,1.2445882853377659,2.3853720883753127,0.25298221281347033,0.25495097567963926,0.6426507605223851,7.00248041541891
145,2.853419001829209,1.708215443086732,3.7593882481063323,0.720416546173115,1.143241006962224,1.2973048986263793,2.853419001829209,1.708215443086732,3.7593882481063323,0.720416546173115,1.143241006962224,1.2973048986263793,11.481985144783993
146,2.886866813692658,2.4039550744554274,3.7471322367912236,1.2767145334803705,2.8509647489928738,1.7398275776639478,2.886866813692658,2.4039550744554274,3.7471322367912236,1.2767145334803705,2.8509647489928738,1.7398275776639478,14.905460985076502
147,2.11163443805977,1.734646938140439,2.4841497539399673,0.8336666000266533,1.745279347267938,1.2381437719424995,2.11163443805977,1.734646938140439,2.4841497539399673,0.8336666000266533,1.745279347267938,1.2381437719424995,10.147520849377269
148,1.710847743079436,1.711724276862369,1.3878040207464453,0.8378544026261364,1.7567014544310027,1.146298390472568,1.710847743079436,1.711724276862369,1.3878040207464453,0.8378544026261364,1.7567014544310027,1.146298390472568,8.551230288217958
149,0.9864076236526155,1.2292273996295395,0.7042726744663603,0.6016643582596529,1.08397416943394,0.6648308055437865,0.9864076236526155,1.2292273996295395,0.7042726744663603,0.6016643582596529,1.08397416943394,0.6648308055437865,5.270377030985895
150,0.9433981132056604,0.8012490249604052,0.14491376746189438,0.24289915602982237,0.4289522117905443,0.2966479394838265,0.9433981132056604,0.8012490249604052,0.14491376746189438,0.24289915602982237,0.4289522117905443,0.2966479394838265,2.858060212932153
151,0.807465169527454,0.5718391382198319,0.5839520528262573,0.38340579025361626,0.719027120489902,0.2645751311064591,0.807465169527454,0.5718391382198319,0.5839520528262573,0.38340579025361626,0.719027120489902,0.2645751311064591,3.3302644024235204
152,1.184483009586883,0.6418722614352484,1.0324727599312244,0.4979959839195493,1.0188228501560024,0.42544094772365293,1.184483009586883,0.6418722614352484,1.0324727599312244,0.4979959839195493,1.0188228501560024,0.42544094772365293,4.801087812752561
153,1.03440804327886,0.4159326868617084,0.6534523701081816,0.6099180272790763,1.247397290361014,0.408656334834051,1.03440804327886,0.4159326868617084,0.6534523701081816,0.6099180272790763,1.247397290361014,0.408656334834051,4.369764752722891
154,0.5540758070878027,0.1673320053068151,0.4753945729601885,0.4878524367060187,0.9364827814754524,0.27748873851023215,0.5540758070878027,0.1673320053068151,0.4753945729601885,0.4878524367060187,0.9364827814754524,0.27748873851023215,2.898626342046509
155,0.21213203435596426,0.2073644135332772,0.5,0.3209361307176242,0.4939635614091388,0.4505552130427524,0.21213203435596426,0.2073644135332772,0.5,0.3209361307176242,0.4939635614091388,0.4505552130427524,2.1849513530587568
156,0.16431676725154984,0.4183300132670378,0.4427188724235731,0.33763886032268264,0.4049691346263318,0.48166378315169184,0.16431676725154984,0.4183300132670378,0.4427188724235731,0.33763886032268264,0.4049691346263318,0.48166378315169184,2.2496374310428666
157,0.15165750888103102,0.46475800154489,0.3391164991562634,0.24899799195977465,0.26267851073127396,0.5167204273105526,0.15165750888103102,0.46475800154489,0.3391164991562634,0.24899799195977465,0.26267851073127396,0.5167204273105526,1.9839289395837856
158,0.17888543819998318,0.6488451279003333,0.4159326868617084,0.24899799195977465,0.1816590212458495,0.7602631123499285,0.17888543819998318,0.6488451279003333,0.4159326868617084,0.24899799195977465,0.1816590212458495,0.7602631123499285,2.4345833785175777
159,0.19493588689617927,0.650384501660364,0.3331666249791536,0.15491933384829668,0.2449489742783178,0.7169379331573968,0.19493588689617927,0.650384501660364,0.3331666249791536,0.15491933384829668,0.2449489742783178,0.7169379331573968,2.295293254819708
160,0.24899799195977465,0.4159326868617084,0.23874672772626646,0.09486832980505137,0.4147288270665544,0.5244044240850758,0.24899799195977465,0.4159326868617084,0.23874672772626646,0.09486832980505137,0.4147288270665544,0.5244044240850758,1.9376789875044311
161,0.2645751311064591,0.35213633723318016,0.3646916505762094,0.09486832980505137,0.6348228099241552,0.5974947698515862,0.2645751311064591,0.35213633723318016,0.3646916505762094,0.09486832980505137,0.6348228099241552,0.5974947698515862,2.3085890284966415
162,0.3535533905932738,0.1,0.40249223594996214,0.8348652585896721,0.4722287581247038,0.5648008498577175,0.3535533905932738,0.1,0.40249223594996214,0.8348652585896721,0.4722287581247038,0.5648008498577175,2.7279404931153293
163,0.3646916505762094,0.1414213562373095,0.758946638440411,2.7998214228768235,0.9664367542679656,0.565685424949238,0.3646916505762094,0.1414213562373095,0.758946638440411,2.7998214228768235,0.9664367542679656,0.565685424949238,5.597003247347956
164,0.39115214431215894,0.39115214431215894,1.1597413504743201,8.048353868959788,3.7609839138182974,0.6942621983083913,0.39115214431215894,0.39115214431215894,1.1597413504743201,8.048353868959788,3.7609839138182974,0.6942621983083913,14.445645620185115
