1.754294743781980026e-01
2.475523788293874927e-01
2.475523788293874927e-01
2.475523788293874927e-01
2.475523788293874927e-01
2.475523788293874927e-01
2.475523788293874927e-01
2.475523788293874927e-01
2.475523788293874927e-01
2.475523788293874927e-01
2.687393693784432824e-01
2.687393693784432824e-01
2.687393693784432824e-01
2.687393693784432824e-01
3.978234303570038488e-01
8.864208824088933847e-01
8.864208824088933847e-01
8.864208824088933847e-01
8.864208824088933847e-01
nan
8.864208824088933847e-01
8.864208824088933847e-01
8.864208824088933847e-01
8.864208824088933847e-01
8.864208824088933847e-01
9.041833557614680217e-01
9.041833557614680217e-01
7.386615513805517841e-01
3.966756866647251356e-01
2.544796878759593706e-01
2.904199895652937458e-01
2.904199895652937458e-01
2.904199895652937458e-01
2.904199895652937458e-01
2.904199895652937458e-01
3.275129493549876480e-01
3.275129493549876480e-01
3.275129493549876480e-01
3.275129493549876480e-01
3.275129493549876480e-01
7.801243197056223488e-01
9.020909645059151938e-01
9.020909645059151938e-01
9.020909645059151938e-01
9.020909645059151938e-01
8.227150362771441516e-01
8.177543608926403085e-01
9.857863787261385013e-01
3.376068393880360397e+00
3.376068393880360397e+00
3.376068393880360397e+00
3.376068393880360397e+00
3.376068393880360397e+00
3.376068393880360397e+00
3.376068393880360397e+00
nan
3.376068393880360397e+00
3.376068393880360397e+00
3.376068393880360397e+00
3.376068393880360397e+00
3.376068393880360397e+00
3.376068393880360397e+00
3.376068393880360397e+00
3.376068393880360397e+00
3.376068393880360397e+00
nan
7.191768837528315750e+00
7.191768837528315750e+00
7.191768837528315750e+00
7.191768837528315750e+00
7.191768837528315750e+00
7.191768837528315750e+00
7.191768837528315750e+00
7.191768837528315750e+00
7.191768837528315750e+00
7.191768837528315750e+00
7.191768837528315750e+00
7.191768837528315750e+00
7.191768837528315750e+00
7.191768837528315750e+00
7.191768837528315750e+00
7.191768837528315750e+00
7.323779882992261570e+00
5.519283065586964909e+00
4.948737341430277326e+00
4.015703145779048633e+00
4.015703145779048633e+00
4.015703145779048633e+00
4.015703145779048633e+00
nan
4.015703145779048633e+00
4.015703145779048633e+00
4.015703145779048633e+00
4.015703145779048633e+00
4.015703145779048633e+00
4.015703145779048633e+00
4.015703145779048633e+00
2.236411090100935084e+00
1.240592889671819465e+00
1.768879704699271471e+00
1.768879704699271471e+00
1.768879704699271471e+00
2.445694148340177954e+00
2.445694148340177954e+00
2.445694148340177954e+00
3.898562391149595907e+00
5.647289858895591763e+00
7.471812213943263004e+00
7.471812213943263004e+00
nan
1.264318074239794698e-01
1.264318074239794698e-01
8.375127255528812542e-01
9.625684400072065383e-01
9.625684400072065383e-01
1.308735716590046394e+00
1.308735716590046394e+00
1.308735716590046394e+00
1.665540831650905274e+00
2.082819776683601631e+00
2.082819776683601631e+00
nan
7.896065594318922576e-02
9.333267126145282366e-02
9.333267126145282366e-02
9.333267126145282366e-02
9.333267126145282366e-02
9.333267126145282366e-02
9.333267126145282366e-02
4.020890288451441363e-01
1.060980950772410480e+01
9.282722640082837984e+00
9.282722640082837984e+00
9.282722640082837984e+00
9.282722640082837984e+00
9.282722640082837984e+00
9.282722640082837984e+00
9.282722640082837984e+00
9.282722640082837984e+00
9.282722640082837984e+00
9.282722640082837984e+00
9.282722640082837984e+00
9.282722640082837984e+00
9.282722640082837984e+00
9.282722640082837984e+00
9.282722640082837984e+00
6.920327643393838102e+00
6.920327643393838102e+00
6.920327643393838102e+00
nan
6.920327643393838102e+00
6.920327643393838102e+00
4.787635191214612007e+00
4.787635191214612007e+00
4.787635191214612007e+00
4.787635191214612007e+00
4.787635191214612007e+00
4.778212649930546618e+00
4.778212649930546618e+00
4.778212649930546618e+00
