1.649840291332647208e-05
2.057222487590144451e-05
2.565193812036001207e-05
3.198589884834959833e-05
3.988377487096288307e-05
4.973167717796507200e-05
6.201102349998121688e-05
7.732205295176768848e-05
9.641313643813241205e-05
1.202173080519438892e-04
1.498977913499087704e-04
1.869047273283739588e-04
2.330458479465507323e-04
2.905745043038299646e-04
3.622992813201135346e-04
4.517204461338468436e-04
5.631997271790658904e-04
7.021714539125614241e-04
8.754049594672074896e-04
1.091330422388519074e-03
1.360443065056298915e-03
1.695803899773342055e-03
2.113659071697901459e-03
2.634204315041896449e-03
3.282526082328434888e-03
4.089756390004124428e-03
5.094484036304429767e-03
6.344469992917654497e-03
7.898718405770759760e-03
9.829955031580345573e-03
1.222755933969558485e-02
1.520098072602246893e-02
1.888363713726362927e-02
2.343723716487955064e-02
2.905637266237397556e-02
3.597308367904081261e-02
4.446088512692337319e-02
5.483745185212534484e-02
6.746478335305318430e-02
8.274523464983543630e-02
1.011113771552125257e-01
1.230073897269501892e-01
1.488598196705219756e-01
1.790364295837313380e-01
2.137938026577217987e-01
2.532175833211087190e-01
2.971633774582389531e-01
3.452103642494936397e-01
3.966417423338315373e-01
4.504641951167584479e-01
5.054715352953240703e-01
5.603467313266761174e-01
6.137852891524429033e-01
6.646161734395780174e-01
7.118972525247022620e-01
7.549702594784336585e-01
7.934718127911480900e-01
8.273074383017151590e-01
8.566015571228300374e-01
8.816374101320406664e-01
9.027982607063659293e-01
9.205170407185265802e-01
9.352375870471343333e-01
9.473876545316675113e-01
9.573621715053357573e-01
9.655145029363400022e-01
9.721534508248474982e-01
9.775440328684610325e-01
9.819105143426740678e-01
9.854405948902341672e-01
9.882900117119552963e-01
9.905870967590869602e-01
9.924370233685285703e-01
9.939256116220772652e-01
9.951226473516042725e-01
9.960847211424824765e-01
9.968576219846182473e-01
9.974783335625698744e-01
9.979766853049814035e-01
9.983767090985545822e-01
9.986977485263688337e-01
9.989553621861390065e-01
9.991620570206177776e-01
9.993278821782753951e-01
9.994609089865932328e-01
9.995676182735935278e-01
9.996532125341982544e-01
9.997218672748963142e-01
9.997769332267800735e-01
9.998210989279636696e-01
9.998565213761753112e-01
9.998849309797217533e-01
9.999077158354249262e-01
9.999259893880757533e-01
9.999406447370389195e-01
9.999523982179724380e-01
9.999618243730192813e-01
9.999693840080589036e-01
9.999754467016407355e-01
9.999803088615361046e-01
