14.73	-15.822	14.27	-15.2554	13.86	-16.6065
15.55	-16.4503	15.71	-15.8253	15.72	-16.448
16	-15.6586	16.08	-15.5423	16.1	-16.6112
16.49	-15.9478	16.59	-16.0955	16.61	-16.8048
17	-15.8264	17.09	-15.6219	17.11	-16.2626
17.5	-15.2622	17.6	-15.9326	17.63	-16.2809
18	-15.7191	18.1	-15.6127	18.13	-16.0497
18.48	-15.6329	18.6	-15.3668	18.66	-16.2069
18.96	-15.4977	19.07	-16.0164	19.15	-16.1879
19.46	-15.8039	19.56	-15.5824	19.65	-16.2623
19.95	-16.0287	20.03	-15.4477	20.12	-16.2941
20.44	-15.71	20.52	-15.6595	20.59	-16.3143
20.94	-15.4598	21.01	-15.8821	21.07	-16.6603
21.44	-16.0348	21.5	-15.6945	21.55	-15.9543
21.95	-15.6724	22	-15.5145	22.05	-15.8896
22.45	-15.6423	22.5	-15.8326	22.53	-16.0996
22.96	-15.4598	23.02	-16.0556	23.05	-16.6357
23.46	-15.6468	23.53	-15.749	23.56	-16.4492
23.98	-15.8485	24.05	-16.2629	24.08	-16.4818
24.48	-15.2706	24.55	-15.3989	24.58	-16.0327
24.99	-14.9248	25.06	-15.6772	25.09	-16.0704
25.49	-15.4723	25.56	-15.268	25.59	-15.9758
25.99	-15.2445	26.06	-15.7528	26.09	-16.4817
26.5	-15.457	26.57	-16.1075	26.59	-16.2014
27	-15.0013	27.06	-15.9989	27.09	-15.9685
27.5	-15.4905	27.57	-15.2438	27.59	-16.6725
27.99	-15.2332	28.06	-16.0191	28.09	-16.6322
28.5	-14.4759	28.57	-16.0502	28.59	-16.9101
28.99	-14.4927	29.07	-15.7772	29.09	-16.8358
29.5	-14.8553	29.57	-15.8377	29.59	-15.8292
29.99	-15.0425	30.06	-15.8855	30.09	-16.0929
30.5	-14.1809	30.57	-16.2535	30.59	-16.5081
30.99	-14.9459	31.06	-15.6201	31.09	-16.2845
31.5	-14.7021	31.57	-15.6023	31.59	-16.41
31.99	-15.023	32.07	-15.8872	32.09	-15.759
32.5	-14.3891	32.56	-15.6666	32.59	-15.6722
33	-15.0309	33.07	-15.3887	33.09	-15.6847
33.5	-14.9356	33.57	-15.8163	33.59	-15.8289
33.99	-14.3068	34.06	-15.1058	34.09	-15.0693
34.5	-15.0499	34.57	-14.9009	34.6	-15.4637
35	-14.2293	35.07	-15.0174	35.09	-15.7862
35.49	-14.837	35.56	-15.3857	35.59	-15.8056
35.99	-14.3955	36.06	-15.4918	36.09	-16.5665
36.49	-14.1425	36.57	-15.3977	36.59	-15.6725
36.98	-14.5811	37.06	-15.4189	37.09	-15.8361
37.49	-14.1086	37.57	-14.9841	37.59	-16.5053
38	-14.8494	38.07	-15.467	38.09	-15.7616
38.49	-14.4711	38.56	-15.3013	38.59	-15.5673
39	-14.234	39.07	-15.3292	39.1	-15.5984
39.49	-15.0138	39.56	-15.2607	39.59	-15.3491
40	-14.6215	40.06	-15.2203	40.09	-15.7963
40.5	-14.9634	40.57	-14.7082	40.59	-15.582
40.99	-14.1344	41.06	-15.168	41.09	-16.3501
41.5	-14.5367	41.57	-15.4052	41.59	-15.6474
42	-14.119	42.07	-15.0841	42.09	-15.3242
42.49	-14.0561	42.56	-14.9653	42.59	-15.4757
42.99	-14.1134	43.06	-14.9239	43.09	-15.6825
43.49	-14.2316	43.56	-15.363	43.59	-15.1089
43.99	-14.2881	44.07	-15.3763	44.09	-15.4934
44.5	-14.1754	44.57	-14.4664	44.59	-15.5403
44.99	-14.1819	45.06	-15.0234	45.09	-15.5905
45.5	-14.5977	45.57	-15.1769	45.59	-15.391
46	-14.0946	46.07	-15.3555	46.09	-15.5381
46.49	-13.963	46.56	-15.5033	46.59	-15.3779
47	-14.072	47.07	-14.5169	47.09	-15.1202
47.5	-13.7289	47.57	-15.461	47.59	-15.4097
48	-13.899	48.07	-15.2528	48.09	-15.4667
48.5	-13.5031	48.57	-15.619	48.58	-15.0481
49	-14.0149	49.06	-15.0376	49.09	-15.071
49.5	-13.7796	49.57	-15.2879	49.59	-15.498
50	-14.0224	50.07	-15.0371	50.09	-15.5434
50.5	-13.589	50.57	-15.0896	50.59	-15.1489
51	-13.6901	51.07	-14.3008	51.09	-14.8361
51.5	-13.9665	51.57	-14.5579	51.59	-15.2866
52	-13.3705	52.07	-14.9378	52.09	-15.0843
52.5	-12.7202	52.57	-14.7155	52.59	-14.6236
53	-13.2042	53.07	-15.027	53.09	-14.7406
53.5	-13.5989	53.57	-14.414	53.59	-14.6163
54	-13.1889	54.06	-14.1219	54.09	-14.4991
54.5	-12.7573	54.57	-13.9695	54.59	-13.9804
55	-12.5252	55.07	-14.0679	55.09	-14.0781
55.5	-12.416	55.57	-13.0391	55.58	-13.6243
56	-12.0965	56.07	-12.9187	56.09	-13.4301
56.5	-12.1484	56.56	-12.7498	56.59	-13.1626
57	-11.5542	57.06	-11.7467	57.09	-13.4722
57.51	-10.2464	57.56	-11.009	57.58	-11.885
58	-10.1585	58.06	-10.3621	58.09	-11.3899
58.5	-9.57513	58.57	-10.3208	58.59	-11.0828
59.01	-9.43984	59.07	-9.7274	59.09	-9.88639
59.5	-9.17764	59.56	-10.0655	59.58	-9.59642
60	-9.00584	60.07	-9.53337	60.09	-10.2427
60.51	-8.67036	60.57	-9.24442	60.59	-9.41224
61	-8.4506	61.07	-8.73295	61.09	-9.98323
61.5	-8.94121	61.57	-9.43135	61.59	-9.17573
62	-9.04784	62.07	-9.32435	62.09	-9.84864
62.5	-8.57825	62.57	-9.05268	62.59	-9.95202
63.01	-8.76897	63.07	-9.19953	63.09	-8.89272
63.5	-8.41257	63.57	-8.73954	63.58	-8.92678
64	-8.93226	64.06	-8.95751	64.09	-9.76049
64.51	-8.57237	64.57	-9.00242	64.59	-8.94351
65	-8.3338	65.07	-9.58243	65.08	-9.14915
65.51	-9.02095	65.57	-9.31485	65.59	-9.21732
65.99	-8.50455	66.06	-9.08719	66.09	-9.17149
66.49	-8.82622	66.56	-9.03435	66.59	-9.28885
67.01	-8.98097	67.07	-9.36038	67.09	-9.07365
67.49	-8.88653	67.56	-9.55687	67.59	-8.74461
68	-8.60624	68.07	-8.85059	68.09	-9.11148
68.51	-9.24652	68.57	-9.25715	68.59	-9.14172
68.99	-8.41636	69.07	-9.48399	69.09	-9.10352
69.5	-8.69868	69.57	-9.25429	69.59	-9.53642
70	-8.60541	70.07	-8.64858	70.09	-8.56451
70.5	-9.0701	70.57	-9.47078	70.59	-9.9272
71	-8.68159	71.07	-9.42913	71.1	-9.49759
71.49	-8.93107	71.57	-8.99954	71.6	-9.54344
71.99	-8.6672	72.07	-9.07928	72.09	-9.47569
72.5	-9.08556	72.57	-9.83624	72.59	-10.0646
72.99	-9.23455	73.07	-9.73708	73.09	-9.48425
73.5	-8.48746	73.58	-9.63242	73.6	-9.09896
73.99	-9.35115	74.07	-9.2946	74.1	-9.6612
74.5	-9.28352	74.57	-9.58695	74.59	-9.31104
75	-8.85667	75.07	-9.56793	75.09	-9.03473
75.5	-8.4936	75.57	-9.45456	75.6	-9.65534
76	-8.75113	76.07	-9.42337	76.1	-9.82612
76.5	-9.0199	76.57	-9.28033	76.6	-10.1954
77	-8.81527	77.07	-9.35913	77.1	-9.72118
77.5	-9.46609	77.57	-9.43398	77.6	-10.0129
78	-9.19596	78.08	-9.55164	78.1	-9.89002
78.5	-9.27804	78.57	-9.40666	78.6	-9.76337
79	-9.02749	79.07	-10.2784	79.1	-9.99838
79.5	-9.57389	79.57	-9.5634	79.6	-9.68492
79.99	-9.00116	80.07	-9.51852	80.12	-9.47803
80.49	-9.39402	80.59	-10.0222	80.63	-9.40814
80.99	-9.40204	81.08	-9.73304	81.13	-9.66797
81.49	-9.44897	81.57	-9.64714	81.62	-9.86164
81.98	-9.47723	82.07	-9.1342	82.13	-9.35948
82.48	-9.16183	82.57	-9.71848	82.62	-9.56524
82.98	-10.2248	83.08	-10.6875	83.13	-10.0075
83.49	-9.07515	83.58	-9.58801	83.63	-9.35919
83.99	-9.17998	84.07	-10.4537	84.12	-9.91817
84.48	-9.30388	84.57	-9.46527	84.62	-9.86751
84.98	-9.84571	85.07	-10.4503	85.12	-9.54001
85.47	-8.80258	85.56	-10.3464	85.61	-9.44072
85.98	-9.60499	86.06	-10.1828	86.11	-9.71477
86.48	-9.42774	86.57	-10.4542	86.61	-10.1005
86.98	-9.39902	87.06	-10.3641	87.1	-9.75501
87.48	-9.59085	87.56	-10.5875	87.6	-9.85939
87.99	-9.69138	88.07	-10.2307	88.1	-10.0779
88.49	-9.6663	88.56	-10.4258	88.6	-9.16975
88.99	-10.0938	89.07	-9.80494	89.1	-10.0318
89.49	-9.28386	89.57	-10.175	89.6	-9.73566
89.99	-9.61622	90.07	-10.5255	90.1	-10.4861
