exposure   86400.0
r_number          
1         0.004433
2         0.004433
3         0.004433
4         0.004433
5              NaN
6         0.004433
7         0.004433
8         0.004433
9         0.003921
10        0.004573
11        0.004573
12        0.004573
13        0.004573
14        0.004573
15        0.004573
16        0.005254
17        0.005254
18        0.004983
19        0.003834
20        0.003427
21        0.003378
22        0.003043
23        0.003043
24        0.003043
25        0.003043
26             NaN
27        0.003043
28        0.003043
29        0.003043
30        0.003043
31        0.003043
32        0.003618
33        0.010490
34        0.007060
35        0.009585
36        0.009585
37        0.009585
38        0.009585
39        0.009585
40        0.009585
41        0.015482
42        0.008208
43        0.008208
44        0.008208
45        0.008208
46        0.008208
47        0.009657
48        0.006700
49        0.006700
50        0.006700
51             NaN
52        0.006700
53        0.006700
54        0.006863
55        0.017379
56        0.012094
57        0.012094
58        0.012094
59        0.012094
60        0.012094
61        0.006950
62        0.006288
63        0.006288
64        0.004614
65        0.004287
66        0.003914
67        0.003914
68        0.003914
69             NaN
70        0.003914
71             NaN
72             NaN
73        0.003914
74        0.003914
75        0.003914
76        0.003914
77        0.003914
78        0.003914
79        0.003914
80        0.003914
81        0.003914
82        0.003914
83        0.003914
84        0.003914
85        0.003914
86        0.003914
87        0.003914
88        0.003914
89        0.003914
90        0.004564
91        0.008307
92        0.006560
93        0.006560
94        0.004874
95        0.004874
96        0.004874
97        0.004874
98        0.004874
99        0.004874
100       0.004874
101       0.004874
102       0.004874
103       0.004874
104            NaN
105       0.008975
106       0.008975
107       0.008975
108       0.008358
109       0.008358
110       0.008358
111       0.008394
112       0.009565
113       0.012359
114       0.010673
115       0.010673
116       0.010673
117       0.010673
118       0.010673
119       0.010673
120       0.010673
121       0.010673
122       0.011410
123       0.010491
124       0.010491
125       0.010491
126       0.011717
127       0.007292
128       0.007292
129       0.007292
130       0.007292
131       0.007292
132       0.007292
133       0.007292
134       0.007590
135       0.004688
136       0.004688
137       0.004688
138       0.004688
139       0.004067
140       0.004067
141       0.004067
142            NaN
143       0.004067
144       0.004067
145       0.004067
146       0.004067
147       0.004067
148            NaN
149       0.004067
150       0.004067
151       0.004067
152       0.004067
153            NaN
154       0.004067
155       0.004067
156            NaN
157       0.004067
158       0.004067
159       0.004067
160       0.004067
161       0.007385
162       0.007385