exposure   57600.0
r_number          
1         0.374296
2         0.374296
3         0.374296
4         0.374296
5              NaN
6         0.374296
7         0.374296
8         0.374296
9         0.286609
10        0.285802
11        0.285802
12        0.285802
13        0.285802
14        0.285802
15        0.285802
16        0.271056
17        0.271056
18        0.258844
19        0.133926
20        0.103381
21        0.103570
22        0.103633
23        0.103633
24        0.103633
25        0.103633
26             NaN
27        0.103633
28        0.103633
29        0.103633
30        0.103633
31        0.103633
32        0.103946
33        0.102912
34        0.110485
35        0.118741
36        0.119835
37        0.119835
38        0.119835
39        0.119835
40        0.119835
41             NaN
42        0.190308
43        0.190308
44        0.190308
45        0.190308
46        0.190308
47        0.190308
48        0.220465
49        0.220465
50        0.220465
51             NaN
52        0.220465
53        0.220465
54        0.226745
55        0.198585
56        0.257676
57        0.257676
58        0.257676
59        0.257676
60        0.257676
61        0.353571
62        0.345342
63        0.345342
64        0.296846
65        0.290223
66        0.290223
67        0.290223
68        0.290223
69             NaN
70        0.290223
71             NaN
72             NaN
73        0.290223
74        0.290223
75        0.290223
76        0.290223
77        0.290223
78        0.290223
79        0.290223
80        0.290223
81        0.290223
82        0.290223
83        0.290223
84        0.290223
85        0.290223
86        0.290223
87        0.290223
88        0.290223
89        0.290223
90        0.290217
91        0.480881
92        0.487161
93        0.487161
94        0.442592
95        0.442592
96        0.442592
97        0.442592
98        0.442592
99        0.442592
100       0.442592
101       0.442592
102       0.442592
103       0.442592
104            NaN
105       0.380422
106       0.398394
107       0.398394
108       0.427489
109       0.427489
110       0.427489
111       0.491332
112       0.539758
113       0.625442
114       0.648653
115       0.648653
116       0.648653
117       0.648653
118       0.648653
119       0.648653
120       0.648653
121       0.648653
122       0.460783
123       0.387860
124       0.387860
125       0.387860
126       0.307360
127       0.368255
128       0.368255
129       0.368255
130       0.368255
131       0.368255
132       0.368255
133       0.368255
134       0.232595
135       0.224278
136       0.224278
137       0.224278
138       0.224278
139       0.227274
140       0.227274
141       0.227274
142            NaN
143       0.227274
144       0.227274
145       0.227274
146       0.227274
147       0.227274
148            NaN
149       0.227274
150       0.227274
151       0.227274
152       0.227274
153            NaN
154       0.227274
155       0.227274
156            NaN
157       0.227274
158       0.227274
159       0.227274
160       0.227274
161       0.216713
162       0.216713