exposure   57600.0
r_number          
1         0.005838
2         0.005838
3         0.005838
4         0.005838
5              NaN
6         0.005838
7         0.005838
8         0.005838
9         0.004285
10        0.004218
11        0.004218
12        0.004218
13        0.004218
14        0.004218
15        0.004218
16        0.004813
17        0.004813
18        0.005847
19        0.002621
20        0.002058
21        0.001856
22        0.001918
23        0.001918
24        0.001918
25        0.001918
26             NaN
27        0.001918
28        0.001918
29        0.001918
30        0.001918
31        0.001918
32        0.002292
33        0.006653
34        0.005138
35        0.008282
36        0.009864
37        0.009864
38        0.009864
39        0.009864
40        0.009864
41             NaN
42        0.005672
43        0.005672
44        0.005672
45        0.005672
46        0.005672
47        0.005672
48        0.003495
49        0.003495
50        0.003495
51             NaN
52        0.003495
53        0.003495
54        0.004690
55        0.019107
56        0.013421
57        0.013421
58        0.013421
59        0.013421
60        0.013421
61        0.006604
62        0.005861
63        0.005861
64        0.005771
65        0.004683
66        0.004683
67        0.004683
68        0.004683
69             NaN
70        0.004683
71             NaN
72             NaN
73        0.004683
74        0.004683
75        0.004683
76        0.004683
77        0.004683
78        0.004683
79        0.004683
80        0.004683
81        0.004683
82        0.004683
83        0.004683
84        0.004683
85        0.004683
86        0.004683
87        0.004683
88        0.004683
89        0.004683
90        0.004698
91        0.012445
92        0.009035
93        0.009035
94        0.009890
95        0.009890
96        0.009890
97        0.009890
98        0.009890
99        0.009890
100       0.009890
101       0.009890
102       0.009890
103       0.009890
104            NaN
105       0.006722
106       0.006295
107       0.006295
108       0.005769
109       0.005769
110       0.005769
111       0.005071
112       0.004892
113       0.005587
114       0.005379
115       0.005379
116       0.005379
117       0.005379
118       0.005379
119       0.005379
120       0.005379
121       0.005379
122       0.006352
123       0.004829
124       0.004829
125       0.004829
126       0.006187
127       0.006463
128       0.006463
129       0.006463
130       0.006463
131       0.006463
132       0.006463
133       0.006463
134       0.004856
135       0.003813
136       0.003813
137       0.003813
138       0.003813
139       0.003109
140       0.003109
141       0.003109
142            NaN
143       0.003109
144       0.003109
145       0.003109
146       0.003109
147       0.003109
148            NaN
149       0.003109
150       0.003109
151       0.003109
152       0.003109
153            NaN
154       0.003109
155       0.003109
156            NaN
157       0.003109
158       0.003109
159       0.003109
160       0.003109
161       0.008088
162       0.008088