exposure  0.60000      4.98000      10.02000     19.98000     30.00000     40.02000     60.00000     150.00000    300.00000    600.00000    900.00000    1200.00000   1800.00012   2700.00000   3600.00000   10800.00000  57600.00000  86400.00000
r_number                                                                                                                                                                                                                                          
1            0.967057     0.647361     0.630001     0.572285     0.538092     0.522498     0.482037     0.473329     0.454053     0.446766     0.449764     0.443619     0.438497     0.424786     0.436839     0.435132     0.417865     0.408355
2            0.967057     0.647361     0.630001     0.572285     0.538092     0.522498     0.482037     0.473329     0.454053     0.446766     0.449764     0.443619     0.438497     0.424786     0.436839     0.435132     0.417865     0.408355
3            0.967057     0.647361     0.630001     0.572285     0.538092     0.522498     0.482037     0.473329     0.454053     0.446766     0.449764     0.443619     0.438497     0.424786     0.436839     0.435132     0.417865     0.408355
4            0.967057     0.647361     0.630001     0.572285     0.538092     0.522498     0.482037     0.473329     0.454053     0.446766     0.449764     0.443619     0.438497     0.424786     0.436839     0.435132     0.417865     0.408355
5                 NaN          NaN          NaN          NaN          NaN          NaN          NaN          NaN          NaN          NaN          NaN          NaN          NaN          NaN          NaN          NaN          NaN          NaN
6            0.967057     0.647361     0.630001     0.572285     0.538092     0.522498     0.482037     0.473329     0.454053     0.446766     0.449764     0.443619     0.438497     0.424786     0.436839     0.435132     0.417865     0.408355
7            0.967057     0.647361     0.630001     0.572285     0.538092     0.522498     0.482037     0.473329     0.454053     0.446766     0.449764     0.443619     0.438497     0.424786     0.436839     0.435132     0.417865     0.408355
8            0.967057     0.647361     0.630001     0.572285     0.538092     0.522498     0.482037     0.473329     0.454053     0.446766     0.449764     0.443619     0.438497     0.424786     0.436839     0.435132     0.417865     0.408355
9            0.964891     0.619071     0.590808     0.531133     0.491577     0.467450     0.422682     0.408882     0.393676     0.383783     0.383808     0.381740     0.375996     0.365148     0.373554     0.367682     0.351820     0.343203
10           0.969712     0.623409     0.594679     0.531932     0.493420     0.477805     0.431272     0.415362     0.399352     0.382243     0.384923     0.386093     0.380868     0.369045     0.382991     0.366568     0.360538     0.351069
11           0.969712     0.623409     0.594679     0.531932     0.493420     0.477805     0.431272     0.415362     0.399352     0.382243     0.384923     0.386093     0.380868     0.369045     0.382991     0.366568     0.360538     0.351069
12           0.969712     0.623409     0.594679     0.531932     0.493420     0.477805     0.431272     0.415362     0.399352     0.382243     0.384923     0.386093     0.380868     0.369045     0.382991     0.366568     0.360538     0.351069
13           0.969712     0.623409     0.594679     0.531932     0.493420     0.477805     0.431272     0.415362     0.399352     0.382243     0.384923     0.386093     0.380868     0.369045     0.382991     0.366568     0.360538     0.351069
14           0.969712     0.623409     0.594679     0.531932     0.493420     0.477805     0.431272     0.415362     0.399352     0.382243     0.384923     0.386093     0.380868     0.369045     0.382991     0.366568     0.360538     0.351069
15           0.969712     0.623409     0.594679     0.531932     0.493420     0.477805     0.431272     0.415362     0.399352     0.382243     0.384923     0.386093     0.380868     0.369045     0.382991     0.366568     0.360538     0.351069
16           0.968577     0.615758     0.585232     0.521960     0.482962     0.468151     0.419188     0.405678     0.386804     0.367430     0.372049     0.372022     0.367511     0.354862     0.369386     0.350678     0.347257     0.336682
17           0.968577     0.615758     0.585232     0.521960     0.482962     0.468151     0.419188     0.405678     0.386804     0.367430     0.372049     0.372022     0.367511     0.354862     0.369386     0.350678     0.347257     0.336682
18           0.964683     0.595405     0.562515     0.501291     0.461061     0.435379     0.387197     0.381951     0.353896     0.342843     0.344148     0.338238     0.333257     0.319570     0.330864     0.322977     0.307692     0.299941
19           0.973526     0.645513     0.602688     0.518220     0.457630     0.420885     0.349302     0.318536     0.289850     0.274847     0.272684     0.273467     0.266012     0.250091     0.255664     0.246277     0.232552     0.221625
20           0.978136     0.675623     0.628382     0.536749     0.465751     0.427069     0.346597     0.306770     0.276221     0.263342     0.256971     0.262882     0.254002     0.238811     0.244860     0.230952     0.219529     0.203842
21           0.980614     0.679110     0.631250     0.539739     0.467979     0.429166     0.347106     0.309792     0.276350     0.263938     0.256757     0.264239     0.254629     0.239163     0.247103     0.231351     0.219313     0.203803
22           0.982416     0.687485     0.640694     0.545200     0.472337     0.434089     0.346551     0.311721     0.276780     0.264045     0.255128     0.265613     0.251766     0.236902     0.245002     0.228750     0.218957     0.202214
23           0.982416     0.687485     0.640694     0.545200     0.472337     0.434089     0.346551     0.311721     0.276780     0.264045     0.255128     0.265613     0.251766     0.236902     0.245002     0.228750     0.218957     0.202214
24           0.982416     0.687485     0.640694     0.545200     0.472337     0.434089     0.346551     0.311721     0.276780     0.264045     0.255128     0.265613     0.251766     0.236902     0.245002     0.228750     0.218957     0.202214
25           0.982416     0.687485     0.640694     0.545200     0.472337     0.434089     0.346551     0.311721     0.276780     0.264045     0.255128     0.265613     0.251766     0.236902     0.245002     0.228750     0.218957     0.202214
26                NaN          NaN          NaN          NaN          NaN          NaN          NaN          NaN          NaN          NaN          NaN          NaN          NaN          NaN          NaN          NaN          NaN          NaN
27           0.982416     0.687485     0.640694     0.545200     0.472337     0.434089     0.346551     0.311721     0.276780     0.264045     0.255128     0.265613     0.251766     0.236902     0.245002     0.228750     0.218957     0.202214
28           0.982416     0.687485     0.640694     0.545200     0.472337     0.434089     0.346551     0.311721     0.276780     0.264045     0.255128     0.265613     0.251766     0.236902     0.245002     0.228750     0.218957     0.202214
29           0.982416     0.687485     0.640694     0.545200     0.472337     0.434089     0.346551     0.311721     0.276780     0.264045     0.255128     0.265613     0.251766     0.236902     0.245002     0.228750     0.218957     0.202214
30           0.982416     0.687485     0.640694     0.545200     0.472337     0.434089     0.346551     0.311721     0.276780     0.264045     0.255128     0.265613     0.251766     0.236902     0.245002     0.228750     0.218957     0.202214
31           0.982416     0.687485     0.640694     0.545200     0.472337     0.434089     0.346551     0.311721     0.276780     0.264045     0.255128     0.265613     0.251766     0.236902     0.245002     0.228750     0.218957     0.202214
32           0.980760     0.680064     0.629919     0.539996     0.466935     0.427220     0.342292     0.311241     0.274615     0.259009     0.253673     0.263430     0.252537     0.235171     0.249297     0.230947     0.216165     0.200598
33           0.966677     0.609086     0.565367     0.487185     0.429879     0.395940     0.315447     0.280409     0.268375     0.251480     0.250414     0.252072     0.246084     0.220800     0.236163     0.209758     0.196498     0.201726
34           0.959597     0.615174     0.574118     0.488839     0.432296     0.399903     0.326672     0.290881     0.273728     0.255408     0.255692     0.258336     0.249701     0.228821     0.243659     0.221962     0.207804     0.211273
35           0.952304     0.602081     0.565375     0.479088     0.428062     0.395039     0.324784     0.293176     0.278394     0.259438     0.261537     0.262673     0.254251     0.231640     0.247665     0.226451     0.211872     0.219599
36           0.952304     0.602081     0.565375     0.479088     0.428062     0.395039     0.324784     0.293176     0.278394     0.259438     0.261537     0.262673     0.254251     0.231640     0.247665     0.226451     0.211872     0.219599
37           0.952304     0.602081     0.565375     0.479088     0.428062     0.395039     0.324784     0.293176     0.278394     0.259438     0.261537     0.262673     0.254251     0.231640     0.247665     0.226451     0.211872     0.219599
38           0.952304     0.602081     0.565375     0.479088     0.428062     0.395039     0.324784     0.293176     0.278394     0.259438     0.261537     0.262673     0.254251     0.231640     0.247665     0.226451     0.211872     0.219599
39           0.952304     0.602081     0.565375     0.479088     0.428062     0.395039     0.324784     0.293176     0.278394     0.259438     0.261537     0.262673     0.254251     0.231640     0.247665     0.226451     0.211872     0.219599
40           0.952304     0.602081     0.565375     0.479088     0.428062     0.395039     0.324784     0.293176     0.278394     0.259438     0.261537     0.262673     0.254251     0.231640     0.247665     0.226451     0.211872     0.219599
41           0.940687     0.658519     0.620036     0.509015     0.456991     0.412334     0.348863     0.308563     0.274047     0.238881     0.244932     0.237017     0.235716     0.212408     0.226375     0.215605     0.201638     0.202601
42           0.967974     0.706942     0.663016     0.563421     0.503397     0.456670     0.377331     0.340349     0.295319     0.273702     0.273568     0.271229     0.265704     0.247335     0.261678     0.245051     0.230986     0.223350
43           0.967974     0.706942     0.663016     0.563421     0.503397     0.456670     0.377331     0.340349     0.295319     0.273702     0.273568     0.271229     0.265704     0.247335     0.261678     0.245051     0.230986     0.223350
44           0.967974     0.706942     0.663016     0.563421     0.503397     0.456670     0.377331     0.340349     0.295319     0.273702     0.273568     0.271229     0.265704     0.247335     0.261678     0.245051     0.230986     0.223350
45           0.967974     0.706942     0.663016     0.563421     0.503397     0.456670     0.377331     0.340349     0.295319     0.273702     0.273568     0.271229     0.265704     0.247335     0.261678     0.245051     0.230986     0.223350
46           0.967974     0.706942     0.663016     0.563421     0.503397     0.456670     0.377331     0.340349     0.295319     0.273702     0.273568     0.271229     0.265704     0.247335     0.261678     0.245051     0.230986     0.223350
47           0.980021     0.728319     0.681991     0.587440     0.523884     0.476243     0.389898     0.354382     0.304710     0.289074     0.286210     0.286332     0.278943     0.262754     0.277263     0.258051     0.243942     0.232511
48           0.990703     0.724587     0.689508     0.597267     0.522947     0.496220     0.417441     0.391124     0.325101     0.319343     0.305792     0.313063     0.302745     0.289160     0.302279     0.300495     0.288867     0.251903
49           0.990703     0.724587     0.689508     0.597267     0.522947     0.496220     0.417441     0.391124     0.325101     0.319343     0.305792     0.313063     0.302745     0.289160     0.302279     0.300495     0.288867     0.251903
50           0.990703     0.724587     0.689508     0.597267     0.522947     0.496220     0.417441     0.391124     0.325101     0.319343     0.305792     0.313063     0.302745     0.289160     0.302279     0.300495     0.288867     0.251903
51                NaN          NaN          NaN          NaN          NaN          NaN          NaN          NaN          NaN          NaN          NaN          NaN          NaN          NaN          NaN          NaN          NaN          NaN
52           0.990703     0.724587     0.689508     0.597267     0.522947     0.496220     0.417441     0.391124     0.325101     0.319343     0.305792     0.313063     0.302745     0.289160     0.302279     0.300495     0.288867     0.251903
53           0.990703     0.724587     0.689508     0.597267     0.522947     0.496220     0.417441     0.391124     0.325101     0.319343     0.305792     0.313063     0.302745     0.289160     0.302279     0.300495     0.288867     0.251903
54           0.983461     0.730437     0.691613     0.604793     0.534157     0.502651     0.426589     0.394087     0.333398     0.325753     0.317214     0.320518     0.311449     0.295648     0.309367     0.297769     0.281540     0.265095
55           0.982570     0.808089     0.754207     0.671259     0.605977     0.558936     0.470795     0.411036     0.378809     0.370010     0.368461     0.375529     0.367562     0.335400     0.349626     0.331356     0.314051     0.311032
56           0.985067     0.835651     0.782928     0.700883     0.643214     0.600415     0.521414     0.459945     0.432204     0.423103     0.426284     0.430346     0.421300     0.390196     0.403967     0.391666     0.374828     0.365601
57           0.985067     0.835651     0.782928     0.700883     0.643214     0.600415     0.521414     0.459945     0.432204     0.423103     0.426284     0.430346     0.421300     0.390196     0.403967     0.391666     0.374828     0.365601
58           0.985067     0.835651     0.782928     0.700883     0.643214     0.600415     0.521414     0.459945     0.432204     0.423103     0.426284     0.430346     0.421300     0.390196     0.403967     0.391666     0.374828     0.365601
59           0.985067     0.835651     0.782928     0.700883     0.643214     0.600415     0.521414     0.459945     0.432204     0.423103     0.426284     0.430346     0.421300     0.390196     0.403967     0.391666     0.374828     0.365601
60           0.985067     0.835651     0.782928     0.700883     0.643214     0.600415     0.521414     0.459945     0.432204     0.423103     0.426284     0.430346     0.421300     0.390196     0.403967     0.391666     0.374828     0.365601
61           0.991399     0.863593     0.817871     0.744321     0.690171     0.658950     0.594546     0.541840     0.509528     0.495791     0.504379     0.501271     0.491138     0.464908     0.481223     0.475723     0.458106     0.441603
62           0.989785     0.863119     0.818988     0.745912     0.689914     0.658982     0.594035     0.542874     0.509910     0.495818     0.504140     0.501090     0.490671     0.466229     0.481854     0.476527     0.459377     0.441652
63           0.989785     0.863119     0.818988     0.745912     0.689914     0.658982     0.594035     0.542874     0.509910     0.495818     0.504140     0.501090     0.490671     0.466229     0.481854     0.476527     0.459377     0.441652
64           0.982249     0.857453     0.826858     0.758474     0.686129     0.656383     0.586744     0.548165     0.513701     0.493384     0.500970     0.493270     0.485946     0.468193     0.480699     0.481121     0.463882     0.440088
65           0.981626     0.855619     0.822717     0.752621     0.680463     0.649803     0.579873     0.537674     0.502813     0.486982     0.490934     0.484732     0.476674     0.459368     0.474498     0.470576     0.450407     0.430098
66           0.982211     0.853842     0.819353     0.748208     0.675450     0.643587     0.573554     0.529172     0.492194     0.478910     0.480945     0.476742     0.467357     0.449828     0.466473     0.460283     0.440316     0.421230
67           0.982211     0.853842     0.819353     0.748208     0.675450     0.643587     0.573554     0.529172     0.492194     0.478910     0.480945     0.476742     0.467357     0.449828     0.466473     0.460283     0.440316     0.421230
68           0.982211     0.853842     0.819353     0.748208     0.675450     0.643587     0.573554     0.529172     0.492194     0.478910     0.480945     0.476742     0.467357     0.449828     0.466473     0.460283     0.440316     0.421230
69                NaN          NaN          NaN          NaN          NaN          NaN          NaN          NaN          NaN          NaN          NaN          NaN          NaN          NaN          NaN          NaN          NaN          NaN
70           0.982211     0.853842     0.819353     0.748208     0.675450     0.643587     0.573554     0.529172     0.492194     0.478910     0.480945     0.476742     0.467357     0.449828     0.466473     0.460283     0.440316     0.421230
71                NaN          NaN          NaN          NaN          NaN          NaN          NaN          NaN          NaN          NaN          NaN          NaN          NaN          NaN          NaN          NaN          NaN          NaN
72                NaN          NaN          NaN          NaN          NaN          NaN          NaN          NaN          NaN          NaN          NaN          NaN          NaN          NaN          NaN          NaN          NaN          NaN
73           0.982211     0.853842     0.819353     0.748208     0.675450     0.643587     0.573554     0.529172     0.492194     0.478910     0.480945     0.476742     0.467357     0.449828     0.466473     0.460283     0.440316     0.421230
74           0.982211     0.853842     0.819353     0.748208     0.675450     0.643587     0.573554     0.529172     0.492194     0.478910     0.480945     0.476742     0.467357     0.449828     0.466473     0.460283     0.440316     0.421230
75           0.982211     0.853842     0.819353     0.748208     0.675450     0.643587     0.573554     0.529172     0.492194     0.478910     0.480945     0.476742     0.467357     0.449828     0.466473     0.460283     0.440316     0.421230
76           0.982211     0.853842     0.819353     0.748208     0.675450     0.643587     0.573554     0.529172     0.492194     0.478910     0.480945     0.476742     0.467357     0.449828     0.466473     0.460283     0.440316     0.421230
77           0.982211     0.853842     0.819353     0.748208     0.675450     0.643587     0.573554     0.529172     0.492194     0.478910     0.480945     0.476742     0.467357     0.449828     0.466473     0.460283     0.440316     0.421230
78           0.982211     0.853842     0.819353     0.748208     0.675450     0.643587     0.573554     0.529172     0.492194     0.478910     0.480945     0.476742     0.467357     0.449828     0.466473     0.460283     0.440316     0.421230
79           0.982211     0.853842     0.819353     0.748208     0.675450     0.643587     0.573554     0.529172     0.492194     0.478910     0.480945     0.476742     0.467357     0.449828     0.466473     0.460283     0.440316     0.421230
80           0.982211     0.853842     0.819353     0.748208     0.675450     0.643587     0.573554     0.529172     0.492194     0.478910     0.480945     0.476742     0.467357     0.449828     0.466473     0.460283     0.440316     0.421230
81           0.982211     0.853842     0.819353     0.748208     0.675450     0.643587     0.573554     0.529172     0.492194     0.478910     0.480945     0.476742     0.467357     0.449828     0.466473     0.460283     0.440316     0.421230
82           0.982211     0.853842     0.819353     0.748208     0.675450     0.643587     0.573554     0.529172     0.492194     0.478910     0.480945     0.476742     0.467357     0.449828     0.466473     0.460283     0.440316     0.421230
83           0.982211     0.853842     0.819353     0.748208     0.675450     0.643587     0.573554     0.529172     0.492194     0.478910     0.480945     0.476742     0.467357     0.449828     0.466473     0.460283     0.440316     0.421230
84           0.982211     0.853842     0.819353     0.748208     0.675450     0.643587     0.573554     0.529172     0.492194     0.478910     0.480945     0.476742     0.467357     0.449828     0.466473     0.460283     0.440316     0.421230
85           0.982211     0.853842     0.819353     0.748208     0.675450     0.643587     0.573554     0.529172     0.492194     0.478910     0.480945     0.476742     0.467357     0.449828     0.466473     0.460283     0.440316     0.421230
86           0.982211     0.853842     0.819353     0.748208     0.675450     0.643587     0.573554     0.529172     0.492194     0.478910     0.480945     0.476742     0.467357     0.449828     0.466473     0.460283     0.440316     0.421230
87           0.982211     0.853842     0.819353     0.748208     0.675450     0.643587     0.573554     0.529172     0.492194     0.478910     0.480945     0.476742     0.467357     0.449828     0.466473     0.460283     0.440316     0.421230
88           0.982211     0.853842     0.819353     0.748208     0.675450     0.643587     0.573554     0.529172     0.492194     0.478910     0.480945     0.476742     0.467357     0.449828     0.466473     0.460283     0.440316     0.421230
89           0.982211     0.853842     0.819353     0.748208     0.675450     0.643587     0.573554     0.529172     0.492194     0.478910     0.480945     0.476742     0.467357     0.449828     0.466473     0.460283     0.440316     0.421230
90           0.979083     0.851044     0.816988     0.742478     0.667310     0.635800     0.565546     0.519973     0.479308     0.468291     0.470625     0.470008     0.458734     0.441899     0.461597     0.451710     0.433456     0.412146
91           0.985748     0.875934     0.870993     0.826234     0.774789     0.765179     0.726193     0.711888     0.672474     0.663973     0.668995     0.663014     0.659971     0.640841     0.657395     0.669946     0.651013     0.621873
92           0.985864     0.877185     0.873305     0.829212     0.778199     0.768650     0.732123     0.718434     0.678404     0.671362     0.674101     0.670812     0.664276     0.645240     0.666617     0.675112     0.659432     0.627340
93           0.985864     0.877185     0.873305     0.829212     0.778199     0.768650     0.732123     0.718434     0.678404     0.671362     0.674101     0.670812     0.664276     0.645240     0.666617     0.675112     0.659432     0.627340
94           0.989589     0.866986     0.860023     0.817941     0.763610     0.752105     0.714084     0.696500     0.651227     0.642785     0.647349     0.641312     0.628434     0.613855     0.630159     0.637937     0.625801     0.602254
95           0.989589     0.866986     0.860023     0.817941     0.763610     0.752105     0.714084     0.696500     0.651227     0.642785     0.647349     0.641312     0.628434     0.613855     0.630159     0.637937     0.625801     0.602254
96           0.989589     0.866986     0.860023     0.817941     0.763610     0.752105     0.714084     0.696500     0.651227     0.642785     0.647349     0.641312     0.628434     0.613855     0.630159     0.637937     0.625801     0.602254
97           0.989589     0.866986     0.860023     0.817941     0.763610     0.752105     0.714084     0.696500     0.651227     0.642785     0.647349     0.641312     0.628434     0.613855     0.630159     0.637937     0.625801     0.602254
98           0.989589     0.866986     0.860023     0.817941     0.763610     0.752105     0.714084     0.696500     0.651227     0.642785     0.647349     0.641312     0.628434     0.613855     0.630159     0.637937     0.625801     0.602254
99           0.989589     0.866986     0.860023     0.817941     0.763610     0.752105     0.714084     0.696500     0.651227     0.642785     0.647349     0.641312     0.628434     0.613855     0.630159     0.637937     0.625801     0.602254
100          0.989589     0.866986     0.860023     0.817941     0.763610     0.752105     0.714084     0.696500     0.651227     0.642785     0.647349     0.641312     0.628434     0.613855     0.630159     0.637937     0.625801     0.602254
101          0.989589     0.866986     0.860023     0.817941     0.763610     0.752105     0.714084     0.696500     0.651227     0.642785     0.647349     0.641312     0.628434     0.613855     0.630159     0.637937     0.625801     0.602254
102          0.989589     0.866986     0.860023     0.817941     0.763610     0.752105     0.714084     0.696500     0.651227     0.642785     0.647349     0.641312     0.628434     0.613855     0.630159     0.637937     0.625801     0.602254
103          0.989589     0.866986     0.860023     0.817941     0.763610     0.752105     0.714084     0.696500     0.651227     0.642785     0.647349     0.641312     0.628434     0.613855     0.630159     0.637937     0.625801     0.602254
104               NaN          NaN          NaN          NaN          NaN          NaN          NaN          NaN          NaN          NaN          NaN          NaN          NaN          NaN          NaN          NaN          NaN          NaN
105          0.998168     0.811047     0.767803     0.704017     0.648288     0.623840     0.561123     0.499032     0.476881     0.470993     0.474260     0.462093     0.457360     0.439799     0.453616     0.444988     0.439443     0.437457
106          0.998168     0.811047     0.767803     0.704017     0.648288     0.623840     0.561123     0.499032     0.476881     0.470993     0.474260     0.462093     0.457360     0.439799     0.453616     0.444988     0.439443     0.437457
107          0.998168     0.811047     0.767803     0.704017     0.648288     0.623840     0.561123     0.499032     0.476881     0.470993     0.474260     0.462093     0.457360     0.439799     0.453616     0.444988     0.439443     0.437457
108          0.996183     0.823190     0.786005     0.726368     0.673344     0.651430     0.592530     0.535849     0.514620     0.508284     0.512697     0.499762     0.494793     0.477538     0.492530     0.483622     0.478833     0.475991
109          0.996183     0.823190     0.786005     0.726368     0.673344     0.651430     0.592530     0.535849     0.514620     0.508284     0.512697     0.499762     0.494793     0.477538     0.492530     0.483622     0.478833     0.475991
110          0.996183     0.823190     0.786005     0.726368     0.673344     0.651430     0.592530     0.535849     0.514620     0.508284     0.512697     0.499762     0.494793     0.477538     0.492530     0.483622     0.478833     0.475991
111          0.987240     0.840017     0.817702     0.765080     0.715215     0.691652     0.641480     0.612100     0.589871     0.586185     0.588600     0.574260     0.570935     0.552100     0.571670     0.561358     0.550792     0.548796
112          0.984509     0.870098     0.858067     0.809202     0.767960     0.753272     0.715304     0.689308     0.667516     0.660503     0.664152     0.645694     0.644074     0.629733     0.645355     0.634344     0.626871     0.629738
113          0.985015     0.893640     0.888155     0.853694     0.826671     0.812257     0.782914     0.752187     0.747315     0.745665     0.750168     0.728510     0.728519     0.711482     0.725676     0.706052     0.701872     0.715042
114          0.986819     0.895110     0.895013     0.862396     0.836757     0.825262     0.798926     0.774233     0.769368     0.767582     0.771441     0.751509     0.751579     0.733292     0.748173     0.732172     0.726340     0.736904
115          0.986819     0.895110     0.895013     0.862396     0.836757     0.825262     0.798926     0.774233     0.769368     0.767582     0.771441     0.751509     0.751579     0.733292     0.748173     0.732172     0.726340     0.736904
116          0.986819     0.895110     0.895013     0.862396     0.836757     0.825262     0.798926     0.774233     0.769368     0.767582     0.771441     0.751509     0.751579     0.733292     0.748173     0.732172     0.726340     0.736904
117          0.986819     0.895110     0.895013     0.862396     0.836757     0.825262     0.798926     0.774233     0.769368     0.767582     0.771441     0.751509     0.751579     0.733292     0.748173     0.732172     0.726340     0.736904
118          0.986819     0.895110     0.895013     0.862396     0.836757     0.825262     0.798926     0.774233     0.769368     0.767582     0.771441     0.751509     0.751579     0.733292     0.748173     0.732172     0.726340     0.736904
119          0.986819     0.895110     0.895013     0.862396     0.836757     0.825262     0.798926     0.774233     0.769368     0.767582     0.771441     0.751509     0.751579     0.733292     0.748173     0.732172     0.726340     0.736904
120          0.986819     0.895110     0.895013     0.862396     0.836757     0.825262     0.798926     0.774233     0.769368     0.767582     0.771441     0.751509     0.751579     0.733292     0.748173     0.732172     0.726340     0.736904
121          0.986819     0.895110     0.895013     0.862396     0.836757     0.825262     0.798926     0.774233     0.769368     0.767582     0.771441     0.751509     0.751579     0.733292     0.748173     0.732172     0.726340     0.736904
122          0.987641     0.831020     0.812818     0.760747     0.722865     0.699888     0.661945     0.615744     0.613477     0.605556     0.603260     0.592009     0.588271     0.572428     0.585162     0.558323     0.552604     0.568574
123          0.985821     0.780309     0.757539     0.699051     0.660833     0.633605     0.591582     0.542874     0.543758     0.537058     0.533362     0.527592     0.522633     0.506663     0.519024     0.485696     0.479688     0.499399
124          0.985821     0.780309     0.757539     0.699051     0.660833     0.633605     0.591582     0.542874     0.543758     0.537058     0.533362     0.527592     0.522633     0.506663     0.519024     0.485696     0.479688     0.499399
125          0.985821     0.780309     0.757539     0.699051     0.660833     0.633605     0.591582     0.542874     0.543758     0.537058     0.533362     0.527592     0.522633     0.506663     0.519024     0.485696     0.479688     0.499399
126          0.979071     0.662818     0.626287     0.554605     0.507589     0.473865     0.417656     0.385163     0.373797     0.372575     0.367287     0.369151     0.361081     0.346668     0.361883     0.327530     0.316620     0.328641
127          0.992205     0.700009     0.669329     0.602829     0.554195     0.533116     0.493755     0.470952     0.447537     0.448992     0.443288     0.447399     0.430605     0.422010     0.434657     0.415382     0.412927     0.408917
128          0.992205     0.700009     0.669329     0.602829     0.554195     0.533116     0.493755     0.470952     0.447537     0.448992     0.443288     0.447399     0.430605     0.422010     0.434657     0.415382     0.412927     0.408917
129          0.992205     0.700009     0.669329     0.602829     0.554195     0.533116     0.493755     0.470952     0.447537     0.448992     0.443288     0.447399     0.430605     0.422010     0.434657     0.415382     0.412927     0.408917
130          0.992205     0.700009     0.669329     0.602829     0.554195     0.533116     0.493755     0.470952     0.447537     0.448992     0.443288     0.447399     0.430605     0.422010     0.434657     0.415382     0.412927     0.408917
131          0.992205     0.700009     0.669329     0.602829     0.554195     0.533116     0.493755     0.470952     0.447537     0.448992     0.443288     0.447399     0.430605     0.422010     0.434657     0.415382     0.412927     0.408917
132          0.992205     0.700009     0.669329     0.602829     0.554195     0.533116     0.493755     0.470952     0.447537     0.448992     0.443288     0.447399     0.430605     0.422010     0.434657     0.415382     0.412927     0.408917
133          0.992205     0.700009     0.669329     0.602829     0.554195     0.533116     0.493755     0.470952     0.447537     0.448992     0.443288     0.447399     0.430605     0.422010     0.434657     0.415382     0.412927     0.408917
134          0.983956     0.747163     0.712675     0.643955     0.578103     0.551279     0.493344     0.459412     0.427044     0.410310     0.415643     0.414023     0.405277     0.390572     0.404677     0.407978     0.390202     0.378861
135          0.978677     0.763083     0.731824     0.667000     0.602812     0.576494     0.524294     0.492461     0.451494     0.434732     0.435561     0.439751     0.424207     0.410250     0.426987     0.431738     0.414519     0.393611
136          0.978677     0.763083     0.731824     0.667000     0.602812     0.576494     0.524294     0.492461     0.451494     0.434732     0.435561     0.439751     0.424207     0.410250     0.426987     0.431738     0.414519     0.393611
137          0.978677     0.763083     0.731824     0.667000     0.602812     0.576494     0.524294     0.492461     0.451494     0.434732     0.435561     0.439751     0.424207     0.410250     0.426987     0.431738     0.414519     0.393611
138          0.978677     0.763083     0.731824     0.667000     0.602812     0.576494     0.524294     0.492461     0.451494     0.434732     0.435561     0.439751     0.424207     0.410250     0.426987     0.431738     0.414519     0.393611
139          0.985753     0.759241     0.733431     0.671725     0.604113     0.584555     0.533985     0.506659     0.464145     0.450551     0.453585     0.455012     0.437063     0.424141     0.439977     0.448055     0.431706     0.401726
140          0.985753     0.759241     0.733431     0.671725     0.604113     0.584555     0.533985     0.506659     0.464145     0.450551     0.453585     0.455012     0.437063     0.424141     0.439977     0.448055     0.431706     0.401726
141          0.985753     0.759241     0.733431     0.671725     0.604113     0.584555     0.533985     0.506659     0.464145     0.450551     0.453585     0.455012     0.437063     0.424141     0.439977     0.448055     0.431706     0.401726
142               NaN          NaN          NaN          NaN          NaN          NaN          NaN          NaN          NaN          NaN          NaN          NaN          NaN          NaN          NaN          NaN          NaN          NaN
143          0.985753     0.759241     0.733431     0.671725     0.604113     0.584555     0.533985     0.506659     0.464145     0.450551     0.453585     0.455012     0.437063     0.424141     0.439977     0.448055     0.431706     0.401726
144          0.985753     0.759241     0.733431     0.671725     0.604113     0.584555     0.533985     0.506659     0.464145     0.450551     0.453585     0.455012     0.437063     0.424141     0.439977     0.448055     0.431706     0.401726
145          0.985753     0.759241     0.733431     0.671725     0.604113     0.584555     0.533985     0.506659     0.464145     0.450551     0.453585     0.455012     0.437063     0.424141     0.439977     0.448055     0.431706     0.401726
146          0.985753     0.759241     0.733431     0.671725     0.604113     0.584555     0.533985     0.506659     0.464145     0.450551     0.453585     0.455012     0.437063     0.424141     0.439977     0.448055     0.431706     0.401726
147          0.985753     0.759241     0.733431     0.671725     0.604113     0.584555     0.533985     0.506659     0.464145     0.450551     0.453585     0.455012     0.437063     0.424141     0.439977     0.448055     0.431706     0.401726
148               NaN          NaN          NaN          NaN          NaN          NaN          NaN          NaN          NaN          NaN          NaN          NaN          NaN          NaN          NaN          NaN          NaN          NaN
149          0.985753     0.759241     0.733431     0.671725     0.604113     0.584555     0.533985     0.506659     0.464145     0.450551     0.453585     0.455012     0.437063     0.424141     0.439977     0.448055     0.431706     0.401726
150          0.985753     0.759241     0.733431     0.671725     0.604113     0.584555     0.533985     0.506659     0.464145     0.450551     0.453585     0.455012     0.437063     0.424141     0.439977     0.448055     0.431706     0.401726
151          0.985753     0.759241     0.733431     0.671725     0.604113     0.584555     0.533985     0.506659     0.464145     0.450551     0.453585     0.455012     0.437063     0.424141     0.439977     0.448055     0.431706     0.401726
152          0.985753     0.759241     0.733431     0.671725     0.604113     0.584555     0.533985     0.506659     0.464145     0.450551     0.453585     0.455012     0.437063     0.424141     0.439977     0.448055     0.431706     0.401726
153               NaN          NaN          NaN          NaN          NaN          NaN          NaN          NaN          NaN          NaN          NaN          NaN          NaN          NaN          NaN          NaN          NaN          NaN
154          0.985753     0.759241     0.733431     0.671725     0.604113     0.584555     0.533985     0.506659     0.464145     0.450551     0.453585     0.455012     0.437063     0.424141     0.439977     0.448055     0.431706     0.401726
155          0.985753     0.759241     0.733431     0.671725     0.604113     0.584555     0.533985     0.506659     0.464145     0.450551     0.453585     0.455012     0.437063     0.424141     0.439977     0.448055     0.431706     0.401726
156               NaN          NaN          NaN          NaN          NaN          NaN          NaN          NaN          NaN          NaN          NaN          NaN          NaN          NaN          NaN          NaN          NaN          NaN
157          0.985753     0.759241     0.733431     0.671725     0.604113     0.584555     0.533985     0.506659     0.464145     0.450551     0.453585     0.455012     0.437063     0.424141     0.439977     0.448055     0.431706     0.401726
158          0.985753     0.759241     0.733431     0.671725     0.604113     0.584555     0.533985     0.506659     0.464145     0.450551     0.453585     0.455012     0.437063     0.424141     0.439977     0.448055     0.431706     0.401726
159          0.985753     0.759241     0.733431     0.671725     0.604113     0.584555     0.533985     0.506659     0.464145     0.450551     0.453585     0.455012     0.437063     0.424141     0.439977     0.448055     0.431706     0.401726
160          0.985753     0.759241     0.733431     0.671725     0.604113     0.584555     0.533985     0.506659     0.464145     0.450551     0.453585     0.455012     0.437063     0.424141     0.439977     0.448055     0.431706     0.401726
161          0.980787     0.766196     0.737127     0.675729     0.614045     0.587294     0.542579     0.501975     0.462085     0.442730     0.438779     0.451724     0.426457     0.413143     0.428585     0.437134     0.422382     0.397741
162          0.980787     0.766196     0.737127     0.675729     0.614045     0.587294     0.542579     0.501975     0.462085     0.442730     0.438779     0.451724     0.426457     0.413143     0.428585     0.437134     0.422382     0.397741