exposure  0.60      4.98      10.02     19.98     40.02     60.00     150.00    300.00    600.00    900.00    1200.00   1800.00   2700.00   3600.00   10800.00  57600.00
r_number                                                                                                                                                                
1         0.014896  0.021972  0.014151  0.016654  0.015708  0.026760  0.013598  0.019907  0.014705  0.014481  0.016388  0.007392  0.010120  0.015285  0.005144  0.005206
2         0.014896  0.021972  0.014151  0.016654  0.015708  0.026760  0.013598  0.019907  0.014705  0.014481  0.016388  0.007392  0.010120  0.015285  0.005144  0.005206
3         0.014896  0.021972  0.014151  0.016654  0.015708  0.026760  0.013598  0.019907  0.014705  0.014481  0.016388  0.007392  0.010120  0.015285  0.005144  0.005206
4         0.014896  0.021972  0.014151  0.016654  0.015708  0.026760  0.013598  0.019907  0.014705  0.014481  0.016388  0.007392  0.010120  0.015285  0.005144  0.005206
5              NaN       NaN       NaN       NaN       NaN       NaN       NaN       NaN       NaN       NaN       NaN       NaN       NaN       NaN       NaN       NaN
6         0.014896  0.021972  0.014151  0.016654  0.015708  0.026760  0.013598  0.019907  0.014705  0.014481  0.016388  0.007392  0.010120  0.015285  0.005144  0.005206
7         0.014896  0.021972  0.014151  0.016654  0.015708  0.026760  0.013598  0.019907  0.014705  0.014481  0.016388  0.007392  0.010120  0.015285  0.005144  0.005206
8         0.014896  0.021972  0.014151  0.016654  0.015708  0.026760  0.013598  0.019907  0.014705  0.014481  0.016388  0.007392  0.010120  0.015285  0.005144  0.005206
9         0.015867  0.021246  0.010923  0.017509  0.014570  0.023839  0.013837  0.008637  0.011786  0.010943  0.012425  0.005995  0.008704  0.010551  0.003790  0.003832
10        0.013433  0.014550  0.010301  0.011969  0.011711  0.018004  0.009531  0.007045  0.009093  0.012120  0.010049  0.013038  0.012622  0.010698  0.002896  0.002918
11        0.013433  0.014550  0.010301  0.011969  0.011711  0.018004  0.009531  0.007045  0.009093  0.012120  0.010049  0.013038  0.012622  0.010698  0.002896  0.002918
12        0.013433  0.014550  0.010301  0.011969  0.011711  0.018004  0.009531  0.007045  0.009093  0.012120  0.010049  0.013038  0.012622  0.010698  0.002896  0.002918
13        0.013433  0.014550  0.010301  0.011969  0.011711  0.018004  0.009531  0.007045  0.009093  0.012120  0.010049  0.013038  0.012622  0.010698  0.002896  0.002918
14        0.013433  0.014550  0.010301  0.011969  0.011711  0.018004  0.009531  0.007045  0.009093  0.012120  0.010049  0.013038  0.012622  0.010698  0.002896  0.002918
15        0.013433  0.014550  0.010301  0.011969  0.011711  0.018004  0.009531  0.007045  0.009093  0.012120  0.010049  0.013038  0.012622  0.010698  0.002896  0.002918
16        0.014474  0.013759  0.011651  0.011464  0.012036  0.018436  0.009768  0.007594  0.009546  0.014106  0.010430  0.015898  0.014830  0.012136  0.003086  0.003103
17        0.014474  0.013759  0.011651  0.011464  0.012036  0.018436  0.009768  0.007594  0.009546  0.014106  0.010430  0.015898  0.014830  0.012136  0.003086  0.003103
18        0.021316  0.029826  0.014516  0.022520  0.018045  0.035296  0.017976  0.012474  0.017106  0.016910  0.018282  0.009162  0.010320  0.015033  0.005132  0.005132
19        0.014457  0.019726  0.013250  0.014945  0.013427  0.017962  0.015146  0.010066  0.008584  0.014635  0.016509  0.005316  0.005483  0.008654  0.002544  0.002569
20        0.011438  0.016463  0.010923  0.013029  0.011820  0.015341  0.013082  0.007780  0.006220  0.011315  0.012846  0.004009  0.005221  0.006730  0.003293  0.002258
21        0.010573  0.015754  0.010319  0.013058  0.010613  0.014190  0.012127  0.006813  0.005579  0.010118  0.011809  0.003573  0.004797  0.006406  0.002847  0.002024
22        0.009515  0.012350  0.008658  0.011577  0.008438  0.011900  0.009441  0.006187  0.004742  0.007760  0.009728  0.004259  0.004568  0.005465  0.001983  0.001555
23        0.009515  0.012350  0.008658  0.011577  0.008438  0.011900  0.009441  0.006187  0.004742  0.007760  0.009728  0.004259  0.004568  0.005465  0.001983  0.001555
24        0.009515  0.012350  0.008658  0.011577  0.008438  0.011900  0.009441  0.006187  0.004742  0.007760  0.009728  0.004259  0.004568  0.005465  0.001983  0.001555
25        0.009515  0.012350  0.008658  0.011577  0.008438  0.011900  0.009441  0.006187  0.004742  0.007760  0.009728  0.004259  0.004568  0.005465  0.001983  0.001555
26             NaN       NaN       NaN       NaN       NaN       NaN       NaN       NaN       NaN       NaN       NaN       NaN       NaN       NaN       NaN       NaN
27        0.009515  0.012350  0.008658  0.011577  0.008438  0.011900  0.009441  0.006187  0.004742  0.007760  0.009728  0.004259  0.004568  0.005465  0.001983  0.001555
28        0.009515  0.012350  0.008658  0.011577  0.008438  0.011900  0.009441  0.006187  0.004742  0.007760  0.009728  0.004259  0.004568  0.005465  0.001983  0.001555
29        0.009515  0.012350  0.008658  0.011577  0.008438  0.011900  0.009441  0.006187  0.004742  0.007760  0.009728  0.004259  0.004568  0.005465  0.001983  0.001555
30        0.009515  0.012350  0.008658  0.011577  0.008438  0.011900  0.009441  0.006187  0.004742  0.007760  0.009728  0.004259  0.004568  0.005465  0.001983  0.001555
31        0.009515  0.012350  0.008658  0.011577  0.008438  0.011900  0.009441  0.006187  0.004742  0.007760  0.009728  0.004259  0.004568  0.005465  0.001983  0.001555
32        0.011971  0.015200  0.010327  0.014781  0.010489  0.014147  0.011355  0.006696  0.005442  0.008569  0.010500  0.004379  0.003965  0.005752  0.002536  0.001835
33        0.016585  0.021726  0.014554  0.019996  0.016096  0.024078  0.014068  0.012114  0.008959  0.013112  0.016948  0.008919  0.007452  0.009648  0.007379  0.006863
34        0.013757  0.020239  0.013309  0.021763  0.012837  0.021073  0.012499  0.009342  0.007364  0.011913  0.014622  0.006914  0.005933  0.008518  0.005659  0.005279
35        0.019191  0.029994  0.019485  0.032876  0.017503  0.031533  0.017386  0.013351  0.010871  0.017006  0.021330  0.010202  0.009218  0.012950  0.008409  0.008398
36        0.019620  0.036204  0.023379  0.038651  0.020567  0.037394  0.020495  0.015446  0.012726  0.020546  0.026070  0.011865  0.011448  0.015521  0.010729  0.010717
37        0.019620  0.036204  0.023379  0.038651  0.020567  0.037394  0.020495  0.015446  0.012726  0.020546  0.026070  0.011865  0.011448  0.015521  0.010729  0.010717
38        0.019620  0.036204  0.023379  0.038651  0.020567  0.037394  0.020495  0.015446  0.012726  0.020546  0.026070  0.011865  0.011448  0.015521  0.010729  0.010717
39        0.019620  0.036204  0.023379  0.038651  0.020567  0.037394  0.020495  0.015446  0.012726  0.020546  0.026070  0.011865  0.011448  0.015521  0.010729  0.010717
40        0.019620  0.036204  0.023379  0.038651  0.020567  0.037394  0.020495  0.015446  0.012726  0.020546  0.026070  0.011865  0.011448  0.015521  0.010729  0.010717
41             NaN       NaN       NaN       NaN       NaN       NaN       NaN       NaN       NaN       NaN       NaN       NaN       NaN       NaN       NaN       NaN
42        0.022430  0.041635  0.027545  0.035663  0.037754  0.050551  0.028953  0.020072  0.022668  0.022125  0.027423  0.005949  0.008358  0.011504  0.003714  0.003622
43        0.022430  0.041635  0.027545  0.035663  0.037754  0.050551  0.028953  0.020072  0.022668  0.022125  0.027423  0.005949  0.008358  0.011504  0.003714  0.003622
44        0.022430  0.041635  0.027545  0.035663  0.037754  0.050551  0.028953  0.020072  0.022668  0.022125  0.027423  0.005949  0.008358  0.011504  0.003714  0.003622
45        0.022430  0.041635  0.027545  0.035663  0.037754  0.050551  0.028953  0.020072  0.022668  0.022125  0.027423  0.005949  0.008358  0.011504  0.003714  0.003622
46        0.022430  0.041635  0.027545  0.035663  0.037754  0.050551  0.028953  0.020072  0.022668  0.022125  0.027423  0.005949  0.008358  0.011504  0.003714  0.003622
47        0.022430  0.041635  0.027545  0.035663  0.037754  0.050551  0.028953  0.020072  0.022668  0.022125  0.027423  0.005949  0.008358  0.011504  0.003714  0.003622
48        0.016511  0.018783  0.013623  0.024455  0.014646  0.020178  0.015717  0.008427  0.008793  0.009169  0.009928  0.003479  0.009957  0.006838  0.002315  0.002313
49        0.016511  0.018783  0.013623  0.024455  0.014646  0.020178  0.015717  0.008427  0.008793  0.009169  0.009928  0.003479  0.009957  0.006838  0.002315  0.002313
50        0.016511  0.018783  0.013623  0.024455  0.014646  0.020178  0.015717  0.008427  0.008793  0.009169  0.009928  0.003479  0.009957  0.006838  0.002315  0.002313
51             NaN       NaN       NaN       NaN       NaN       NaN       NaN       NaN       NaN       NaN       NaN       NaN       NaN       NaN       NaN       NaN
52        0.016511  0.018783  0.013623  0.024455  0.014646  0.020178  0.015717  0.008427  0.008793  0.009169  0.009928  0.003479  0.009957  0.006838  0.002315  0.002313
53        0.016511  0.018783  0.013623  0.024455  0.014646  0.020178  0.015717  0.008427  0.008793  0.009169  0.009928  0.003479  0.009957  0.006838  0.002315  0.002313
54        0.014934  0.025867  0.016399  0.030902  0.020249  0.029251  0.017939  0.012401  0.011296  0.012087  0.014850  0.004536  0.012435  0.009919  0.002981  0.002964
55        0.020652  0.031829  0.020293  0.027610  0.022732  0.029543  0.023958  0.032585  0.017505  0.024102  0.032828  0.017527  0.022220  0.024259  0.008366  0.008307
56        0.015694  0.024500  0.016094  0.021045  0.019937  0.022344  0.017555  0.025264  0.013766  0.018004  0.025783  0.013038  0.017649  0.019842  0.006317  0.006258
57        0.015694  0.024500  0.016094  0.021045  0.019937  0.022344  0.017555  0.025264  0.013766  0.018004  0.025783  0.013038  0.017649  0.019842  0.006317  0.006258
58        0.015694  0.024500  0.016094  0.021045  0.019937  0.022344  0.017555  0.025264  0.013766  0.018004  0.025783  0.013038  0.017649  0.019842  0.006317  0.006258
59        0.015694  0.024500  0.016094  0.021045  0.019937  0.022344  0.017555  0.025264  0.013766  0.018004  0.025783  0.013038  0.017649  0.019842  0.006317  0.006258
60        0.015694  0.024500  0.016094  0.021045  0.019937  0.022344  0.017555  0.025264  0.013766  0.018004  0.025783  0.013038  0.017649  0.019842  0.006317  0.006258
61        0.016359  0.026178  0.017932  0.020656  0.027454  0.023491  0.016178  0.024806  0.014443  0.014825  0.025923  0.010291  0.018429  0.022694  0.005961  0.005479
62        0.014652  0.023455  0.016055  0.019247  0.024458  0.021051  0.015028  0.022245  0.012762  0.013134  0.023002  0.009167  0.016219  0.019869  0.005279  0.004877
63        0.014652  0.023455  0.016055  0.019247  0.024458  0.021051  0.015028  0.022245  0.012762  0.013134  0.023002  0.009167  0.016219  0.019869  0.005279  0.004877
64        0.015476  0.024297  0.018253  0.028991  0.025421  0.024426  0.022855  0.023843  0.010345  0.014743  0.018582  0.010676  0.013270  0.010904  0.007195  0.005137
65        0.014630  0.020779  0.015249  0.024515  0.019599  0.018618  0.017838  0.017615  0.008742  0.010878  0.015410  0.007807  0.009882  0.008921  0.004886  0.004050
66        0.014630  0.020779  0.015249  0.024515  0.019599  0.018618  0.017838  0.017615  0.008742  0.010878  0.015410  0.007807  0.009882  0.008921  0.004886  0.004050
67        0.014630  0.020779  0.015249  0.024515  0.019599  0.018618  0.017838  0.017615  0.008742  0.010878  0.015410  0.007807  0.009882  0.008921  0.004886  0.004050
68        0.014630  0.020779  0.015249  0.024515  0.019599  0.018618  0.017838  0.017615  0.008742  0.010878  0.015410  0.007807  0.009882  0.008921  0.004886  0.004050
69             NaN       NaN       NaN       NaN       NaN       NaN       NaN       NaN       NaN       NaN       NaN       NaN       NaN       NaN       NaN       NaN
70        0.014630  0.020779  0.015249  0.024515  0.019599  0.018618  0.017838  0.017615  0.008742  0.010878  0.015410  0.007807  0.009882  0.008921  0.004886  0.004050
71             NaN       NaN       NaN       NaN       NaN       NaN       NaN       NaN       NaN       NaN       NaN       NaN       NaN       NaN       NaN       NaN
72             NaN       NaN       NaN       NaN       NaN       NaN       NaN       NaN       NaN       NaN       NaN       NaN       NaN       NaN       NaN       NaN
73        0.014630  0.020779  0.015249  0.024515  0.019599  0.018618  0.017838  0.017615  0.008742  0.010878  0.015410  0.007807  0.009882  0.008921  0.004886  0.004050
74        0.014630  0.020779  0.015249  0.024515  0.019599  0.018618  0.017838  0.017615  0.008742  0.010878  0.015410  0.007807  0.009882  0.008921  0.004886  0.004050
75        0.014630  0.020779  0.015249  0.024515  0.019599  0.018618  0.017838  0.017615  0.008742  0.010878  0.015410  0.007807  0.009882  0.008921  0.004886  0.004050
76        0.014630  0.020779  0.015249  0.024515  0.019599  0.018618  0.017838  0.017615  0.008742  0.010878  0.015410  0.007807  0.009882  0.008921  0.004886  0.004050
77        0.014630  0.020779  0.015249  0.024515  0.019599  0.018618  0.017838  0.017615  0.008742  0.010878  0.015410  0.007807  0.009882  0.008921  0.004886  0.004050
78        0.014630  0.020779  0.015249  0.024515  0.019599  0.018618  0.017838  0.017615  0.008742  0.010878  0.015410  0.007807  0.009882  0.008921  0.004886  0.004050
79        0.014630  0.020779  0.015249  0.024515  0.019599  0.018618  0.017838  0.017615  0.008742  0.010878  0.015410  0.007807  0.009882  0.008921  0.004886  0.004050
80        0.014630  0.020779  0.015249  0.024515  0.019599  0.018618  0.017838  0.017615  0.008742  0.010878  0.015410  0.007807  0.009882  0.008921  0.004886  0.004050
81        0.014630  0.020779  0.015249  0.024515  0.019599  0.018618  0.017838  0.017615  0.008742  0.010878  0.015410  0.007807  0.009882  0.008921  0.004886  0.004050
82        0.014630  0.020779  0.015249  0.024515  0.019599  0.018618  0.017838  0.017615  0.008742  0.010878  0.015410  0.007807  0.009882  0.008921  0.004886  0.004050
83        0.014630  0.020779  0.015249  0.024515  0.019599  0.018618  0.017838  0.017615  0.008742  0.010878  0.015410  0.007807  0.009882  0.008921  0.004886  0.004050
84        0.014630  0.020779  0.015249  0.024515  0.019599  0.018618  0.017838  0.017615  0.008742  0.010878  0.015410  0.007807  0.009882  0.008921  0.004886  0.004050
85        0.014630  0.020779  0.015249  0.024515  0.019599  0.018618  0.017838  0.017615  0.008742  0.010878  0.015410  0.007807  0.009882  0.008921  0.004886  0.004050
86        0.014630  0.020779  0.015249  0.024515  0.019599  0.018618  0.017838  0.017615  0.008742  0.010878  0.015410  0.007807  0.009882  0.008921  0.004886  0.004050
87        0.014630  0.020779  0.015249  0.024515  0.019599  0.018618  0.017838  0.017615  0.008742  0.010878  0.015410  0.007807  0.009882  0.008921  0.004886  0.004050
88        0.014630  0.020779  0.015249  0.024515  0.019599  0.018618  0.017838  0.017615  0.008742  0.010878  0.015410  0.007807  0.009882  0.008921  0.004886  0.004050
89        0.014630  0.020779  0.015249  0.024515  0.019599  0.018618  0.017838  0.017615  0.008742  0.010878  0.015410  0.007807  0.009882  0.008921  0.004886  0.004050
90        0.013602  0.022616  0.016108  0.025743  0.021782  0.020848  0.019420  0.021222  0.009297  0.012117  0.017217  0.008568  0.011092  0.009898  0.005586  0.004307
91        0.024808  0.040241  0.028028  0.052855  0.040503  0.036440  0.033365  0.042016  0.015825  0.011491  0.028691  0.015260  0.022222  0.021576  0.008068  0.008188
92        0.017690  0.028142  0.019984  0.036766  0.027618  0.025613  0.023627  0.029682  0.011833  0.008702  0.019056  0.010128  0.017206  0.015511  0.006080  0.006164
93        0.017690  0.028142  0.019984  0.036766  0.027618  0.025613  0.023627  0.029682  0.011833  0.008702  0.019056  0.010128  0.017206  0.015511  0.006080  0.006164
94        0.015593  0.021560  0.018340  0.027522  0.020824  0.018704  0.018016  0.019723  0.012095  0.010601  0.014322  0.017740  0.015431  0.015880  0.004964  0.004998
95        0.015593  0.021560  0.018340  0.027522  0.020824  0.018704  0.018016  0.019723  0.012095  0.010601  0.014322  0.017740  0.015431  0.015880  0.004964  0.004998
96        0.015593  0.021560  0.018340  0.027522  0.020824  0.018704  0.018016  0.019723  0.012095  0.010601  0.014322  0.017740  0.015431  0.015880  0.004964  0.004998
97        0.015593  0.021560  0.018340  0.027522  0.020824  0.018704  0.018016  0.019723  0.012095  0.010601  0.014322  0.017740  0.015431  0.015880  0.004964  0.004998
98        0.015593  0.021560  0.018340  0.027522  0.020824  0.018704  0.018016  0.019723  0.012095  0.010601  0.014322  0.017740  0.015431  0.015880  0.004964  0.004998
99        0.015593  0.021560  0.018340  0.027522  0.020824  0.018704  0.018016  0.019723  0.012095  0.010601  0.014322  0.017740  0.015431  0.015880  0.004964  0.004998
100       0.015593  0.021560  0.018340  0.027522  0.020824  0.018704  0.018016  0.019723  0.012095  0.010601  0.014322  0.017740  0.015431  0.015880  0.004964  0.004998
101       0.015593  0.021560  0.018340  0.027522  0.020824  0.018704  0.018016  0.019723  0.012095  0.010601  0.014322  0.017740  0.015431  0.015880  0.004964  0.004998
102       0.015593  0.021560  0.018340  0.027522  0.020824  0.018704  0.018016  0.019723  0.012095  0.010601  0.014322  0.017740  0.015431  0.015880  0.004964  0.004998
103       0.015593  0.021560  0.018340  0.027522  0.020824  0.018704  0.018016  0.019723  0.012095  0.010601  0.014322  0.017740  0.015431  0.015880  0.004964  0.004998
104            NaN       NaN       NaN       NaN       NaN       NaN       NaN       NaN       NaN       NaN       NaN       NaN       NaN       NaN       NaN       NaN
105       0.010881  0.021997  0.012465  0.021759  0.019121  0.020093  0.014764  0.016653  0.011819  0.015133  0.017632  0.010412  0.008868  0.008275  0.003827  0.003759
106       0.010399  0.020577  0.012114  0.020374  0.018941  0.019108  0.014059  0.015833  0.010938  0.014010  0.016227  0.009694  0.008752  0.007658  0.003687  0.003640
107       0.010399  0.020577  0.012114  0.020374  0.018941  0.019108  0.014059  0.015833  0.010938  0.014010  0.016227  0.009694  0.008752  0.007658  0.003687  0.003640
108       0.009722  0.019191  0.011608  0.019213  0.017691  0.017880  0.013353  0.015742  0.010311  0.012993  0.014821  0.008888  0.008433  0.007139  0.003413  0.003374
109       0.009722  0.019191  0.011608  0.019213  0.017691  0.017880  0.013353  0.015742  0.010311  0.012993  0.014821  0.008888  0.008433  0.007139  0.003413  0.003374
110       0.009722  0.019191  0.011608  0.019213  0.017691  0.017880  0.013353  0.015742  0.010311  0.012993  0.014821  0.008888  0.008433  0.007139  0.003413  0.003374
111       0.010851  0.019978  0.012523  0.022448  0.017812  0.020329  0.015248  0.017329  0.009136  0.010480  0.013451  0.006127  0.009876  0.008953  0.004112  0.003992
112       0.011262  0.019485  0.013814  0.020573  0.017566  0.018232  0.014429  0.019961  0.010288  0.011809  0.012267  0.006759  0.009841  0.009894  0.004114  0.004010
113       0.010714  0.017481  0.014757  0.020574  0.017193  0.017877  0.016749  0.027286  0.017264  0.016863  0.013575  0.007161  0.010390  0.010713  0.004350  0.004287
114       0.010054  0.015834  0.013191  0.017526  0.015504  0.016728  0.013963  0.022822  0.014460  0.013490  0.011522  0.006012  0.010072  0.009427  0.004118  0.004130
115       0.010054  0.015834  0.013191  0.017526  0.015504  0.016728  0.013963  0.022822  0.014460  0.013490  0.011522  0.006012  0.010072  0.009427  0.004118  0.004130
116       0.010054  0.015834  0.013191  0.017526  0.015504  0.016728  0.013963  0.022822  0.014460  0.013490  0.011522  0.006012  0.010072  0.009427  0.004118  0.004130
117       0.010054  0.015834  0.013191  0.017526  0.015504  0.016728  0.013963  0.022822  0.014460  0.013490  0.011522  0.006012  0.010072  0.009427  0.004118  0.004130
118       0.010054  0.015834  0.013191  0.017526  0.015504  0.016728  0.013963  0.022822  0.014460  0.013490  0.011522  0.006012  0.010072  0.009427  0.004118  0.004130
119       0.010054  0.015834  0.013191  0.017526  0.015504  0.016728  0.013963  0.022822  0.014460  0.013490  0.011522  0.006012  0.010072  0.009427  0.004118  0.004130
120       0.010054  0.015834  0.013191  0.017526  0.015504  0.016728  0.013963  0.022822  0.014460  0.013490  0.011522  0.006012  0.010072  0.009427  0.004118  0.004130
121       0.010054  0.015834  0.013191  0.017526  0.015504  0.016728  0.013963  0.022822  0.014460  0.013490  0.011522  0.006012  0.010072  0.009427  0.004118  0.004130
122       0.016711  0.028021  0.020709  0.025937  0.024896  0.027785  0.017478  0.025864  0.014593  0.018131  0.017573  0.010396  0.012734  0.016765  0.006092  0.005720
123       0.013995  0.025977  0.016463  0.022681  0.019632  0.024821  0.014555  0.019731  0.011387  0.014893  0.015721  0.008317  0.007424  0.012833  0.004492  0.004843
124       0.013995  0.025977  0.016463  0.022681  0.019632  0.024821  0.014555  0.019731  0.011387  0.014893  0.015721  0.008317  0.007424  0.012833  0.004492  0.004843
125       0.013995  0.025977  0.016463  0.022681  0.019632  0.024821  0.014555  0.019731  0.011387  0.014893  0.015721  0.008317  0.007424  0.012833  0.004492  0.004843
126       0.016870  0.034308  0.016064  0.030503  0.021795  0.034909  0.021474  0.012718  0.012886  0.013776  0.019899  0.006954  0.008945  0.012705  0.004402  0.007558
127       0.014558  0.020699  0.015248  0.024955  0.015253  0.021804  0.016632  0.010218  0.010827  0.011454  0.011938  0.005905  0.011507  0.010029  0.004484  0.005267
128       0.014558  0.020699  0.015248  0.024955  0.015253  0.021804  0.016632  0.010218  0.010827  0.011454  0.011938  0.005905  0.011507  0.010029  0.004484  0.005267
129       0.014558  0.020699  0.015248  0.024955  0.015253  0.021804  0.016632  0.010218  0.010827  0.011454  0.011938  0.005905  0.011507  0.010029  0.004484  0.005267
130       0.014558  0.020699  0.015248  0.024955  0.015253  0.021804  0.016632  0.010218  0.010827  0.011454  0.011938  0.005905  0.011507  0.010029  0.004484  0.005267
131       0.014558  0.020699  0.015248  0.024955  0.015253  0.021804  0.016632  0.010218  0.010827  0.011454  0.011938  0.005905  0.011507  0.010029  0.004484  0.005267
132       0.014558  0.020699  0.015248  0.024955  0.015253  0.021804  0.016632  0.010218  0.010827  0.011454  0.011938  0.005905  0.011507  0.010029  0.004484  0.005267
133       0.014558  0.020699  0.015248  0.024955  0.015253  0.021804  0.016632  0.010218  0.010827  0.011454  0.011938  0.005905  0.011507  0.010029  0.004484  0.005267
134       0.020132  0.033290  0.015030  0.036424  0.022641  0.031146  0.025466  0.016016  0.013193  0.016995  0.020888  0.008692  0.009376  0.013632  0.004346  0.015512
135       0.015687  0.023835  0.011702  0.026145  0.017237  0.022363  0.019037  0.013168  0.008659  0.011831  0.015972  0.007154  0.007060  0.010745  0.003394  0.007172
136       0.015687  0.023835  0.011702  0.026145  0.017237  0.022363  0.019037  0.013168  0.008659  0.011831  0.015972  0.007154  0.007060  0.010745  0.003394  0.007172
137       0.015687  0.023835  0.011702  0.026145  0.017237  0.022363  0.019037  0.013168  0.008659  0.011831  0.015972  0.007154  0.007060  0.010745  0.003394  0.007172
138       0.015687  0.023835  0.011702  0.026145  0.017237  0.022363  0.019037  0.013168  0.008659  0.011831  0.015972  0.007154  0.007060  0.010745  0.003394  0.007172
139       0.014180  0.018503  0.011281  0.024546  0.015523  0.017712  0.017511  0.012617  0.008340  0.009868  0.013367  0.006412  0.009817  0.010869  0.003086  0.005594
140       0.014180  0.018503  0.011281  0.024546  0.015523  0.017712  0.017511  0.012617  0.008340  0.009868  0.013367  0.006412  0.009817  0.010869  0.003086  0.005594
141       0.014180  0.018503  0.011281  0.024546  0.015523  0.017712  0.017511  0.012617  0.008340  0.009868  0.013367  0.006412  0.009817  0.010869  0.003086  0.005594
142            NaN       NaN       NaN       NaN       NaN       NaN       NaN       NaN       NaN       NaN       NaN       NaN       NaN       NaN       NaN       NaN
143       0.014180  0.018503  0.011281  0.024546  0.015523  0.017712  0.017511  0.012617  0.008340  0.009868  0.013367  0.006412  0.009817  0.010869  0.003086  0.005594
144       0.014180  0.018503  0.011281  0.024546  0.015523  0.017712  0.017511  0.012617  0.008340  0.009868  0.013367  0.006412  0.009817  0.010869  0.003086  0.005594
145       0.014180  0.018503  0.011281  0.024546  0.015523  0.017712  0.017511  0.012617  0.008340  0.009868  0.013367  0.006412  0.009817  0.010869  0.003086  0.005594
146       0.014180  0.018503  0.011281  0.024546  0.015523  0.017712  0.017511  0.012617  0.008340  0.009868  0.013367  0.006412  0.009817  0.010869  0.003086  0.005594
147       0.014180  0.018503  0.011281  0.024546  0.015523  0.017712  0.017511  0.012617  0.008340  0.009868  0.013367  0.006412  0.009817  0.010869  0.003086  0.005594
148            NaN       NaN       NaN       NaN       NaN       NaN       NaN       NaN       NaN       NaN       NaN       NaN       NaN       NaN       NaN       NaN
149       0.014180  0.018503  0.011281  0.024546  0.015523  0.017712  0.017511  0.012617  0.008340  0.009868  0.013367  0.006412  0.009817  0.010869  0.003086  0.005594
150       0.014180  0.018503  0.011281  0.024546  0.015523  0.017712  0.017511  0.012617  0.008340  0.009868  0.013367  0.006412  0.009817  0.010869  0.003086  0.005594
151       0.014180  0.018503  0.011281  0.024546  0.015523  0.017712  0.017511  0.012617  0.008340  0.009868  0.013367  0.006412  0.009817  0.010869  0.003086  0.005594
152       0.014180  0.018503  0.011281  0.024546  0.015523  0.017712  0.017511  0.012617  0.008340  0.009868  0.013367  0.006412  0.009817  0.010869  0.003086  0.005594
153            NaN       NaN       NaN       NaN       NaN       NaN       NaN       NaN       NaN       NaN       NaN       NaN       NaN       NaN       NaN       NaN
154       0.014180  0.018503  0.011281  0.024546  0.015523  0.017712  0.017511  0.012617  0.008340  0.009868  0.013367  0.006412  0.009817  0.010869  0.003086  0.005594
155       0.014180  0.018503  0.011281  0.024546  0.015523  0.017712  0.017511  0.012617  0.008340  0.009868  0.013367  0.006412  0.009817  0.010869  0.003086  0.005594
156            NaN       NaN       NaN       NaN       NaN       NaN       NaN       NaN       NaN       NaN       NaN       NaN       NaN       NaN       NaN       NaN
157       0.014180  0.018503  0.011281  0.024546  0.015523  0.017712  0.017511  0.012617  0.008340  0.009868  0.013367  0.006412  0.009817  0.010869  0.003086  0.005594
158       0.014180  0.018503  0.011281  0.024546  0.015523  0.017712  0.017511  0.012617  0.008340  0.009868  0.013367  0.006412  0.009817  0.010869  0.003086  0.005594
159       0.014180  0.018503  0.011281  0.024546  0.015523  0.017712  0.017511  0.012617  0.008340  0.009868  0.013367  0.006412  0.009817  0.010869  0.003086  0.005594
160       0.014180  0.018503  0.011281  0.024546  0.015523  0.017712  0.017511  0.012617  0.008340  0.009868  0.013367  0.006412  0.009817  0.010869  0.003086  0.005594
161       0.035444  0.047034  0.024244  0.050385  0.037274  0.045496  0.038626  0.026539  0.016779  0.024704  0.033025  0.016765  0.010090  0.024484  0.007080  0.007594
162       0.035444  0.047034  0.024244  0.050385  0.037274  0.045496  0.038626  0.026539  0.016779  0.024704  0.033025  0.016765  0.010090  0.024484  0.007080  0.007594