exposure  0.60000      4.98000      10.02000     19.98000     30.00000     40.02000     60.00000     150.00000    300.00000    600.00000    900.00000    1200.00000   1800.00012   2700.00000   3600.00000   10800.00000  57600.00000  86400.00000
r_number                                                                                                                                                                                                                                          
1            0.008099     0.008083     0.008020     0.007350     0.005278     0.010690     0.009895     0.003880     0.006453     0.010575     0.005891     0.007821     0.008474     0.009463     0.005201     0.003663     0.003536     0.004175
2            0.008099     0.008083     0.008020     0.007350     0.005278     0.010690     0.009895     0.003880     0.006453     0.010575     0.005891     0.007821     0.008474     0.009463     0.005201     0.003663     0.003536     0.004175
3            0.008099     0.008083     0.008020     0.007350     0.005278     0.010690     0.009895     0.003880     0.006453     0.010575     0.005891     0.007821     0.008474     0.009463     0.005201     0.003663     0.003536     0.004175
4            0.008099     0.008083     0.008020     0.007350     0.005278     0.010690     0.009895     0.003880     0.006453     0.010575     0.005891     0.007821     0.008474     0.009463     0.005201     0.003663     0.003536     0.004175
5                 NaN          NaN          NaN          NaN          NaN          NaN          NaN          NaN          NaN          NaN          NaN          NaN          NaN          NaN          NaN          NaN          NaN          NaN
6            0.008099     0.008083     0.008020     0.007350     0.005278     0.010690     0.009895     0.003880     0.006453     0.010575     0.005891     0.007821     0.008474     0.009463     0.005201     0.003663     0.003536     0.004175
7            0.008099     0.008083     0.008020     0.007350     0.005278     0.010690     0.009895     0.003880     0.006453     0.010575     0.005891     0.007821     0.008474     0.009463     0.005201     0.003663     0.003536     0.004175
8            0.008099     0.008083     0.008020     0.007350     0.005278     0.010690     0.009895     0.003880     0.006453     0.010575     0.005891     0.007821     0.008474     0.009463     0.005201     0.003663     0.003536     0.004175
9            0.008684     0.007265     0.008722     0.006498     0.004973     0.006219     0.007655     0.003237     0.005230     0.007990     0.004893     0.007923     0.005719     0.004957     0.004314     0.003009     0.002888     0.003087
10           0.011522     0.007694     0.008520     0.006672     0.011494     0.008577     0.007628     0.003856     0.007488     0.011111     0.005366     0.010778     0.007058     0.008222     0.004870     0.003403     0.003440     0.006862
11           0.011522     0.007694     0.008520     0.006672     0.011494     0.008577     0.007628     0.003856     0.007488     0.011111     0.005366     0.010778     0.007058     0.008222     0.004870     0.003403     0.003440     0.006862
12           0.011522     0.007694     0.008520     0.006672     0.011494     0.008577     0.007628     0.003856     0.007488     0.011111     0.005366     0.010778     0.007058     0.008222     0.004870     0.003403     0.003440     0.006862
13           0.011522     0.007694     0.008520     0.006672     0.011494     0.008577     0.007628     0.003856     0.007488     0.011111     0.005366     0.010778     0.007058     0.008222     0.004870     0.003403     0.003440     0.006862
14           0.011522     0.007694     0.008520     0.006672     0.011494     0.008577     0.007628     0.003856     0.007488     0.011111     0.005366     0.010778     0.007058     0.008222     0.004870     0.003403     0.003440     0.006862
15           0.011522     0.007694     0.008520     0.006672     0.011494     0.008577     0.007628     0.003856     0.007488     0.011111     0.005366     0.010778     0.007058     0.008222     0.004870     0.003403     0.003440     0.006862
16           0.013582     0.008494     0.009862     0.007484     0.013808     0.009911     0.008790     0.004483     0.008772     0.013002     0.006182     0.012494     0.008301     0.009802     0.005391     0.003924     0.003988     0.008231
17           0.013582     0.008494     0.009862     0.007484     0.013808     0.009911     0.008790     0.004483     0.008772     0.013002     0.006182     0.012494     0.008301     0.009802     0.005391     0.003924     0.003988     0.008231
18           0.010634     0.007398     0.010748     0.006788     0.005413     0.007229     0.010815     0.003054     0.005679     0.009120     0.005237     0.009131     0.006225     0.005754     0.003465     0.002658     0.002529     0.003409
19           0.010209     0.008907     0.009228     0.007366     0.006201     0.007096     0.010033     0.002754     0.004478     0.008334     0.004021     0.006936     0.004112     0.004776     0.003121     0.002111     0.002006     0.004950
20           0.008458     0.007880     0.008916     0.006407     0.006920     0.006245     0.008172     0.002370     0.003270     0.006982     0.003606     0.006344     0.004758     0.003408     0.003357     0.001812     0.001729     0.005146
21           0.008097     0.007273     0.008367     0.005990     0.006339     0.005911     0.007486     0.002379     0.003069     0.006347     0.003322     0.006276     0.004242     0.003049     0.003184     0.001806     0.001718     0.004830
22           0.007026     0.006484     0.007400     0.005400     0.005929     0.005089     0.008181     0.002153     0.004018     0.005753     0.002937     0.005873     0.003655     0.003284     0.002954     0.001626     0.001557     0.004114
23           0.007026     0.006484     0.007400     0.005400     0.005929     0.005089     0.008181     0.002153     0.004018     0.005753     0.002937     0.005873     0.003655     0.003284     0.002954     0.001626     0.001557     0.004114
24           0.007026     0.006484     0.007400     0.005400     0.005929     0.005089     0.008181     0.002153     0.004018     0.005753     0.002937     0.005873     0.003655     0.003284     0.002954     0.001626     0.001557     0.004114
25           0.007026     0.006484     0.007400     0.005400     0.005929     0.005089     0.008181     0.002153     0.004018     0.005753     0.002937     0.005873     0.003655     0.003284     0.002954     0.001626     0.001557     0.004114
26                NaN          NaN          NaN          NaN          NaN          NaN          NaN          NaN          NaN          NaN          NaN          NaN          NaN          NaN          NaN          NaN          NaN          NaN
27           0.007026     0.006484     0.007400     0.005400     0.005929     0.005089     0.008181     0.002153     0.004018     0.005753     0.002937     0.005873     0.003655     0.003284     0.002954     0.001626     0.001557     0.004114
28           0.007026     0.006484     0.007400     0.005400     0.005929     0.005089     0.008181     0.002153     0.004018     0.005753     0.002937     0.005873     0.003655     0.003284     0.002954     0.001626     0.001557     0.004114
29           0.007026     0.006484     0.007400     0.005400     0.005929     0.005089     0.008181     0.002153     0.004018     0.005753     0.002937     0.005873     0.003655     0.003284     0.002954     0.001626     0.001557     0.004114
30           0.007026     0.006484     0.007400     0.005400     0.005929     0.005089     0.008181     0.002153     0.004018     0.005753     0.002937     0.005873     0.003655     0.003284     0.002954     0.001626     0.001557     0.004114
31           0.007026     0.006484     0.007400     0.005400     0.005929     0.005089     0.008181     0.002153     0.004018     0.005753     0.002937     0.005873     0.003655     0.003284     0.002954     0.001626     0.001557     0.004114
32           0.009131     0.007879     0.008827     0.006277     0.006930     0.005726     0.007125     0.002721     0.003671     0.006561     0.003575     0.007415     0.004049     0.004204     0.003167     0.002041     0.001915     0.004516
33           0.025371     0.019923     0.016768     0.017787     0.015460     0.012784     0.013203     0.011198     0.011468     0.013070     0.013022     0.015756     0.013728     0.013492     0.012676     0.010655     0.010563     0.011767
34           0.015924     0.012515     0.010736     0.011049     0.009199     0.008260     0.009843     0.006533     0.007090     0.008502     0.007570     0.010062     0.008165     0.007936     0.007807     0.006135     0.006062     0.007611
35           0.021231     0.016431     0.013840     0.014511     0.011198     0.011237     0.013232     0.008998     0.009763     0.010737     0.010229     0.012945     0.010730     0.010612     0.010613     0.008503     0.008410     0.009969
36           0.021231     0.016431     0.013840     0.014511     0.011198     0.011237     0.013232     0.008998     0.009763     0.010737     0.010229     0.012945     0.010730     0.010612     0.010613     0.008503     0.008410     0.009969
37           0.021231     0.016431     0.013840     0.014511     0.011198     0.011237     0.013232     0.008998     0.009763     0.010737     0.010229     0.012945     0.010730     0.010612     0.010613     0.008503     0.008410     0.009969
38           0.021231     0.016431     0.013840     0.014511     0.011198     0.011237     0.013232     0.008998     0.009763     0.010737     0.010229     0.012945     0.010730     0.010612     0.010613     0.008503     0.008410     0.009969
39           0.021231     0.016431     0.013840     0.014511     0.011198     0.011237     0.013232     0.008998     0.009763     0.010737     0.010229     0.012945     0.010730     0.010612     0.010613     0.008503     0.008410     0.009969
40           0.021231     0.016431     0.013840     0.014511     0.011198     0.011237     0.013232     0.008998     0.009763     0.010737     0.010229     0.012945     0.010730     0.010612     0.010613     0.008503     0.008410     0.009969
41           0.028449     0.022661     0.022808     0.017936     0.012442     0.010400     0.018321     0.006891     0.016704     0.022572     0.010548     0.022929     0.008303     0.009663     0.012213     0.004965     0.004681     0.010348
42           0.020973     0.016420     0.016391     0.011928     0.010105     0.009483     0.011504     0.005709     0.007657     0.010889     0.005914     0.010098     0.006407     0.007666     0.006546     0.004234     0.004011     0.004830
43           0.020973     0.016420     0.016391     0.011928     0.010105     0.009483     0.011504     0.005709     0.007657     0.010889     0.005914     0.010098     0.006407     0.007666     0.006546     0.004234     0.004011     0.004830
44           0.020973     0.016420     0.016391     0.011928     0.010105     0.009483     0.011504     0.005709     0.007657     0.010889     0.005914     0.010098     0.006407     0.007666     0.006546     0.004234     0.004011     0.004830
45           0.020973     0.016420     0.016391     0.011928     0.010105     0.009483     0.011504     0.005709     0.007657     0.010889     0.005914     0.010098     0.006407     0.007666     0.006546     0.004234     0.004011     0.004830
46           0.020973     0.016420     0.016391     0.011928     0.010105     0.009483     0.011504     0.005709     0.007657     0.010889     0.005914     0.010098     0.006407     0.007666     0.006546     0.004234     0.004011     0.004830
47           0.027500     0.021450     0.021374     0.015262     0.013490     0.012875     0.014476     0.007647     0.008212     0.012126     0.007140     0.010461     0.008477     0.010194     0.007744     0.005697     0.005400     0.005254
48           0.020796     0.014327     0.017828     0.013383     0.009674     0.019571     0.019854     0.006455     0.015692     0.015624     0.013706     0.013930     0.011024     0.015365     0.012323     0.005220     0.005097     0.004388
49           0.020796     0.014327     0.017828     0.013383     0.009674     0.019571     0.019854     0.006455     0.015692     0.015624     0.013706     0.013930     0.011024     0.015365     0.012323     0.005220     0.005097     0.004388
50           0.020796     0.014327     0.017828     0.013383     0.009674     0.019571     0.019854     0.006455     0.015692     0.015624     0.013706     0.013930     0.011024     0.015365     0.012323     0.005220     0.005097     0.004388
51                NaN          NaN          NaN          NaN          NaN          NaN          NaN          NaN          NaN          NaN          NaN          NaN          NaN          NaN          NaN          NaN          NaN          NaN
52           0.020796     0.014327     0.017828     0.013383     0.009674     0.019571     0.019854     0.006455     0.015692     0.015624     0.013706     0.013930     0.011024     0.015365     0.012323     0.005220     0.005097     0.004388
53           0.020796     0.014327     0.017828     0.013383     0.009674     0.019571     0.019854     0.006455     0.015692     0.015624     0.013706     0.013930     0.011024     0.015365     0.012323     0.005220     0.005097     0.004388
54           0.016872     0.013981     0.015917     0.010963     0.010084     0.011963     0.016700     0.005980     0.009859     0.012382     0.010060     0.010090     0.007883     0.011311     0.007429     0.004712     0.004474     0.004972
55           0.025750     0.027343     0.024231     0.020276     0.020283     0.017593     0.013714     0.010511     0.013895     0.020353     0.013061     0.018084     0.021253     0.013313     0.012343     0.009584     0.009214     0.010151
56           0.018240     0.019377     0.017518     0.014271     0.015097     0.012584     0.010155     0.007741     0.009944     0.014962     0.011664     0.013163     0.015743     0.010878     0.009013     0.007093     0.006836     0.007459
57           0.018240     0.019377     0.017518     0.014271     0.015097     0.012584     0.010155     0.007741     0.009944     0.014962     0.011664     0.013163     0.015743     0.010878     0.009013     0.007093     0.006836     0.007459
58           0.018240     0.019377     0.017518     0.014271     0.015097     0.012584     0.010155     0.007741     0.009944     0.014962     0.011664     0.013163     0.015743     0.010878     0.009013     0.007093     0.006836     0.007459
59           0.018240     0.019377     0.017518     0.014271     0.015097     0.012584     0.010155     0.007741     0.009944     0.014962     0.011664     0.013163     0.015743     0.010878     0.009013     0.007093     0.006836     0.007459
60           0.018240     0.019377     0.017518     0.014271     0.015097     0.012584     0.010155     0.007741     0.009944     0.014962     0.011664     0.013163     0.015743     0.010878     0.009013     0.007093     0.006836     0.007459
61           0.012192     0.013011     0.014132     0.008760     0.012772     0.008918     0.009307     0.006240     0.006972     0.012598     0.014022     0.010596     0.012765     0.011754     0.007183     0.005760     0.005601     0.006092
62           0.011047     0.011807     0.012840     0.007938     0.011503     0.008091     0.008469     0.005647     0.006331     0.011405     0.012535     0.009776     0.011462     0.010610     0.006543     0.005206     0.005062     0.005639
63           0.011047     0.011807     0.012840     0.007938     0.011503     0.008091     0.008469     0.005647     0.006331     0.011405     0.012535     0.009776     0.011462     0.010610     0.006543     0.005206     0.005062     0.005639
64           0.008779     0.010692     0.009946     0.006664     0.006526     0.006528     0.009695     0.004201     0.005695     0.009564     0.004468     0.011062     0.006533     0.007701     0.006974     0.003702     0.003576     0.006895
65           0.007998     0.009203     0.009140     0.006187     0.005736     0.005633     0.007624     0.003689     0.004400     0.007763     0.003742     0.008915     0.005631     0.006046     0.005464     0.003245     0.003107     0.005478
66           0.007600     0.008666     0.008537     0.005780     0.005446     0.005174     0.006958     0.003433     0.004050     0.007154     0.003591     0.008082     0.005219     0.005898     0.004956     0.003003     0.002875     0.004908
67           0.007600     0.008666     0.008537     0.005780     0.005446     0.005174     0.006958     0.003433     0.004050     0.007154     0.003591     0.008082     0.005219     0.005898     0.004956     0.003003     0.002875     0.004908
68           0.007600     0.008666     0.008537     0.005780     0.005446     0.005174     0.006958     0.003433     0.004050     0.007154     0.003591     0.008082     0.005219     0.005898     0.004956     0.003003     0.002875     0.004908
69                NaN          NaN          NaN          NaN          NaN          NaN          NaN          NaN          NaN          NaN          NaN          NaN          NaN          NaN          NaN          NaN          NaN          NaN
70           0.007600     0.008666     0.008537     0.005780     0.005446     0.005174     0.006958     0.003433     0.004050     0.007154     0.003591     0.008082     0.005219     0.005898     0.004956     0.003003     0.002875     0.004908
71                NaN          NaN          NaN          NaN          NaN          NaN          NaN          NaN          NaN          NaN          NaN          NaN          NaN          NaN          NaN          NaN          NaN          NaN
72                NaN          NaN          NaN          NaN          NaN          NaN          NaN          NaN          NaN          NaN          NaN          NaN          NaN          NaN          NaN          NaN          NaN          NaN
73           0.007600     0.008666     0.008537     0.005780     0.005446     0.005174     0.006958     0.003433     0.004050     0.007154     0.003591     0.008082     0.005219     0.005898     0.004956     0.003003     0.002875     0.004908
74           0.007600     0.008666     0.008537     0.005780     0.005446     0.005174     0.006958     0.003433     0.004050     0.007154     0.003591     0.008082     0.005219     0.005898     0.004956     0.003003     0.002875     0.004908
75           0.007600     0.008666     0.008537     0.005780     0.005446     0.005174     0.006958     0.003433     0.004050     0.007154     0.003591     0.008082     0.005219     0.005898     0.004956     0.003003     0.002875     0.004908
76           0.007600     0.008666     0.008537     0.005780     0.005446     0.005174     0.006958     0.003433     0.004050     0.007154     0.003591     0.008082     0.005219     0.005898     0.004956     0.003003     0.002875     0.004908
77           0.007600     0.008666     0.008537     0.005780     0.005446     0.005174     0.006958     0.003433     0.004050     0.007154     0.003591     0.008082     0.005219     0.005898     0.004956     0.003003     0.002875     0.004908
78           0.007600     0.008666     0.008537     0.005780     0.005446     0.005174     0.006958     0.003433     0.004050     0.007154     0.003591     0.008082     0.005219     0.005898     0.004956     0.003003     0.002875     0.004908
79           0.007600     0.008666     0.008537     0.005780     0.005446     0.005174     0.006958     0.003433     0.004050     0.007154     0.003591     0.008082     0.005219     0.005898     0.004956     0.003003     0.002875     0.004908
80           0.007600     0.008666     0.008537     0.005780     0.005446     0.005174     0.006958     0.003433     0.004050     0.007154     0.003591     0.008082     0.005219     0.005898     0.004956     0.003003     0.002875     0.004908
81           0.007600     0.008666     0.008537     0.005780     0.005446     0.005174     0.006958     0.003433     0.004050     0.007154     0.003591     0.008082     0.005219     0.005898     0.004956     0.003003     0.002875     0.004908
82           0.007600     0.008666     0.008537     0.005780     0.005446     0.005174     0.006958     0.003433     0.004050     0.007154     0.003591     0.008082     0.005219     0.005898     0.004956     0.003003     0.002875     0.004908
83           0.007600     0.008666     0.008537     0.005780     0.005446     0.005174     0.006958     0.003433     0.004050     0.007154     0.003591     0.008082     0.005219     0.005898     0.004956     0.003003     0.002875     0.004908
84           0.007600     0.008666     0.008537     0.005780     0.005446     0.005174     0.006958     0.003433     0.004050     0.007154     0.003591     0.008082     0.005219     0.005898     0.004956     0.003003     0.002875     0.004908
85           0.007600     0.008666     0.008537     0.005780     0.005446     0.005174     0.006958     0.003433     0.004050     0.007154     0.003591     0.008082     0.005219     0.005898     0.004956     0.003003     0.002875     0.004908
86           0.007600     0.008666     0.008537     0.005780     0.005446     0.005174     0.006958     0.003433     0.004050     0.007154     0.003591     0.008082     0.005219     0.005898     0.004956     0.003003     0.002875     0.004908
87           0.007600     0.008666     0.008537     0.005780     0.005446     0.005174     0.006958     0.003433     0.004050     0.007154     0.003591     0.008082     0.005219     0.005898     0.004956     0.003003     0.002875     0.004908
88           0.007600     0.008666     0.008537     0.005780     0.005446     0.005174     0.006958     0.003433     0.004050     0.007154     0.003591     0.008082     0.005219     0.005898     0.004956     0.003003     0.002875     0.004908
89           0.007600     0.008666     0.008537     0.005780     0.005446     0.005174     0.006958     0.003433     0.004050     0.007154     0.003591     0.008082     0.005219     0.005898     0.004956     0.003003     0.002875     0.004908
90           0.009207     0.010525     0.010778     0.006773     0.006984     0.006470     0.008736     0.004198     0.004785     0.009520     0.004436     0.009863     0.006306     0.007379     0.005659     0.003658     0.003515     0.005339
91           0.012583     0.023231     0.019819     0.016446     0.011950     0.015119     0.019416     0.008594     0.018513     0.026432     0.010361     0.026081     0.019218     0.022130     0.014416     0.008124     0.007913     0.013484
92           0.009546     0.016956     0.014257     0.012831     0.008727     0.011448     0.013063     0.006828     0.013545     0.018584     0.008535     0.017777     0.013582     0.017444     0.010496     0.006430     0.006294     0.009215
93           0.009546     0.016956     0.014257     0.012831     0.008727     0.011448     0.013063     0.006828     0.013545     0.018584     0.008535     0.017777     0.013582     0.017444     0.010496     0.006430     0.006294     0.009215
94           0.007571     0.015716     0.017767     0.011873     0.007097     0.013622     0.010108     0.005292     0.018697     0.021954     0.013125     0.019611     0.016513     0.019486     0.013350     0.004882     0.004798     0.006672
95           0.007571     0.015716     0.017767     0.011873     0.007097     0.013622     0.010108     0.005292     0.018697     0.021954     0.013125     0.019611     0.016513     0.019486     0.013350     0.004882     0.004798     0.006672
96           0.007571     0.015716     0.017767     0.011873     0.007097     0.013622     0.010108     0.005292     0.018697     0.021954     0.013125     0.019611     0.016513     0.019486     0.013350     0.004882     0.004798     0.006672
97           0.007571     0.015716     0.017767     0.011873     0.007097     0.013622     0.010108     0.005292     0.018697     0.021954     0.013125     0.019611     0.016513     0.019486     0.013350     0.004882     0.004798     0.006672
98           0.007571     0.015716     0.017767     0.011873     0.007097     0.013622     0.010108     0.005292     0.018697     0.021954     0.013125     0.019611     0.016513     0.019486     0.013350     0.004882     0.004798     0.006672
99           0.007571     0.015716     0.017767     0.011873     0.007097     0.013622     0.010108     0.005292     0.018697     0.021954     0.013125     0.019611     0.016513     0.019486     0.013350     0.004882     0.004798     0.006672
100          0.007571     0.015716     0.017767     0.011873     0.007097     0.013622     0.010108     0.005292     0.018697     0.021954     0.013125     0.019611     0.016513     0.019486     0.013350     0.004882     0.004798     0.006672
101          0.007571     0.015716     0.017767     0.011873     0.007097     0.013622     0.010108     0.005292     0.018697     0.021954     0.013125     0.019611     0.016513     0.019486     0.013350     0.004882     0.004798     0.006672
102          0.007571     0.015716     0.017767     0.011873     0.007097     0.013622     0.010108     0.005292     0.018697     0.021954     0.013125     0.019611     0.016513     0.019486     0.013350     0.004882     0.004798     0.006672
103          0.007571     0.015716     0.017767     0.011873     0.007097     0.013622     0.010108     0.005292     0.018697     0.021954     0.013125     0.019611     0.016513     0.019486     0.013350     0.004882     0.004798     0.006672
104               NaN          NaN          NaN          NaN          NaN          NaN          NaN          NaN          NaN          NaN          NaN          NaN          NaN          NaN          NaN          NaN          NaN          NaN
105          0.020909     0.021430     0.019084     0.017428     0.014269     0.012253     0.015996     0.007892     0.010330     0.009991     0.008582     0.009684     0.011000     0.008825     0.008444     0.006964     0.006936     0.006983
106          0.020909     0.021430     0.019084     0.017428     0.014269     0.012253     0.015996     0.007892     0.010330     0.009991     0.008582     0.009684     0.011000     0.008825     0.008444     0.006964     0.006936     0.006983
107          0.020909     0.021430     0.019084     0.017428     0.014269     0.012253     0.015996     0.007892     0.010330     0.009991     0.008582     0.009684     0.011000     0.008825     0.008444     0.006964     0.006936     0.006983
108          0.018852     0.019498     0.017341     0.015756     0.013008     0.011194     0.014427     0.007452     0.009498     0.009360     0.008058     0.009209     0.010242     0.008464     0.007918     0.006643     0.006621     0.006712
109          0.018852     0.019498     0.017341     0.015756     0.013008     0.011194     0.014427     0.007452     0.009498     0.009360     0.008058     0.009209     0.010242     0.008464     0.007918     0.006643     0.006621     0.006712
110          0.018852     0.019498     0.017341     0.015756     0.013008     0.011194     0.014427     0.007452     0.009498     0.009360     0.008058     0.009209     0.010242     0.008464     0.007918     0.006643     0.006621     0.006712
111          0.016527     0.018118     0.015713     0.013836     0.010448     0.010938     0.009172     0.008297     0.008592     0.010309     0.008756     0.010938     0.012254     0.008994     0.008294     0.007596     0.007437     0.007575
112          0.016048     0.017092     0.016229     0.013853     0.012554     0.012556     0.011204     0.010252     0.010091     0.013146     0.010132     0.011092     0.011520     0.011335     0.010261     0.009525     0.009420     0.009984
113          0.019565     0.020752     0.019493     0.017107     0.014769     0.016766     0.015803     0.012773     0.014025     0.016361     0.014712     0.015288     0.015621     0.014188     0.014514     0.012190     0.012144     0.013186
114          0.016198     0.017368     0.015892     0.014292     0.012412     0.013750     0.013104     0.011089     0.012149     0.014235     0.012328     0.013082     0.013495     0.013486     0.012330     0.010630     0.010566     0.011569
115          0.016198     0.017368     0.015892     0.014292     0.012412     0.013750     0.013104     0.011089     0.012149     0.014235     0.012328     0.013082     0.013495     0.013486     0.012330     0.010630     0.010566     0.011569
116          0.016198     0.017368     0.015892     0.014292     0.012412     0.013750     0.013104     0.011089     0.012149     0.014235     0.012328     0.013082     0.013495     0.013486     0.012330     0.010630     0.010566     0.011569
117          0.016198     0.017368     0.015892     0.014292     0.012412     0.013750     0.013104     0.011089     0.012149     0.014235     0.012328     0.013082     0.013495     0.013486     0.012330     0.010630     0.010566     0.011569
118          0.016198     0.017368     0.015892     0.014292     0.012412     0.013750     0.013104     0.011089     0.012149     0.014235     0.012328     0.013082     0.013495     0.013486     0.012330     0.010630     0.010566     0.011569
119          0.016198     0.017368     0.015892     0.014292     0.012412     0.013750     0.013104     0.011089     0.012149     0.014235     0.012328     0.013082     0.013495     0.013486     0.012330     0.010630     0.010566     0.011569
120          0.016198     0.017368     0.015892     0.014292     0.012412     0.013750     0.013104     0.011089     0.012149     0.014235     0.012328     0.013082     0.013495     0.013486     0.012330     0.010630     0.010566     0.011569
121          0.016198     0.017368     0.015892     0.014292     0.012412     0.013750     0.013104     0.011089     0.012149     0.014235     0.012328     0.013082     0.013495     0.013486     0.012330     0.010630     0.010566     0.011569
122          0.027129     0.024308     0.022969     0.020903     0.014929     0.019738     0.016465     0.011615     0.014777     0.018110     0.014499     0.016984     0.017258     0.015623     0.015128     0.010531     0.010461     0.011825
123          0.025598     0.022276     0.021096     0.019237     0.013620     0.017847     0.014960     0.010588     0.013390     0.016172     0.013080     0.015372     0.015959     0.013938     0.013869     0.009547     0.009469     0.010660
124          0.025598     0.022276     0.021096     0.019237     0.013620     0.017847     0.014960     0.010588     0.013390     0.016172     0.013080     0.015372     0.015959     0.013938     0.013869     0.009547     0.009469     0.010660
125          0.025598     0.022276     0.021096     0.019237     0.013620     0.017847     0.014960     0.010588     0.013390     0.016172     0.013080     0.015372     0.015959     0.013938     0.013869     0.009547     0.009469     0.010660
126          0.031948     0.024360     0.023902     0.020061     0.014792     0.013820     0.013989     0.010783     0.011457     0.016179     0.010713     0.015667     0.017183     0.010480     0.014382     0.009172     0.008867     0.009292
127          0.016701     0.012972     0.013426     0.010870     0.008471     0.008866     0.010151     0.007122     0.008154     0.010395     0.007218     0.010138     0.010339     0.010592     0.007632     0.006304     0.006312     0.006883
128          0.016701     0.012972     0.013426     0.010870     0.008471     0.008866     0.010151     0.007122     0.008154     0.010395     0.007218     0.010138     0.010339     0.010592     0.007632     0.006304     0.006312     0.006883
129          0.016701     0.012972     0.013426     0.010870     0.008471     0.008866     0.010151     0.007122     0.008154     0.010395     0.007218     0.010138     0.010339     0.010592     0.007632     0.006304     0.006312     0.006883
130          0.016701     0.012972     0.013426     0.010870     0.008471     0.008866     0.010151     0.007122     0.008154     0.010395     0.007218     0.010138     0.010339     0.010592     0.007632     0.006304     0.006312     0.006883
131          0.016701     0.012972     0.013426     0.010870     0.008471     0.008866     0.010151     0.007122     0.008154     0.010395     0.007218     0.010138     0.010339     0.010592     0.007632     0.006304     0.006312     0.006883
132          0.016701     0.012972     0.013426     0.010870     0.008471     0.008866     0.010151     0.007122     0.008154     0.010395     0.007218     0.010138     0.010339     0.010592     0.007632     0.006304     0.006312     0.006883
133          0.016701     0.012972     0.013426     0.010870     0.008471     0.008866     0.010151     0.007122     0.008154     0.010395     0.007218     0.010138     0.010339     0.010592     0.007632     0.006304     0.006312     0.006883
134          0.019318     0.015918     0.022070     0.014109     0.011684     0.012119     0.011607     0.007139     0.011351     0.015348     0.007123     0.019191     0.011433     0.010977     0.008258     0.006345     0.006071     0.013217
135          0.013123     0.013254     0.013106     0.008995     0.007514     0.008380     0.008503     0.004933     0.006937     0.011381     0.005784     0.012807     0.008442     0.009233     0.006216     0.004323     0.004148     0.009232
136          0.013123     0.013254     0.013106     0.008995     0.007514     0.008380     0.008503     0.004933     0.006937     0.011381     0.005784     0.012807     0.008442     0.009233     0.006216     0.004323     0.004148     0.009232
137          0.013123     0.013254     0.013106     0.008995     0.007514     0.008380     0.008503     0.004933     0.006937     0.011381     0.005784     0.012807     0.008442     0.009233     0.006216     0.004323     0.004148     0.009232
138          0.013123     0.013254     0.013106     0.008995     0.007514     0.008380     0.008503     0.004933     0.006937     0.011381     0.005784     0.012807     0.008442     0.009233     0.006216     0.004323     0.004148     0.009232
139          0.009827     0.011321     0.010151     0.007299     0.005574     0.007820     0.009501     0.003554     0.008378     0.013756     0.006029     0.013274     0.008674     0.013276     0.007760     0.003123     0.003001     0.007606
140          0.009827     0.011321     0.010151     0.007299     0.005574     0.007820     0.009501     0.003554     0.008378     0.013756     0.006029     0.013274     0.008674     0.013276     0.007760     0.003123     0.003001     0.007606
141          0.009827     0.011321     0.010151     0.007299     0.005574     0.007820     0.009501     0.003554     0.008378     0.013756     0.006029     0.013274     0.008674     0.013276     0.007760     0.003123     0.003001     0.007606
142               NaN          NaN          NaN          NaN          NaN          NaN          NaN          NaN          NaN          NaN          NaN          NaN          NaN          NaN          NaN          NaN          NaN          NaN
143          0.009827     0.011321     0.010151     0.007299     0.005574     0.007820     0.009501     0.003554     0.008378     0.013756     0.006029     0.013274     0.008674     0.013276     0.007760     0.003123     0.003001     0.007606
144          0.009827     0.011321     0.010151     0.007299     0.005574     0.007820     0.009501     0.003554     0.008378     0.013756     0.006029     0.013274     0.008674     0.013276     0.007760     0.003123     0.003001     0.007606
145          0.009827     0.011321     0.010151     0.007299     0.005574     0.007820     0.009501     0.003554     0.008378     0.013756     0.006029     0.013274     0.008674     0.013276     0.007760     0.003123     0.003001     0.007606
146          0.009827     0.011321     0.010151     0.007299     0.005574     0.007820     0.009501     0.003554     0.008378     0.013756     0.006029     0.013274     0.008674     0.013276     0.007760     0.003123     0.003001     0.007606
147          0.009827     0.011321     0.010151     0.007299     0.005574     0.007820     0.009501     0.003554     0.008378     0.013756     0.006029     0.013274     0.008674     0.013276     0.007760     0.003123     0.003001     0.007606
148               NaN          NaN          NaN          NaN          NaN          NaN          NaN          NaN          NaN          NaN          NaN          NaN          NaN          NaN          NaN          NaN          NaN          NaN
149          0.009827     0.011321     0.010151     0.007299     0.005574     0.007820     0.009501     0.003554     0.008378     0.013756     0.006029     0.013274     0.008674     0.013276     0.007760     0.003123     0.003001     0.007606
150          0.009827     0.011321     0.010151     0.007299     0.005574     0.007820     0.009501     0.003554     0.008378     0.013756     0.006029     0.013274     0.008674     0.013276     0.007760     0.003123     0.003001     0.007606
151          0.009827     0.011321     0.010151     0.007299     0.005574     0.007820     0.009501     0.003554     0.008378     0.013756     0.006029     0.013274     0.008674     0.013276     0.007760     0.003123     0.003001     0.007606
152          0.009827     0.011321     0.010151     0.007299     0.005574     0.007820     0.009501     0.003554     0.008378     0.013756     0.006029     0.013274     0.008674     0.013276     0.007760     0.003123     0.003001     0.007606
153               NaN          NaN          NaN          NaN          NaN          NaN          NaN          NaN          NaN          NaN          NaN          NaN          NaN          NaN          NaN          NaN          NaN          NaN
154          0.009827     0.011321     0.010151     0.007299     0.005574     0.007820     0.009501     0.003554     0.008378     0.013756     0.006029     0.013274     0.008674     0.013276     0.007760     0.003123     0.003001     0.007606
155          0.009827     0.011321     0.010151     0.007299     0.005574     0.007820     0.009501     0.003554     0.008378     0.013756     0.006029     0.013274     0.008674     0.013276     0.007760     0.003123     0.003001     0.007606
156               NaN          NaN          NaN          NaN          NaN          NaN          NaN          NaN          NaN          NaN          NaN          NaN          NaN          NaN          NaN          NaN          NaN          NaN
157          0.009827     0.011321     0.010151     0.007299     0.005574     0.007820     0.009501     0.003554     0.008378     0.013756     0.006029     0.013274     0.008674     0.013276     0.007760     0.003123     0.003001     0.007606
158          0.009827     0.011321     0.010151     0.007299     0.005574     0.007820     0.009501     0.003554     0.008378     0.013756     0.006029     0.013274     0.008674     0.013276     0.007760     0.003123     0.003001     0.007606
159          0.009827     0.011321     0.010151     0.007299     0.005574     0.007820     0.009501     0.003554     0.008378     0.013756     0.006029     0.013274     0.008674     0.013276     0.007760     0.003123     0.003001     0.007606
160          0.009827     0.011321     0.010151     0.007299     0.005574     0.007820     0.009501     0.003554     0.008378     0.013756     0.006029     0.013274     0.008674     0.013276     0.007760     0.003123     0.003001     0.007606
161          0.020305     0.022203     0.020777     0.016084     0.012362     0.015248     0.010008     0.007440     0.009015     0.017847     0.009327     0.023169     0.015152     0.015941     0.012262     0.006492     0.006277     0.016489
162          0.020305     0.022203     0.020777     0.016084     0.012362     0.015248     0.010008     0.007440     0.009015     0.017847     0.009327     0.023169     0.015152     0.015941     0.012262     0.006492     0.006277     0.016489