exposure   86400.0
r_number          
1         0.401335
2         0.401335
3         0.401335
4         0.401335
5              NaN
6         0.401335
7         0.401335
8         0.401335
9         0.337538
10        0.351525
11        0.351525
12        0.351525
13        0.351525
14        0.351525
15        0.351525
16        0.339138
17        0.339138
18        0.299168
19        0.222589
20        0.203206
21        0.203462
22        0.201461
23        0.201461
24        0.201461
25        0.201461
26             NaN
27        0.201461
28        0.201461
29        0.201461
30        0.201461
31        0.201461
32        0.198291
33        0.196346
34        0.208599
35        0.215281
36        0.215281
37        0.215281
38        0.215281
39        0.215281
40        0.215281
41        0.211091
42        0.222732
43        0.222732
44        0.222732
45        0.222732
46        0.222732
47        0.227871
48        0.267660
49        0.267660
50        0.267660
51             NaN
52        0.267660
53        0.267660
54        0.269448
55        0.293275
56        0.353756
57        0.353756
58        0.353756
59        0.353756
60        0.353756
61        0.443045
62        0.441030
63        0.441030
64        0.433299
65        0.426420
66        0.417727
67        0.417727
68        0.417727
69             NaN
70        0.417727
71             NaN
72             NaN
73        0.417727
74        0.417727
75        0.417727
76        0.417727
77        0.417727
78        0.417727
79        0.417727
80        0.417727
81        0.417727
82        0.417727
83        0.417727
84        0.417727
85        0.417727
86        0.417727
87        0.417727
88        0.417727
89        0.417727
90        0.407329
91        0.604900
92        0.611544
93        0.611544
94        0.579167
95        0.579167
96        0.579167
97        0.579167
98        0.579167
99        0.579167
100       0.579167
101       0.579167
102       0.579167
103       0.579167
104            NaN
105       0.436003
106       0.436003
107       0.436003
108       0.472700
109       0.472700
110       0.472700
111       0.543519
112       0.621277
113       0.700387
114       0.721369
115       0.721369
116       0.721369
117       0.721369
118       0.721369
119       0.721369
120       0.721369
121       0.721369
122       0.567686
123       0.496124
124       0.496124
125       0.496124
126       0.325080
127       0.404033
128       0.404033
129       0.404033
130       0.404033
131       0.404033
132       0.404033
133       0.404033
134       0.371999
135       0.397010
136       0.397010
137       0.397010
138       0.397010
139       0.408885
140       0.408885
141       0.408885
142            NaN
143       0.408885
144       0.408885
145       0.408885
146       0.408885
147       0.408885
148            NaN
149       0.408885
150       0.408885
151       0.408885
152       0.408885
153            NaN
154       0.408885
155       0.408885
156            NaN
157       0.408885
158       0.408885
159       0.408885
160       0.408885
161       0.407170
162       0.407170