exposure  0.60      4.98      10.02     19.98     40.02     60.00     150.00    300.00    600.00    900.00    1200.00   1800.00   2700.00   3600.00   10800.00  57600.00
r_number                                                                                                                                                                
1         0.977971  0.805172  0.756226  0.736536  0.671985  0.674605  0.642797  0.639351  0.574187  0.563205  0.599002  0.533742  0.480555  0.492385  0.452439  0.458305
2         0.977971  0.805172  0.756226  0.736536  0.671985  0.674605  0.642797  0.639351  0.574187  0.563205  0.599002  0.533742  0.480555  0.492385  0.452439  0.458305
3         0.977971  0.805172  0.756226  0.736536  0.671985  0.674605  0.642797  0.639351  0.574187  0.563205  0.599002  0.533742  0.480555  0.492385  0.452439  0.458305
4         0.977971  0.805172  0.756226  0.736536  0.671985  0.674605  0.642797  0.639351  0.574187  0.563205  0.599002  0.533742  0.480555  0.492385  0.452439  0.458305
5              NaN       NaN       NaN       NaN       NaN       NaN       NaN       NaN       NaN       NaN       NaN       NaN       NaN       NaN       NaN       NaN
6         0.977971  0.805172  0.756226  0.736536  0.671985  0.674605  0.642797  0.639351  0.574187  0.563205  0.599002  0.533742  0.480555  0.492385  0.452439  0.458305
7         0.977971  0.805172  0.756226  0.736536  0.671985  0.674605  0.642797  0.639351  0.574187  0.563205  0.599002  0.533742  0.480555  0.492385  0.452439  0.458305
8         0.977971  0.805172  0.756226  0.736536  0.671985  0.674605  0.642797  0.639351  0.574187  0.563205  0.599002  0.533742  0.480555  0.492385  0.452439  0.458305
9         0.969804  0.774406  0.730834  0.708299  0.639865  0.646034  0.592054  0.596120  0.531491  0.512693  0.532278  0.468657  0.413254  0.426164  0.375562  0.379362
10        0.956271  0.749332  0.721952  0.704554  0.630598  0.630198  0.580500  0.583670  0.523088  0.506776  0.519877  0.470477  0.400922  0.404983  0.356917  0.358814
11        0.956271  0.749332  0.721952  0.704554  0.630598  0.630198  0.580500  0.583670  0.523088  0.506776  0.519877  0.470477  0.400922  0.404983  0.356917  0.358814
12        0.956271  0.749332  0.721952  0.704554  0.630598  0.630198  0.580500  0.583670  0.523088  0.506776  0.519877  0.470477  0.400922  0.404983  0.356917  0.358814
13        0.956271  0.749332  0.721952  0.704554  0.630598  0.630198  0.580500  0.583670  0.523088  0.506776  0.519877  0.470477  0.400922  0.404983  0.356917  0.358814
14        0.956271  0.749332  0.721952  0.704554  0.630598  0.630198  0.580500  0.583670  0.523088  0.506776  0.519877  0.470477  0.400922  0.404983  0.356917  0.358814
15        0.956271  0.749332  0.721952  0.704554  0.630598  0.630198  0.580500  0.583670  0.523088  0.506776  0.519877  0.470477  0.400922  0.404983  0.356917  0.358814
16        0.948600  0.739215  0.715112  0.700217  0.624321  0.622909  0.568424  0.573329  0.513602  0.497873  0.506908  0.459442  0.388001  0.387624  0.344225  0.345270
17        0.948600  0.739215  0.715112  0.700217  0.624321  0.622909  0.568424  0.573329  0.513602  0.497873  0.506908  0.459442  0.388001  0.387624  0.344225  0.345270
18        0.966832  0.759338  0.720879  0.692290  0.633105  0.642231  0.566166  0.576247  0.509775  0.490719  0.507017  0.439233  0.387352  0.400761  0.347700  0.347723
19        0.958682  0.778702  0.732947  0.714807  0.642826  0.627510  0.571092  0.569664  0.502944  0.470941  0.472985  0.396539  0.324763  0.319445  0.230775  0.232271
20        0.963435  0.797110  0.747162  0.726970  0.652326  0.643740  0.583680  0.581747  0.513980  0.474679  0.474588  0.392980  0.314530  0.301112  0.198680  0.204048
21        0.967054  0.797014  0.748096  0.729223  0.653904  0.646485  0.585338  0.582757  0.516886  0.475026  0.476438  0.394403  0.314225  0.300655  0.197382  0.203586
22        0.965362  0.791180  0.745589  0.724849  0.650475  0.646970  0.583173  0.580705  0.514902  0.470518  0.472968  0.389336  0.308150  0.294481  0.175347  0.174721
23        0.965362  0.791180  0.745589  0.724849  0.650475  0.646970  0.583173  0.580705  0.514902  0.470518  0.472968  0.389336  0.308150  0.294481  0.175347  0.174721
24        0.965362  0.791180  0.745589  0.724849  0.650475  0.646970  0.583173  0.580705  0.514902  0.470518  0.472968  0.389336  0.308150  0.294481  0.175347  0.174721
25        0.965362  0.791180  0.745589  0.724849  0.650475  0.646970  0.583173  0.580705  0.514902  0.470518  0.472968  0.389336  0.308150  0.294481  0.175347  0.174721
26             NaN       NaN       NaN       NaN       NaN       NaN       NaN       NaN       NaN       NaN       NaN       NaN       NaN       NaN       NaN       NaN
27        0.965362  0.791180  0.745589  0.724849  0.650475  0.646970  0.583173  0.580705  0.514902  0.470518  0.472968  0.389336  0.308150  0.294481  0.175347  0.174721
28        0.965362  0.791180  0.745589  0.724849  0.650475  0.646970  0.583173  0.580705  0.514902  0.470518  0.472968  0.389336  0.308150  0.294481  0.175347  0.174721
29        0.965362  0.791180  0.745589  0.724849  0.650475  0.646970  0.583173  0.580705  0.514902  0.470518  0.472968  0.389336  0.308150  0.294481  0.175347  0.174721
30        0.965362  0.791180  0.745589  0.724849  0.650475  0.646970  0.583173  0.580705  0.514902  0.470518  0.472968  0.389336  0.308150  0.294481  0.175347  0.174721
31        0.965362  0.791180  0.745589  0.724849  0.650475  0.646970  0.583173  0.580705  0.514902  0.470518  0.472968  0.389336  0.308150  0.294481  0.175347  0.174721
32        0.964952  0.791447  0.741940  0.721305  0.644489  0.642731  0.577492  0.577642  0.513073  0.466311  0.470916  0.386770  0.307239  0.292427  0.169370  0.171501
33        0.957718  0.760571  0.711350  0.692193  0.607687  0.612265  0.543357  0.542071  0.482728  0.444058  0.446184  0.370539  0.294473  0.282127  0.142197  0.140039
34        0.964184  0.757502  0.713350  0.689640  0.606523  0.612620  0.542176  0.542664  0.480967  0.440466  0.443908  0.374134  0.298678  0.287034  0.171008  0.165753
35        0.969309  0.741837  0.705071  0.681408  0.595889  0.603709  0.533061  0.532849  0.473593  0.431241  0.435625  0.374381  0.302615  0.289614  0.195747  0.186444
36        0.971923  0.738271  0.702505  0.677316  0.588179  0.597174  0.526055  0.525895  0.469359  0.425796  0.429068  0.375088  0.302799  0.290902  0.226834  0.216207
37        0.971923  0.738271  0.702505  0.677316  0.588179  0.597174  0.526055  0.525895  0.469359  0.425796  0.429068  0.375088  0.302799  0.290902  0.226834  0.216207
38        0.971923  0.738271  0.702505  0.677316  0.588179  0.597174  0.526055  0.525895  0.469359  0.425796  0.429068  0.375088  0.302799  0.290902  0.226834  0.216207
39        0.971923  0.738271  0.702505  0.677316  0.588179  0.597174  0.526055  0.525895  0.469359  0.425796  0.429068  0.375088  0.302799  0.290902  0.226834  0.216207
40        0.971923  0.738271  0.702505  0.677316  0.588179  0.597174  0.526055  0.525895  0.469359  0.425796  0.429068  0.375088  0.302799  0.290902  0.226834  0.216207
41             NaN       NaN       NaN       NaN       NaN       NaN       NaN       NaN       NaN       NaN       NaN       NaN       NaN       NaN       NaN       NaN
42        1.019905  0.865572  0.793012  0.762188  0.695886  0.714793  0.650098  0.658471  0.585325  0.551646  0.566673  0.485434  0.403941  0.388227  0.315808  0.303979
43        1.019905  0.865572  0.793012  0.762188  0.695886  0.714793  0.650098  0.658471  0.585325  0.551646  0.566673  0.485434  0.403941  0.388227  0.315808  0.303979
44        1.019905  0.865572  0.793012  0.762188  0.695886  0.714793  0.650098  0.658471  0.585325  0.551646  0.566673  0.485434  0.403941  0.388227  0.315808  0.303979
45        1.019905  0.865572  0.793012  0.762188  0.695886  0.714793  0.650098  0.658471  0.585325  0.551646  0.566673  0.485434  0.403941  0.388227  0.315808  0.303979
46        1.019905  0.865572  0.793012  0.762188  0.695886  0.714793  0.650098  0.658471  0.585325  0.551646  0.566673  0.485434  0.403941  0.388227  0.315808  0.303979
47        1.019905  0.865572  0.793012  0.762188  0.695886  0.714793  0.650098  0.658471  0.585325  0.551646  0.566673  0.485434  0.403941  0.388227  0.315808  0.303979
48        0.982738  0.815686  0.766890  0.751432  0.686868  0.688399  0.626048  0.633998  0.573858  0.534240  0.545948  0.469233  0.401433  0.385282  0.331089  0.330287
49        0.982738  0.815686  0.766890  0.751432  0.686868  0.688399  0.626048  0.633998  0.573858  0.534240  0.545948  0.469233  0.401433  0.385282  0.331089  0.330287
50        0.982738  0.815686  0.766890  0.751432  0.686868  0.688399  0.626048  0.633998  0.573858  0.534240  0.545948  0.469233  0.401433  0.385282  0.331089  0.330287
51             NaN       NaN       NaN       NaN       NaN       NaN       NaN       NaN       NaN       NaN       NaN       NaN       NaN       NaN       NaN       NaN
52        0.982738  0.815686  0.766890  0.751432  0.686868  0.688399  0.626048  0.633998  0.573858  0.534240  0.545948  0.469233  0.401433  0.385282  0.331089  0.330287
53        0.982738  0.815686  0.766890  0.751432  0.686868  0.688399  0.626048  0.633998  0.573858  0.534240  0.545948  0.469233  0.401433  0.385282  0.331089  0.330287
54        0.996111  0.831390  0.774551  0.751518  0.691324  0.698002  0.639933  0.647786  0.582209  0.549437  0.561215  0.488484  0.417535  0.404405  0.328983  0.328589
55        1.014233  0.887851  0.836792  0.828193  0.789494  0.780842  0.740215  0.747616  0.675842  0.623064  0.635661  0.547181  0.448684  0.425883  0.295496  0.307721
56        1.000515  0.899809  0.849676  0.838750  0.826124  0.807769  0.769081  0.777670  0.704298  0.656451  0.675929  0.576078  0.486145  0.455153  0.348848  0.352822
57        1.000515  0.899809  0.849676  0.838750  0.826124  0.807769  0.769081  0.777670  0.704298  0.656451  0.675929  0.576078  0.486145  0.455153  0.348848  0.352822
58        1.000515  0.899809  0.849676  0.838750  0.826124  0.807769  0.769081  0.777670  0.704298  0.656451  0.675929  0.576078  0.486145  0.455153  0.348848  0.352822
59        1.000515  0.899809  0.849676  0.838750  0.826124  0.807769  0.769081  0.777670  0.704298  0.656451  0.675929  0.576078  0.486145  0.455153  0.348848  0.352822
60        1.000515  0.899809  0.849676  0.838750  0.826124  0.807769  0.769081  0.777670  0.704298  0.656451  0.675929  0.576078  0.486145  0.455153  0.348848  0.352822
61        0.980192  0.906329  0.858362  0.840202  0.865314  0.836096  0.798001  0.807634  0.735490  0.697402  0.726465  0.611741  0.535511  0.503804  0.442897  0.424167
62        0.978523  0.906444  0.861870  0.845552  0.869993  0.840194  0.802700  0.812468  0.741222  0.699890  0.726029  0.608763  0.531797  0.501314  0.436796  0.422109
63        0.978523  0.906444  0.861870  0.845552  0.869993  0.840194  0.802700  0.812468  0.741222  0.699890  0.726029  0.608763  0.531797  0.501314  0.436796  0.422109
64        0.968565  0.914858  0.886202  0.872112  0.896821  0.867146  0.835098  0.842525  0.774303  0.720796  0.731886  0.591447  0.492837  0.473094  0.418507  0.410687
65        0.971816  0.908848  0.885532  0.875379  0.899404  0.867068  0.832327  0.846482  0.773610  0.713557  0.719894  0.582272  0.486159  0.469060  0.402693  0.394609
66        0.971816  0.908848  0.885532  0.875379  0.899404  0.867068  0.832327  0.846482  0.773610  0.713557  0.719894  0.582272  0.486159  0.469060  0.402693  0.394609
67        0.971816  0.908848  0.885532  0.875379  0.899404  0.867068  0.832327  0.846482  0.773610  0.713557  0.719894  0.582272  0.486159  0.469060  0.402693  0.394609
68        0.971816  0.908848  0.885532  0.875379  0.899404  0.867068  0.832327  0.846482  0.773610  0.713557  0.719894  0.582272  0.486159  0.469060  0.402693  0.394609
69             NaN       NaN       NaN       NaN       NaN       NaN       NaN       NaN       NaN       NaN       NaN       NaN       NaN       NaN       NaN       NaN
70        0.971816  0.908848  0.885532  0.875379  0.899404  0.867068  0.832327  0.846482  0.773610  0.713557  0.719894  0.582272  0.486159  0.469060  0.402693  0.394609
71             NaN       NaN       NaN       NaN       NaN       NaN       NaN       NaN       NaN       NaN       NaN       NaN       NaN       NaN       NaN       NaN
72             NaN       NaN       NaN       NaN       NaN       NaN       NaN       NaN       NaN       NaN       NaN       NaN       NaN       NaN       NaN       NaN
73        0.971816  0.908848  0.885532  0.875379  0.899404  0.867068  0.832327  0.846482  0.773610  0.713557  0.719894  0.582272  0.486159  0.469060  0.402693  0.394609
74        0.971816  0.908848  0.885532  0.875379  0.899404  0.867068  0.832327  0.846482  0.773610  0.713557  0.719894  0.582272  0.486159  0.469060  0.402693  0.394609
75        0.971816  0.908848  0.885532  0.875379  0.899404  0.867068  0.832327  0.846482  0.773610  0.713557  0.719894  0.582272  0.486159  0.469060  0.402693  0.394609
76        0.971816  0.908848  0.885532  0.875379  0.899404  0.867068  0.832327  0.846482  0.773610  0.713557  0.719894  0.582272  0.486159  0.469060  0.402693  0.394609
77        0.971816  0.908848  0.885532  0.875379  0.899404  0.867068  0.832327  0.846482  0.773610  0.713557  0.719894  0.582272  0.486159  0.469060  0.402693  0.394609
78        0.971816  0.908848  0.885532  0.875379  0.899404  0.867068  0.832327  0.846482  0.773610  0.713557  0.719894  0.582272  0.486159  0.469060  0.402693  0.394609
79        0.971816  0.908848  0.885532  0.875379  0.899404  0.867068  0.832327  0.846482  0.773610  0.713557  0.719894  0.582272  0.486159  0.469060  0.402693  0.394609
80        0.971816  0.908848  0.885532  0.875379  0.899404  0.867068  0.832327  0.846482  0.773610  0.713557  0.719894  0.582272  0.486159  0.469060  0.402693  0.394609
81        0.971816  0.908848  0.885532  0.875379  0.899404  0.867068  0.832327  0.846482  0.773610  0.713557  0.719894  0.582272  0.486159  0.469060  0.402693  0.394609
82        0.971816  0.908848  0.885532  0.875379  0.899404  0.867068  0.832327  0.846482  0.773610  0.713557  0.719894  0.582272  0.486159  0.469060  0.402693  0.394609
83        0.971816  0.908848  0.885532  0.875379  0.899404  0.867068  0.832327  0.846482  0.773610  0.713557  0.719894  0.582272  0.486159  0.469060  0.402693  0.394609
84        0.971816  0.908848  0.885532  0.875379  0.899404  0.867068  0.832327  0.846482  0.773610  0.713557  0.719894  0.582272  0.486159  0.469060  0.402693  0.394609
85        0.971816  0.908848  0.885532  0.875379  0.899404  0.867068  0.832327  0.846482  0.773610  0.713557  0.719894  0.582272  0.486159  0.469060  0.402693  0.394609
86        0.971816  0.908848  0.885532  0.875379  0.899404  0.867068  0.832327  0.846482  0.773610  0.713557  0.719894  0.582272  0.486159  0.469060  0.402693  0.394609
87        0.971816  0.908848  0.885532  0.875379  0.899404  0.867068  0.832327  0.846482  0.773610  0.713557  0.719894  0.582272  0.486159  0.469060  0.402693  0.394609
88        0.971816  0.908848  0.885532  0.875379  0.899404  0.867068  0.832327  0.846482  0.773610  0.713557  0.719894  0.582272  0.486159  0.469060  0.402693  0.394609
89        0.971816  0.908848  0.885532  0.875379  0.899404  0.867068  0.832327  0.846482  0.773610  0.713557  0.719894  0.582272  0.486159  0.469060  0.402693  0.394609
90        0.969970  0.913018  0.886475  0.875125  0.898015  0.866976  0.834536  0.842202  0.775022  0.716731  0.723437  0.584987  0.487276  0.469506  0.409348  0.400646
91        0.964132  0.892959  0.872129  0.861416  0.877897  0.844061  0.823419  0.832238  0.782672  0.734056  0.771617  0.654786  0.600418  0.595560  0.554058  0.562720
92        0.966683  0.893559  0.873204  0.864358  0.877460  0.844725  0.826532  0.832137  0.787008  0.739090  0.776156  0.663167  0.607711  0.606235  0.564218  0.572370
93        0.966683  0.893559  0.873204  0.864358  0.877460  0.844725  0.826532  0.832137  0.787008  0.739090  0.776156  0.663167  0.607711  0.606235  0.564218  0.572370
94        0.960254  0.875413  0.869135  0.873549  0.865657  0.826381  0.803790  0.800320  0.777425  0.723257  0.755019  0.639975  0.577336  0.551843  0.539650  0.544173
95        0.960254  0.875413  0.869135  0.873549  0.865657  0.826381  0.803790  0.800320  0.777425  0.723257  0.755019  0.639975  0.577336  0.551843  0.539650  0.544173
96        0.960254  0.875413  0.869135  0.873549  0.865657  0.826381  0.803790  0.800320  0.777425  0.723257  0.755019  0.639975  0.577336  0.551843  0.539650  0.544173
97        0.960254  0.875413  0.869135  0.873549  0.865657  0.826381  0.803790  0.800320  0.777425  0.723257  0.755019  0.639975  0.577336  0.551843  0.539650  0.544173
98        0.960254  0.875413  0.869135  0.873549  0.865657  0.826381  0.803790  0.800320  0.777425  0.723257  0.755019  0.639975  0.577336  0.551843  0.539650  0.544173
99        0.960254  0.875413  0.869135  0.873549  0.865657  0.826381  0.803790  0.800320  0.777425  0.723257  0.755019  0.639975  0.577336  0.551843  0.539650  0.544173
100       0.960254  0.875413  0.869135  0.873549  0.865657  0.826381  0.803790  0.800320  0.777425  0.723257  0.755019  0.639975  0.577336  0.551843  0.539650  0.544173
101       0.960254  0.875413  0.869135  0.873549  0.865657  0.826381  0.803790  0.800320  0.777425  0.723257  0.755019  0.639975  0.577336  0.551843  0.539650  0.544173
102       0.960254  0.875413  0.869135  0.873549  0.865657  0.826381  0.803790  0.800320  0.777425  0.723257  0.755019  0.639975  0.577336  0.551843  0.539650  0.544173
103       0.960254  0.875413  0.869135  0.873549  0.865657  0.826381  0.803790  0.800320  0.777425  0.723257  0.755019  0.639975  0.577336  0.551843  0.539650  0.544173
104            NaN       NaN       NaN       NaN       NaN       NaN       NaN       NaN       NaN       NaN       NaN       NaN       NaN       NaN       NaN       NaN
105       0.993713  0.866965  0.827620  0.824268  0.796458  0.782051  0.746915  0.748921  0.688406  0.647593  0.675644  0.580304  0.488791  0.493222  0.413918  0.441081
106       0.996628  0.873968  0.832473  0.830012  0.806237  0.789724  0.755822  0.761234  0.695903  0.659699  0.687427  0.589616  0.503246  0.506971  0.434288  0.460540
107       0.996628  0.873968  0.832473  0.830012  0.806237  0.789724  0.755822  0.761234  0.695903  0.659699  0.687427  0.589616  0.503246  0.506971  0.434288  0.460540
108       0.996542  0.881125  0.838410  0.838089  0.815392  0.797232  0.768879  0.771348  0.709983  0.675209  0.705949  0.609359  0.526586  0.531445  0.463909  0.489390
109       0.996542  0.881125  0.838410  0.838089  0.815392  0.797232  0.768879  0.771348  0.709983  0.675209  0.705949  0.609359  0.526586  0.531445  0.463909  0.489390
110       0.996542  0.881125  0.838410  0.838089  0.815392  0.797232  0.768879  0.771348  0.709983  0.675209  0.705949  0.609359  0.526586  0.531445  0.463909  0.489390
111       0.993920  0.893747  0.850519  0.843417  0.832690  0.815576  0.791396  0.799706  0.735402  0.704033  0.737764  0.639811  0.587264  0.591103  0.541392  0.552687
112       0.994036  0.917992  0.861514  0.857763  0.850341  0.827338  0.824046  0.820121  0.760179  0.739655  0.784441  0.689850  0.626889  0.640062  0.600501  0.611357
113       0.995604  0.933438  0.876895  0.879606  0.872196  0.845786  0.869501  0.866691  0.800548  0.793119  0.848234  0.755815  0.697310  0.718142  0.673417  0.692996
114       0.997586  0.933987  0.883142  0.881835  0.878752  0.853385  0.871703  0.873760  0.810726  0.800359  0.856215  0.767953  0.711647  0.735709  0.691452  0.710905
115       0.997586  0.933987  0.883142  0.881835  0.878752  0.853385  0.871703  0.873760  0.810726  0.800359  0.856215  0.767953  0.711647  0.735709  0.691452  0.710905
116       0.997586  0.933987  0.883142  0.881835  0.878752  0.853385  0.871703  0.873760  0.810726  0.800359  0.856215  0.767953  0.711647  0.735709  0.691452  0.710905
117       0.997586  0.933987  0.883142  0.881835  0.878752  0.853385  0.871703  0.873760  0.810726  0.800359  0.856215  0.767953  0.711647  0.735709  0.691452  0.710905
118       0.997586  0.933987  0.883142  0.881835  0.878752  0.853385  0.871703  0.873760  0.810726  0.800359  0.856215  0.767953  0.711647  0.735709  0.691452  0.710905
119       0.997586  0.933987  0.883142  0.881835  0.878752  0.853385  0.871703  0.873760  0.810726  0.800359  0.856215  0.767953  0.711647  0.735709  0.691452  0.710905
120       0.997586  0.933987  0.883142  0.881835  0.878752  0.853385  0.871703  0.873760  0.810726  0.800359  0.856215  0.767953  0.711647  0.735709  0.691452  0.710905
121       0.997586  0.933987  0.883142  0.881835  0.878752  0.853385  0.871703  0.873760  0.810726  0.800359  0.856215  0.767953  0.711647  0.735709  0.691452  0.710905
122       0.993506  0.891129  0.840569  0.825111  0.813488  0.804734  0.782383  0.792961  0.714749  0.690517  0.729858  0.636153  0.567781  0.581714  0.517154  0.535512
123       0.988223  0.854842  0.805747  0.784426  0.761399  0.759472  0.722582  0.733098  0.657830  0.629609  0.660554  0.581536  0.511053  0.524337  0.450226  0.461030
124       0.988223  0.854842  0.805747  0.784426  0.761399  0.759472  0.722582  0.733098  0.657830  0.629609  0.660554  0.581536  0.511053  0.524337  0.450226  0.461030
125       0.988223  0.854842  0.805747  0.784426  0.761399  0.759472  0.722582  0.733098  0.657830  0.629609  0.660554  0.581536  0.511053  0.524337  0.450226  0.461030
126       0.977966  0.804264  0.759691  0.727879  0.696736  0.701841  0.645039  0.649879  0.583405  0.547412  0.569197  0.494308  0.434311  0.439148  0.375495  0.376330
127       0.982782  0.811194  0.777768  0.752508  0.717499  0.711140  0.671726  0.668586  0.606525  0.574231  0.600573  0.526659  0.480504  0.479565  0.428552  0.423848
128       0.982782  0.811194  0.777768  0.752508  0.717499  0.711140  0.671726  0.668586  0.606525  0.574231  0.600573  0.526659  0.480504  0.479565  0.428552  0.423848
129       0.982782  0.811194  0.777768  0.752508  0.717499  0.711140  0.671726  0.668586  0.606525  0.574231  0.600573  0.526659  0.480504  0.479565  0.428552  0.423848
130       0.982782  0.811194  0.777768  0.752508  0.717499  0.711140  0.671726  0.668586  0.606525  0.574231  0.600573  0.526659  0.480504  0.479565  0.428552  0.423848
131       0.982782  0.811194  0.777768  0.752508  0.717499  0.711140  0.671726  0.668586  0.606525  0.574231  0.600573  0.526659  0.480504  0.479565  0.428552  0.423848
132       0.982782  0.811194  0.777768  0.752508  0.717499  0.711140  0.671726  0.668586  0.606525  0.574231  0.600573  0.526659  0.480504  0.479565  0.428552  0.423848
133       0.982782  0.811194  0.777768  0.752508  0.717499  0.711140  0.671726  0.668586  0.606525  0.574231  0.600573  0.526659  0.480504  0.479565  0.428552  0.423848
134       0.962200  0.817352  0.777880  0.741981  0.736840  0.734822  0.674849  0.679447  0.611628  0.562857  0.578515  0.485332  0.417285  0.416792  0.325016  0.319282
135       0.965031  0.828357  0.791281  0.766694  0.751493  0.746883  0.690043  0.698830  0.631074  0.579321  0.597228  0.498396  0.424654  0.418922  0.322379  0.331635
136       0.965031  0.828357  0.791281  0.766694  0.751493  0.746883  0.690043  0.698830  0.631074  0.579321  0.597228  0.498396  0.424654  0.418922  0.322379  0.331635
137       0.965031  0.828357  0.791281  0.766694  0.751493  0.746883  0.690043  0.698830  0.631074  0.579321  0.597228  0.498396  0.424654  0.418922  0.322379  0.331635
138       0.965031  0.828357  0.791281  0.766694  0.751493  0.746883  0.690043  0.698830  0.631074  0.579321  0.597228  0.498396  0.424654  0.418922  0.322379  0.331635
139       0.961115  0.819091  0.789398  0.782027  0.751705  0.741057  0.690302  0.691776  0.631986  0.579437  0.596571  0.498391  0.427121  0.417347  0.328105  0.341890
140       0.961115  0.819091  0.789398  0.782027  0.751705  0.741057  0.690302  0.691776  0.631986  0.579437  0.596571  0.498391  0.427121  0.417347  0.328105  0.341890
141       0.961115  0.819091  0.789398  0.782027  0.751705  0.741057  0.690302  0.691776  0.631986  0.579437  0.596571  0.498391  0.427121  0.417347  0.328105  0.341890
142            NaN       NaN       NaN       NaN       NaN       NaN       NaN       NaN       NaN       NaN       NaN       NaN       NaN       NaN       NaN       NaN
143       0.961115  0.819091  0.789398  0.782027  0.751705  0.741057  0.690302  0.691776  0.631986  0.579437  0.596571  0.498391  0.427121  0.417347  0.328105  0.341890
144       0.961115  0.819091  0.789398  0.782027  0.751705  0.741057  0.690302  0.691776  0.631986  0.579437  0.596571  0.498391  0.427121  0.417347  0.328105  0.341890
145       0.961115  0.819091  0.789398  0.782027  0.751705  0.741057  0.690302  0.691776  0.631986  0.579437  0.596571  0.498391  0.427121  0.417347  0.328105  0.341890
146       0.961115  0.819091  0.789398  0.782027  0.751705  0.741057  0.690302  0.691776  0.631986  0.579437  0.596571  0.498391  0.427121  0.417347  0.328105  0.341890
147       0.961115  0.819091  0.789398  0.782027  0.751705  0.741057  0.690302  0.691776  0.631986  0.579437  0.596571  0.498391  0.427121  0.417347  0.328105  0.341890
148            NaN       NaN       NaN       NaN       NaN       NaN       NaN       NaN       NaN       NaN       NaN       NaN       NaN       NaN       NaN       NaN
149       0.961115  0.819091  0.789398  0.782027  0.751705  0.741057  0.690302  0.691776  0.631986  0.579437  0.596571  0.498391  0.427121  0.417347  0.328105  0.341890
150       0.961115  0.819091  0.789398  0.782027  0.751705  0.741057  0.690302  0.691776  0.631986  0.579437  0.596571  0.498391  0.427121  0.417347  0.328105  0.341890
151       0.961115  0.819091  0.789398  0.782027  0.751705  0.741057  0.690302  0.691776  0.631986  0.579437  0.596571  0.498391  0.427121  0.417347  0.328105  0.341890
152       0.961115  0.819091  0.789398  0.782027  0.751705  0.741057  0.690302  0.691776  0.631986  0.579437  0.596571  0.498391  0.427121  0.417347  0.328105  0.341890
153            NaN       NaN       NaN       NaN       NaN       NaN       NaN       NaN       NaN       NaN       NaN       NaN       NaN       NaN       NaN       NaN
154       0.961115  0.819091  0.789398  0.782027  0.751705  0.741057  0.690302  0.691776  0.631986  0.579437  0.596571  0.498391  0.427121  0.417347  0.328105  0.341890
155       0.961115  0.819091  0.789398  0.782027  0.751705  0.741057  0.690302  0.691776  0.631986  0.579437  0.596571  0.498391  0.427121  0.417347  0.328105  0.341890
156            NaN       NaN       NaN       NaN       NaN       NaN       NaN       NaN       NaN       NaN       NaN       NaN       NaN       NaN       NaN       NaN
157       0.961115  0.819091  0.789398  0.782027  0.751705  0.741057  0.690302  0.691776  0.631986  0.579437  0.596571  0.498391  0.427121  0.417347  0.328105  0.341890
158       0.961115  0.819091  0.789398  0.782027  0.751705  0.741057  0.690302  0.691776  0.631986  0.579437  0.596571  0.498391  0.427121  0.417347  0.328105  0.341890
159       0.961115  0.819091  0.789398  0.782027  0.751705  0.741057  0.690302  0.691776  0.631986  0.579437  0.596571  0.498391  0.427121  0.417347  0.328105  0.341890
160       0.961115  0.819091  0.789398  0.782027  0.751705  0.741057  0.690302  0.691776  0.631986  0.579437  0.596571  0.498391  0.427121  0.417347  0.328105  0.341890
161       0.971448  0.841735  0.798856  0.782729  0.758569  0.755302  0.696786  0.711471  0.644069  0.590963  0.618159  0.515630  0.435500  0.425648  0.318455  0.341958
162       0.971448  0.841735  0.798856  0.782729  0.758569  0.755302  0.696786  0.711471  0.644069  0.590963  0.618159  0.515630  0.435500  0.425648  0.318455  0.341958