exposure    1800.0
r_number          
2         0.001892
3         0.001740
4         0.001740
5         0.001740
6         0.001740
7         0.001740
8         0.001740
9         0.001740
10        0.001740
11        0.001740
12        0.001740
13        0.001740
14        0.001740
15        0.001740
16        0.001896
17        0.001414
18        0.001414
19        0.001414
20        0.001414
21             NaN
22        0.001414
23        0.001414
24        0.001414
25        0.001414
26        0.001414
27        0.001485
28        0.001550
29        0.001515
30        0.001739
31        0.001826
32        0.001054
33        0.001867
34        0.001867
35        0.001867
36        0.001867
37        0.001572
38        0.001572
39        0.001572
40        0.001572
41        0.001572
42        0.001892
43        0.005547
44        0.005547
45        0.005547
46        0.005547
47        0.005547
48        0.007342
49        0.013318
50        0.003224
51        0.003224
52        0.003224
53        0.003224
54        0.003224
55        0.003224
56        0.003224
57             NaN
58        0.003224
59        0.003224
60        0.003224
61        0.003224
62        0.003224
63        0.003224
64        0.003224
65        0.003224
66        0.003224
67             NaN
68        0.003224
69        0.003224
70        0.003224
71        0.003224
72        0.003224
73        0.003224
74        0.003224
75        0.003224
76        0.003224
77        0.003224
78        0.003224
79        0.003224
80        0.003224
81        0.003224
82        0.003224
83        0.003224
84        0.004440
85        0.011380
86        0.011983
87        0.008014
88        0.008014
89        0.008014
90        0.008014
91             NaN
92        0.008014
93        0.008014
94        0.005408
95        0.005408
96        0.005408
97        0.005408
98        0.005408
99        0.003801
100       0.006359
101       0.005304
102       0.005304
103       0.005304
104       0.004876
105       0.004876
106       0.004876
107       0.005220
108       0.005286
109       0.007577
110       0.007577
111            NaN
112       0.018009
113       0.018009
114       0.010676
115       0.008704
116       0.008704
117       0.008704
118       0.008704
119       0.008704
120       0.007000
121       0.004356
122       0.004356
123            NaN
124       0.009499
125       0.006658
126       0.006658
127       0.006658
128       0.006658
129       0.006658
130       0.006658
131       0.006407
132       0.002648
133       0.002193
134       0.002193
135       0.002193
136       0.002193
137       0.002193
138       0.002193
139       0.002193
140       0.002193
141       0.002193
142       0.002193
143       0.002193
144       0.002193
145       0.002193
146       0.002193
147       0.001736
148       0.003639
149       0.003639
150       0.003639
151            NaN
152       0.003639
153       0.003639
154       0.004512
155       0.004282
156       0.004827
157       0.004827
158       0.004827
159       0.006360
160       0.006360
161       0.006360
162       0.009039
163       0.009039
164       0.009039
165       0.009039
166       0.009039
167       0.009039
168       0.009039
169       0.009039
170       0.009039
171       0.009039
172       0.009039