exposure   0.60      4.98      10.02     19.98     30.00     40.02     60.00     150.00    300.00    600.00    900.00    1200.00   1800.00
r_number                                                                                                                                  
2         0.767012  0.522906  0.486845  0.435479  0.385015  0.355433  0.313749  0.347709  0.331752  0.314678  0.301175  0.316905  0.306222
3         0.770590  0.525423  0.488938  0.439680  0.391206  0.363264  0.319372  0.350737  0.334641  0.318720  0.304058  0.320276  0.309273
4         0.770590  0.525423  0.488938  0.439680  0.391206  0.363264  0.319372  0.350737  0.334641  0.318720  0.304058  0.320276  0.309273
5         0.770590  0.525423  0.488938  0.439680  0.391206  0.363264  0.319372  0.350737  0.334641  0.318720  0.304058  0.320276  0.309273
6         0.770590  0.525423  0.488938  0.439680  0.391206  0.363264  0.319372  0.350737  0.334641  0.318720  0.304058  0.320276  0.309273
7         0.770590  0.525423  0.488938  0.439680  0.391206  0.363264  0.319372  0.350737  0.334641  0.318720  0.304058  0.320276  0.309273
8         0.770590  0.525423  0.488938  0.439680  0.391206  0.363264  0.319372  0.350737  0.334641  0.318720  0.304058  0.320276  0.309273
9         0.770590  0.525423  0.488938  0.439680  0.391206  0.363264  0.319372  0.350737  0.334641  0.318720  0.304058  0.320276  0.309273
10        0.770590  0.525423  0.488938  0.439680  0.391206  0.363264  0.319372  0.350737  0.334641  0.318720  0.304058  0.320276  0.309273
11        0.770590  0.525423  0.488938  0.439680  0.391206  0.363264  0.319372  0.350737  0.334641  0.318720  0.304058  0.320276  0.309273
12        0.770590  0.525423  0.488938  0.439680  0.391206  0.363264  0.319372  0.350737  0.334641  0.318720  0.304058  0.320276  0.309273
13        0.770590  0.525423  0.488938  0.439680  0.391206  0.363264  0.319372  0.350737  0.334641  0.318720  0.304058  0.320276  0.309273
14        0.770590  0.525423  0.488938  0.439680  0.391206  0.363264  0.319372  0.350737  0.334641  0.318720  0.304058  0.320276  0.309273
15        0.770590  0.525423  0.488938  0.439680  0.391206  0.363264  0.319372  0.350737  0.334641  0.318720  0.304058  0.320276  0.309273
16        0.776305  0.540491  0.504551  0.448003  0.397661  0.367122  0.320941  0.353347  0.336576  0.319123  0.303218  0.321003  0.308927
17        0.815143  0.596444  0.575510  0.485807  0.430693  0.404562  0.354044  0.380379  0.362266  0.349516  0.332826  0.345929  0.334014
18        0.815143  0.596444  0.575510  0.485807  0.430693  0.404562  0.354044  0.380379  0.362266  0.349516  0.332826  0.345929  0.334014
19        0.815143  0.596444  0.575510  0.485807  0.430693  0.404562  0.354044  0.380379  0.362266  0.349516  0.332826  0.345929  0.334014
20        0.815143  0.596444  0.575510  0.485807  0.430693  0.404562  0.354044  0.380379  0.362266  0.349516  0.332826  0.345929  0.334014
21             NaN       NaN       NaN       NaN       NaN       NaN       NaN       NaN       NaN       NaN       NaN       NaN       NaN
22        0.815143  0.596444  0.575510  0.485807  0.430693  0.404562  0.354044  0.380379  0.362266  0.349516  0.332826  0.345929  0.334014
23        0.815143  0.596444  0.575510  0.485807  0.430693  0.404562  0.354044  0.380379  0.362266  0.349516  0.332826  0.345929  0.334014
24        0.815143  0.596444  0.575510  0.485807  0.430693  0.404562  0.354044  0.380379  0.362266  0.349516  0.332826  0.345929  0.334014
25        0.815143  0.596444  0.575510  0.485807  0.430693  0.404562  0.354044  0.380379  0.362266  0.349516  0.332826  0.345929  0.334014
26        0.815143  0.596444  0.575510  0.485807  0.430693  0.404562  0.354044  0.380379  0.362266  0.349516  0.332826  0.345929  0.334014
27        0.815084  0.585417  0.562042  0.485701  0.429913  0.406384  0.355134  0.380466  0.361350  0.347345  0.332902  0.345908  0.334010
28        0.809430  0.584395  0.566137  0.478636  0.427384  0.408092  0.356877  0.378427  0.362482  0.348465  0.333167  0.347466  0.334157
29        0.766104  0.525988  0.498655  0.444083  0.404722  0.394821  0.343517  0.361145  0.352072  0.337748  0.321270  0.336609  0.323067
30        0.765096  0.513034  0.481470  0.445654  0.410013  0.402373  0.348441  0.361784  0.354098  0.341454  0.326900  0.341820  0.328777
31        0.787733  0.484701  0.449094  0.400198  0.359985  0.353818  0.291814  0.308977  0.303174  0.286779  0.271848  0.283506  0.269150
32        0.811180  0.530098  0.495896  0.443212  0.401533  0.394523  0.331519  0.348063  0.342778  0.327311  0.314329  0.327597  0.313947
33        0.819073  0.548662  0.515112  0.462218  0.420962  0.414286  0.358267  0.374827  0.371308  0.352415  0.340498  0.356023  0.343258
34        0.819073  0.548662  0.515112  0.462218  0.420962  0.414286  0.358267  0.374827  0.371308  0.352415  0.340498  0.356023  0.343258
35        0.819073  0.548662  0.515112  0.462218  0.420962  0.414286  0.358267  0.374827  0.371308  0.352415  0.340498  0.356023  0.343258
36        0.819073  0.548662  0.515112  0.462218  0.420962  0.414286  0.358267  0.374827  0.371308  0.352415  0.340498  0.356023  0.343258
37        0.840857  0.591746  0.558787  0.498384  0.452386  0.439368  0.387109  0.403829  0.392278  0.379402  0.368132  0.382999  0.375618
38        0.840857  0.591746  0.558787  0.498384  0.452386  0.439368  0.387109  0.403829  0.392278  0.379402  0.368132  0.382999  0.375618
39        0.840857  0.591746  0.558787  0.498384  0.452386  0.439368  0.387109  0.403829  0.392278  0.379402  0.368132  0.382999  0.375618
40        0.840857  0.591746  0.558787  0.498384  0.452386  0.439368  0.387109  0.403829  0.392278  0.379402  0.368132  0.382999  0.375618
41        0.840857  0.591746  0.558787  0.498384  0.452386  0.439368  0.387109  0.403829  0.392278  0.379402  0.368132  0.382999  0.375618
42        0.872802  0.658411  0.628289  0.561227  0.508812  0.488401  0.438480  0.453983  0.433071  0.429322  0.418729  0.431783  0.431481
43        0.930804  0.734004  0.701598  0.639818  0.590959  0.569669  0.523481  0.542171  0.522528  0.513010  0.503413  0.513670  0.519206
44        0.930804  0.734004  0.701598  0.639818  0.590959  0.569669  0.523481  0.542171  0.522528  0.513010  0.503413  0.513670  0.519206
45        0.930804  0.734004  0.701598  0.639818  0.590959  0.569669  0.523481  0.542171  0.522528  0.513010  0.503413  0.513670  0.519206
46        0.930804  0.734004  0.701598  0.639818  0.590959  0.569669  0.523481  0.542171  0.522528  0.513010  0.503413  0.513670  0.519206
47        0.930804  0.734004  0.701598  0.639818  0.590959  0.569669  0.523481  0.542171  0.522528  0.513010  0.503413  0.513670  0.519206
48        0.951988  0.761257  0.731408  0.668723  0.620312  0.600144  0.555654  0.573841  0.555624  0.543578  0.535182  0.543573  0.553874
49        1.000509  0.808644  0.772032  0.712211  0.665671  0.635988  0.595030  0.621038  0.601010  0.577773  0.573282  0.583052  0.587020
50        0.956778  0.826234  0.787106  0.727956  0.675979  0.646867  0.591459  0.624235  0.597401  0.581655  0.570353  0.580313  0.574372
51        0.956778  0.826234  0.787106  0.727956  0.675979  0.646867  0.591459  0.624235  0.597401  0.581655  0.570353  0.580313  0.574372
52        0.956778  0.826234  0.787106  0.727956  0.675979  0.646867  0.591459  0.624235  0.597401  0.581655  0.570353  0.580313  0.574372
53        0.956778  0.826234  0.787106  0.727956  0.675979  0.646867  0.591459  0.624235  0.597401  0.581655  0.570353  0.580313  0.574372
54        0.956778  0.826234  0.787106  0.727956  0.675979  0.646867  0.591459  0.624235  0.597401  0.581655  0.570353  0.580313  0.574372
55        0.956778  0.826234  0.787106  0.727956  0.675979  0.646867  0.591459  0.624235  0.597401  0.581655  0.570353  0.580313  0.574372
56        0.956778  0.826234  0.787106  0.727956  0.675979  0.646867  0.591459  0.624235  0.597401  0.581655  0.570353  0.580313  0.574372
57             NaN       NaN       NaN       NaN       NaN       NaN       NaN       NaN       NaN       NaN       NaN       NaN       NaN
58        0.956778  0.826234  0.787106  0.727956  0.675979  0.646867  0.591459  0.624235  0.597401  0.581655  0.570353  0.580313  0.574372
59        0.956778  0.826234  0.787106  0.727956  0.675979  0.646867  0.591459  0.624235  0.597401  0.581655  0.570353  0.580313  0.574372
60        0.956778  0.826234  0.787106  0.727956  0.675979  0.646867  0.591459  0.624235  0.597401  0.581655  0.570353  0.580313  0.574372
61        0.956778  0.826234  0.787106  0.727956  0.675979  0.646867  0.591459  0.624235  0.597401  0.581655  0.570353  0.580313  0.574372
62        0.956778  0.826234  0.787106  0.727956  0.675979  0.646867  0.591459  0.624235  0.597401  0.581655  0.570353  0.580313  0.574372
63        0.956778  0.826234  0.787106  0.727956  0.675979  0.646867  0.591459  0.624235  0.597401  0.581655  0.570353  0.580313  0.574372
64        0.956778  0.826234  0.787106  0.727956  0.675979  0.646867  0.591459  0.624235  0.597401  0.581655  0.570353  0.580313  0.574372
65        0.956778  0.826234  0.787106  0.727956  0.675979  0.646867  0.591459  0.624235  0.597401  0.581655  0.570353  0.580313  0.574372
66        0.956778  0.826234  0.787106  0.727956  0.675979  0.646867  0.591459  0.624235  0.597401  0.581655  0.570353  0.580313  0.574372
67             NaN       NaN       NaN       NaN       NaN       NaN       NaN       NaN       NaN       NaN       NaN       NaN       NaN
68        0.956778  0.826234  0.787106  0.727956  0.675979  0.646867  0.591459  0.624235  0.597401  0.581655  0.570353  0.580313  0.574372
69        0.956778  0.826234  0.787106  0.727956  0.675979  0.646867  0.591459  0.624235  0.597401  0.581655  0.570353  0.580313  0.574372
70        0.956778  0.826234  0.787106  0.727956  0.675979  0.646867  0.591459  0.624235  0.597401  0.581655  0.570353  0.580313  0.574372
71        0.956778  0.826234  0.787106  0.727956  0.675979  0.646867  0.591459  0.624235  0.597401  0.581655  0.570353  0.580313  0.574372
72        0.956778  0.826234  0.787106  0.727956  0.675979  0.646867  0.591459  0.624235  0.597401  0.581655  0.570353  0.580313  0.574372
73        0.956778  0.826234  0.787106  0.727956  0.675979  0.646867  0.591459  0.624235  0.597401  0.581655  0.570353  0.580313  0.574372
74        0.956778  0.826234  0.787106  0.727956  0.675979  0.646867  0.591459  0.624235  0.597401  0.581655  0.570353  0.580313  0.574372
75        0.956778  0.826234  0.787106  0.727956  0.675979  0.646867  0.591459  0.624235  0.597401  0.581655  0.570353  0.580313  0.574372
76        0.956778  0.826234  0.787106  0.727956  0.675979  0.646867  0.591459  0.624235  0.597401  0.581655  0.570353  0.580313  0.574372
77        0.956778  0.826234  0.787106  0.727956  0.675979  0.646867  0.591459  0.624235  0.597401  0.581655  0.570353  0.580313  0.574372
78        0.956778  0.826234  0.787106  0.727956  0.675979  0.646867  0.591459  0.624235  0.597401  0.581655  0.570353  0.580313  0.574372
79        0.956778  0.826234  0.787106  0.727956  0.675979  0.646867  0.591459  0.624235  0.597401  0.581655  0.570353  0.580313  0.574372
80        0.956778  0.826234  0.787106  0.727956  0.675979  0.646867  0.591459  0.624235  0.597401  0.581655  0.570353  0.580313  0.574372
81        0.956778  0.826234  0.787106  0.727956  0.675979  0.646867  0.591459  0.624235  0.597401  0.581655  0.570353  0.580313  0.574372
82        0.956778  0.826234  0.787106  0.727956  0.675979  0.646867  0.591459  0.624235  0.597401  0.581655  0.570353  0.580313  0.574372
83        0.956778  0.826234  0.787106  0.727956  0.675979  0.646867  0.591459  0.624235  0.597401  0.581655  0.570353  0.580313  0.574372
84        0.929590  0.827054  0.786887  0.726337  0.673564  0.645654  0.589096  0.622049  0.590463  0.578458  0.566354  0.578144  0.567373
85        0.992654  0.872454  0.838843  0.797528  0.755932  0.731134  0.688777  0.716004  0.694363  0.685028  0.673309  0.685364  0.684766
86        1.010900  0.887990  0.859158  0.828928  0.794324  0.775529  0.733997  0.761889  0.743974  0.737222  0.728574  0.735437  0.743000
87        0.998214  0.861091  0.829847  0.806275  0.775058  0.756641  0.714009  0.739345  0.726730  0.720945  0.704229  0.721976  0.726947
88        0.998214  0.861091  0.829847  0.806275  0.775058  0.756641  0.714009  0.739345  0.726730  0.720945  0.704229  0.721976  0.726947
89        0.998214  0.861091  0.829847  0.806275  0.775058  0.756641  0.714009  0.739345  0.726730  0.720945  0.704229  0.721976  0.726947
90        0.998214  0.861091  0.829847  0.806275  0.775058  0.756641  0.714009  0.739345  0.726730  0.720945  0.704229  0.721976  0.726947
91             NaN       NaN       NaN       NaN       NaN       NaN       NaN       NaN       NaN       NaN       NaN       NaN       NaN
92        0.998214  0.861091  0.829847  0.806275  0.775058  0.756641  0.714009  0.739345  0.726730  0.720945  0.704229  0.721976  0.726947
93        0.998214  0.861091  0.829847  0.806275  0.775058  0.756641  0.714009  0.739345  0.726730  0.720945  0.704229  0.721976  0.726947
94        0.986027  0.859336  0.835313  0.709770  0.658556  0.621334  0.569137  0.605222  0.580126  0.571044  0.553934  0.570791  0.565840
95        0.986027  0.859336  0.835313  0.709770  0.658556  0.621334  0.569137  0.605222  0.580126  0.571044  0.553934  0.570791  0.565840
96        0.986027  0.859336  0.835313  0.709770  0.658556  0.621334  0.569137  0.605222  0.580126  0.571044  0.553934  0.570791  0.565840
97        0.986027  0.859336  0.835313  0.709770  0.658556  0.621334  0.569137  0.605222  0.580126  0.571044  0.553934  0.570791  0.565840
98        0.986027  0.859336  0.835313  0.709770  0.658556  0.621334  0.569137  0.605222  0.580126  0.571044  0.553934  0.570791  0.565840
99        0.961566  0.829866  0.810600  0.587677  0.518571  0.459665  0.396714  0.441472  0.410185  0.397224  0.370769  0.398513  0.381068
100       0.923498  0.747278  0.720935  0.650691  0.605862  0.589591  0.546921  0.558161  0.544844  0.534306  0.521119  0.533345  0.524529
101       0.906414  0.746493  0.719397  0.654929  0.610240  0.594722  0.552104  0.562407  0.547186  0.539452  0.525009  0.539410  0.529883
102       0.906414  0.746493  0.719397  0.654929  0.610240  0.594722  0.552104  0.562407  0.547186  0.539452  0.525009  0.539410  0.529883
103       0.906414  0.746493  0.719397  0.654929  0.610240  0.594722  0.552104  0.562407  0.547186  0.539452  0.525009  0.539410  0.529883
104       0.935513  0.790017  0.761725  0.699282  0.654479  0.636598  0.592371  0.607868  0.592182  0.581149  0.569600  0.584832  0.575331
105       0.935513  0.790017  0.761725  0.699282  0.654479  0.636598  0.592371  0.607868  0.592182  0.581149  0.569600  0.584832  0.575331
106       0.935513  0.790017  0.761725  0.699282  0.654479  0.636598  0.592371  0.607868  0.592182  0.581149  0.569600  0.584832  0.575331
107       0.940139  0.807237  0.778837  0.722117  0.676928  0.658944  0.615233  0.632461  0.615941  0.604632  0.594053  0.609000  0.601186
108       0.941789  0.823260  0.792891  0.737735  0.690553  0.670388  0.626621  0.645455  0.627702  0.614919  0.605460  0.622439  0.612933
109       0.954261  0.856709  0.825376  0.775107  0.730344  0.709950  0.663292  0.685434  0.666053  0.654244  0.645253  0.665175  0.654606
110       0.954261  0.856709  0.825376  0.775107  0.730344  0.709950  0.663292  0.685434  0.666053  0.654244  0.645253  0.665175  0.654606
111            NaN       NaN       NaN       NaN       NaN       NaN       NaN       NaN       NaN       NaN       NaN       NaN       NaN
112       0.970386  0.886277  0.894764  0.885322  0.881897  0.894873  0.858421  0.880360  0.875089  0.888715  0.878662  0.877884  0.886247
113       0.970386  0.886277  0.894764  0.885322  0.881897  0.894873  0.858421  0.880360  0.875089  0.888715  0.878662  0.877884  0.886247
114       0.967957  0.857909  0.861215  0.854251  0.842950  0.859822  0.821403  0.837976  0.834577  0.854055  0.837279  0.836712  0.851175
115       0.963529  0.839512  0.842453  0.823969  0.811872  0.825454  0.786307  0.801191  0.797957  0.817448  0.800319  0.802711  0.810393
116       0.963529  0.839512  0.842453  0.823969  0.811872  0.825454  0.786307  0.801191  0.797957  0.817448  0.800319  0.802711  0.810393
117       0.963529  0.839512  0.842453  0.823969  0.811872  0.825454  0.786307  0.801191  0.797957  0.817448  0.800319  0.802711  0.810393
118       0.963529  0.839512  0.842453  0.823969  0.811872  0.825454  0.786307  0.801191  0.797957  0.817448  0.800319  0.802711  0.810393
119       0.963529  0.839512  0.842453  0.823969  0.811872  0.825454  0.786307  0.801191  0.797957  0.817448  0.800319  0.802711  0.810393
120       0.948417  0.794488  0.792804  0.751270  0.737367  0.746776  0.704412  0.713888  0.711120  0.729598  0.712506  0.717263  0.716064
121       0.952128  0.774035  0.767498  0.716361  0.699604  0.706576  0.665358  0.665929  0.665404  0.685374  0.664015  0.672269  0.669042
122       0.952128  0.774035  0.767498  0.716361  0.699604  0.706576  0.665358  0.665929  0.665404  0.685374  0.664015  0.672269  0.669042
123            NaN       NaN       NaN       NaN       NaN       NaN       NaN       NaN       NaN       NaN       NaN       NaN       NaN
124       0.786229  0.639873  0.633068  0.579621  0.560200  0.566061  0.536740  0.532795  0.537909  0.523407  0.506649  0.521208  0.519534
125       0.820903  0.687350  0.676913  0.608704  0.582334  0.569529  0.545042  0.554901  0.546038  0.536446  0.516626  0.533070  0.529156
126       0.820903  0.687350  0.676913  0.608704  0.582334  0.569529  0.545042  0.554901  0.546038  0.536446  0.516626  0.533070  0.529156
127       0.820903  0.687350  0.676913  0.608704  0.582334  0.569529  0.545042  0.554901  0.546038  0.536446  0.516626  0.533070  0.529156
128       0.820903  0.687350  0.676913  0.608704  0.582334  0.569529  0.545042  0.554901  0.546038  0.536446  0.516626  0.533070  0.529156
129       0.820903  0.687350  0.676913  0.608704  0.582334  0.569529  0.545042  0.554901  0.546038  0.536446  0.516626  0.533070  0.529156
130       0.820903  0.687350  0.676913  0.608704  0.582334  0.569529  0.545042  0.554901  0.546038  0.536446  0.516626  0.533070  0.529156
131       0.832297  0.703612  0.689847  0.632101  0.609341  0.597656  0.565403  0.580413  0.566135  0.560861  0.548323  0.556961  0.552215
132       0.850659  0.751277  0.734067  0.649118  0.607762  0.578429  0.530552  0.556422  0.532306  0.516133  0.510221  0.519512  0.506512
133       0.906350  0.801101  0.775505  0.708456  0.666860  0.633921  0.594641  0.620936  0.595507  0.579735  0.571540  0.575922  0.575378
134       0.906350  0.801101  0.775505  0.708456  0.666860  0.633921  0.594641  0.620936  0.595507  0.579735  0.571540  0.575922  0.575378
135       0.906350  0.801101  0.775505  0.708456  0.666860  0.633921  0.594641  0.620936  0.595507  0.579735  0.571540  0.575922  0.575378
136       0.906350  0.801101  0.775505  0.708456  0.666860  0.633921  0.594641  0.620936  0.595507  0.579735  0.571540  0.575922  0.575378
137       0.906350  0.801101  0.775505  0.708456  0.666860  0.633921  0.594641  0.620936  0.595507  0.579735  0.571540  0.575922  0.575378
138       0.906350  0.801101  0.775505  0.708456  0.666860  0.633921  0.594641  0.620936  0.595507  0.579735  0.571540  0.575922  0.575378
139       0.906350  0.801101  0.775505  0.708456  0.666860  0.633921  0.594641  0.620936  0.595507  0.579735  0.571540  0.575922  0.575378
140       0.906350  0.801101  0.775505  0.708456  0.666860  0.633921  0.594641  0.620936  0.595507  0.579735  0.571540  0.575922  0.575378
141       0.906350  0.801101  0.775505  0.708456  0.666860  0.633921  0.594641  0.620936  0.595507  0.579735  0.571540  0.575922  0.575378
142       0.906350  0.801101  0.775505  0.708456  0.666860  0.633921  0.594641  0.620936  0.595507  0.579735  0.571540  0.575922  0.575378
143       0.906350  0.801101  0.775505  0.708456  0.666860  0.633921  0.594641  0.620936  0.595507  0.579735  0.571540  0.575922  0.575378
144       0.906350  0.801101  0.775505  0.708456  0.666860  0.633921  0.594641  0.620936  0.595507  0.579735  0.571540  0.575922  0.575378
145       0.906350  0.801101  0.775505  0.708456  0.666860  0.633921  0.594641  0.620936  0.595507  0.579735  0.571540  0.575922  0.575378
146       0.906350  0.801101  0.775505  0.708456  0.666860  0.633921  0.594641  0.620936  0.595507  0.579735  0.571540  0.575922  0.575378
147       0.884565  0.794515  0.774308  0.698987  0.653671  0.623485  0.578305  0.604595  0.578391  0.564464  0.555293  0.564127  0.559583
148       0.872527  0.768894  0.751813  0.669325  0.613837  0.583598  0.529789  0.564650  0.536118  0.515590  0.504062  0.516328  0.511876
149       0.872527  0.768894  0.751813  0.669325  0.613837  0.583598  0.529789  0.564650  0.536118  0.515590  0.504062  0.516328  0.511876
150       0.872527  0.768894  0.751813  0.669325  0.613837  0.583598  0.529789  0.564650  0.536118  0.515590  0.504062  0.516328  0.511876
151            NaN       NaN       NaN       NaN       NaN       NaN       NaN       NaN       NaN       NaN       NaN       NaN       NaN
152       0.872527  0.768894  0.751813  0.669325  0.613837  0.583598  0.529789  0.564650  0.536118  0.515590  0.504062  0.516328  0.511876
153       0.872527  0.768894  0.751813  0.669325  0.613837  0.583598  0.529789  0.564650  0.536118  0.515590  0.504062  0.516328  0.511876
154       0.863469  0.756633  0.741226  0.653746  0.594179  0.562525  0.508201  0.544215  0.513764  0.492076  0.480518  0.492844  0.490748
155       0.858183  0.754531  0.742224  0.655929  0.600401  0.570438  0.520036  0.553609  0.525195  0.505201  0.494122  0.506132  0.503057
156       0.849715  0.742182  0.732237  0.642081  0.585259  0.555861  0.504205  0.538641  0.510761  0.490100  0.477468  0.489903  0.487265
157       0.849715  0.742182  0.732237  0.642081  0.585259  0.555861  0.504205  0.538641  0.510761  0.490100  0.477468  0.489903  0.487265
158       0.849715  0.742182  0.732237  0.642081  0.585259  0.555861  0.504205  0.538641  0.510761  0.490100  0.477468  0.489903  0.487265
159       0.850731  0.758867  0.753809  0.670672  0.631563  0.603708  0.571403  0.591842  0.569530  0.560423  0.548485  0.553491  0.554595
160       0.850731  0.758867  0.753809  0.670672  0.631563  0.603708  0.571403  0.591842  0.569530  0.560423  0.548485  0.553491  0.554595
161       0.850731  0.758867  0.753809  0.670672  0.631563  0.603708  0.571403  0.591842  0.569530  0.560423  0.548485  0.553491  0.554595
162       0.845461  0.758179  0.757834  0.678167  0.642696  0.618500  0.589913  0.608722  0.589632  0.581186  0.570135  0.574776  0.574765
163       0.845461  0.758179  0.757834  0.678167  0.642696  0.618500  0.589913  0.608722  0.589632  0.581186  0.570135  0.574776  0.574765
164       0.845461  0.758179  0.757834  0.678167  0.642696  0.618500  0.589913  0.608722  0.589632  0.581186  0.570135  0.574776  0.574765
165       0.845461  0.758179  0.757834  0.678167  0.642696  0.618500  0.589913  0.608722  0.589632  0.581186  0.570135  0.574776  0.574765
166       0.845461  0.758179  0.757834  0.678167  0.642696  0.618500  0.589913  0.608722  0.589632  0.581186  0.570135  0.574776  0.574765
167       0.845461  0.758179  0.757834  0.678167  0.642696  0.618500  0.589913  0.608722  0.589632  0.581186  0.570135  0.574776  0.574765
168       0.845461  0.758179  0.757834  0.678167  0.642696  0.618500  0.589913  0.608722  0.589632  0.581186  0.570135  0.574776  0.574765
169       0.845461  0.758179  0.757834  0.678167  0.642696  0.618500  0.589913  0.608722  0.589632  0.581186  0.570135  0.574776  0.574765
170       0.845461  0.758179  0.757834  0.678167  0.642696  0.618500  0.589913  0.608722  0.589632  0.581186  0.570135  0.574776  0.574765
171       0.845461  0.758179  0.757834  0.678167  0.642696  0.618500  0.589913  0.608722  0.589632  0.581186  0.570135  0.574776  0.574765
172       0.845461  0.758179  0.757834  0.678167  0.642696  0.618500  0.589913  0.608722  0.589632  0.581186  0.570135  0.574776  0.574765