exposure    1800.0    3600.0
r_number                    
2         0.164295  0.192161
3         0.165844  0.193371
4         0.165844  0.193371
5         0.165844  0.193371
6         0.165844  0.193371
7         0.165844  0.193371
8         0.165844  0.193371
9         0.165844  0.193371
10        0.165844  0.193371
11        0.165844  0.193371
12        0.166823  0.193979
13        0.166823  0.193979
14        0.166823  0.193979
15        0.166823  0.193979
16        0.162892  0.189216
17        0.172074  0.197791
18        0.172074  0.197791
19        0.172074  0.197791
20        0.172074  0.197791
21             NaN       NaN
22        0.172074  0.197791
23        0.172074  0.197791
24        0.172074  0.197791
25        0.172074  0.197791
26        0.172074  0.197791
27        0.171737  0.197008
28        0.171737  0.197008
29        0.169135  0.195255
30        0.164725  0.184514
31        0.150590  0.171786
32        0.163175  0.180690
33        0.163175  0.180690
34        0.163175  0.180690
35        0.163175  0.180690
36        0.163175  0.180690
37        0.177453  0.196445
38        0.177453  0.196445
39        0.177453  0.196445
40        0.177453  0.196445
41        0.177453  0.196445
42        0.207953  0.224642
43        0.257300  0.273285
44        0.257300  0.273285
45        0.257300  0.273285
46        0.257300  0.273285
47        0.267681  0.286720
48        0.281997  0.301046
49        0.329857  0.351452
50        0.316288  0.362712
51        0.316288  0.362712
52        0.316288  0.362712
53        0.316288  0.362712
54        0.316288  0.362712
55        0.316288  0.362712
56        0.316288  0.362712
57             NaN       NaN
58        0.316288  0.362712
59        0.316288  0.362712
60        0.316288  0.362712
61        0.316288  0.362712
62        0.316288  0.362712
63        0.316288  0.362712
64        0.316288  0.362712
65        0.316288  0.362712
66        0.316288  0.362712
67             NaN       NaN
68        0.276238  0.317016
69        0.276238  0.317016
70        0.276238  0.317016
71        0.276238  0.317016
72        0.276238  0.317016
73        0.276238  0.317016
74        0.276238  0.317016
75        0.276238  0.317016
76        0.276238  0.317016
77        0.276238  0.317016
78        0.276238  0.317016
79        0.276238  0.317016
80        0.276238  0.317016
81        0.276238  0.317016
82        0.276238  0.317016
83        0.276238  0.317016
84        0.276439  0.316511
85        0.329731  0.375456
86        0.363009  0.418974
87        0.370895  0.429381
88        0.370895  0.429381
89        0.370895  0.429381
90        0.370895  0.429381
91             NaN       NaN
92        0.370895  0.429381
93        0.370895  0.429381
94        0.370895  0.429381
95        0.370895  0.429381
96        0.370895  0.429381
97        0.370895  0.429381
98        0.370895  0.429381
99        0.358398  0.422757
100       0.336095  0.337559
101       0.324554  0.321899
102       0.324554  0.321899
103       0.324554  0.321899
104       0.333007  0.334111
105       0.333007  0.334111
106       0.333007  0.334111
107       0.340534  0.340617
108       0.326429  0.322675
109       0.328467  0.319753
110       0.328467  0.319753
111            NaN       NaN
112       0.595300  0.622810
113       0.595300  0.622810
114       0.545836  0.572192
115       0.502879  0.530280
116       0.502879  0.530280
117       0.430350  0.444561
118       0.430350  0.444561
119       0.430350  0.444561
120       0.379031  0.388187
121       0.330252  0.335507
122       0.330252  0.335507
123            NaN       NaN
124       0.385960  0.411877
125       0.391914  0.421491
126       0.391914  0.421491
127       0.391914  0.421491
128       0.391914  0.421491
129       0.391914  0.421491
130       0.391914  0.421491
131       0.401838  0.430288
132       0.272684  0.296310
133       0.293185  0.311685
134       0.293185  0.311685
135       0.293185  0.311685
136       0.293185  0.311685
137       0.293185  0.311685
138       0.293185  0.311685
139       0.293185  0.311685
140       0.293185  0.311685
141       0.293185  0.311685
142       0.293185  0.311685
143       0.293185  0.311685
144       0.293185  0.311685
145       0.293185  0.311685
146       0.293185  0.311685
147       0.293185  0.311685
148       0.253236  0.269785
149       0.253236  0.269785
150       0.253236  0.269785
151            NaN       NaN
152       0.253236  0.269785
153       0.253236  0.269785
154       0.225495  0.241856
155       0.225495  0.241856
156       0.225495  0.241856
157       0.225495  0.241856
158       0.225495  0.241856
159       0.250428  0.269808
160       0.250428  0.269808
161       0.250428  0.269808