exposure    1800.0    3600.0
r_number                    
2         0.002894  0.005664
3         0.002680  0.005198
4         0.002680  0.005198
5         0.002680  0.005198
6         0.002680  0.005198
7         0.002680  0.005198
8         0.002680  0.005198
9         0.002680  0.005198
10        0.002680  0.005198
11        0.002680  0.005198
12        0.002624  0.004867
13        0.002624  0.004867
14        0.002624  0.004867
15        0.002624  0.004867
16        0.002613  0.004580
17        0.002750  0.004234
18        0.002750  0.004234
19        0.002750  0.004234
20        0.002750  0.004234
21             NaN       NaN
22        0.002750  0.004234
23        0.002750  0.004234
24        0.002750  0.004234
25        0.002750  0.004234
26        0.002750  0.004234
27        0.002912  0.004483
28        0.002912  0.004483
29        0.003506  0.005301
30        0.003030  0.005496
31        0.003881  0.007809
32        0.003082  0.006313
33        0.003082  0.006313
34        0.003082  0.006313
35        0.003082  0.006313
36        0.003082  0.006313
37        0.002828  0.005088
38        0.002828  0.005088
39        0.002828  0.005088
40        0.002828  0.005088
41        0.002828  0.005088
42        0.003760  0.005380
43        0.004334  0.006522
44        0.004334  0.006522
45        0.004334  0.006522
46        0.004334  0.006522
47        0.004280  0.006145
48        0.005120  0.007482
49        0.009233  0.010889
50        0.007306  0.007338
51        0.007306  0.007338
52        0.007306  0.007338
53        0.007306  0.007338
54        0.007306  0.007338
55        0.007306  0.007338
56        0.007306  0.007338
57             NaN       NaN
58        0.007306  0.007338
59        0.007306  0.007338
60        0.007306  0.007338
61        0.007306  0.007338
62        0.007306  0.007338
63        0.007306  0.007338
64        0.007306  0.007338
65        0.007306  0.007338
66        0.007306  0.007338
67             NaN       NaN
68        0.004892  0.008305
69        0.004892  0.008305
70        0.004892  0.008305
71        0.004892  0.008305
72        0.004892  0.008305
73        0.004892  0.008305
74        0.004892  0.008305
75        0.004892  0.008305
76        0.004892  0.008305
77        0.004892  0.008305
78        0.004892  0.008305
79        0.004892  0.008305
80        0.004892  0.008305
81        0.004892  0.008305
82        0.004892  0.008305
83        0.004892  0.008305
84        0.005384  0.009470
85        0.008219  0.010088
86        0.008939  0.008532
87        0.006955  0.006536
88        0.006955  0.006536
89        0.006955  0.006536
90        0.006955  0.006536
91             NaN       NaN
92        0.006955  0.006536
93        0.006955  0.006536
94        0.006955  0.006536
95        0.006955  0.006536
96        0.006955  0.006536
97        0.006955  0.006536
98        0.006955  0.006536
99        0.016436  0.015326
100       0.007706  0.008705
101       0.006807  0.007796
102       0.006807  0.007796
103       0.006807  0.007796
104       0.007348  0.007693
105       0.007348  0.007693
106       0.007348  0.007693
107       0.008545  0.008953
108       0.009337  0.010106
109       0.011595  0.011552
110       0.011595  0.011552
111            NaN       NaN
112       0.014343  0.013261
113       0.014343  0.013261
114       0.011253  0.010601
115       0.009497  0.008690
116       0.009497  0.008690
117       0.007848  0.008091
118       0.007848  0.008091
119       0.007848  0.008091
120       0.007112  0.007806
121       0.007373  0.008475
122       0.007373  0.008475
123            NaN       NaN
124       0.014709  0.011723
125       0.007697  0.007390
126       0.007697  0.007390
127       0.007697  0.007390
128       0.007697  0.007390
129       0.007697  0.007390
130       0.007697  0.007390
131       0.008845  0.008548
132       0.005155  0.007442
133       0.004102  0.005821
134       0.004102  0.005821
135       0.004102  0.005821
136       0.004102  0.005821
137       0.004102  0.005821
138       0.004102  0.005821
139       0.004102  0.005821
140       0.004102  0.005821
141       0.004102  0.005821
142       0.004102  0.005821
143       0.004102  0.005821
144       0.004102  0.005821
145       0.004102  0.005821
146       0.004102  0.005821
147       0.004102  0.005821
148       0.005391  0.006075
149       0.005391  0.006075
150       0.005391  0.006075
151            NaN       NaN
152       0.005391  0.006075
153       0.005391  0.006075
154       0.006876  0.007333
155       0.006876  0.007333
156       0.006876  0.007333
157       0.006876  0.007333
158       0.006876  0.007333
159       0.009466  0.014732
160       0.009466  0.014732
161       0.009466  0.014732