exposure   0.60      4.98      10.02     20.04     30.00     40.02     60.00     150.00    300.00    600.00    900.00    1200.00   1800.00
r_number                                                                                                                                  
2         0.014159  0.004441  0.007788  0.005539  0.006209  0.008408  0.004783  0.007323  0.006145  0.005014  0.004277  0.002000  0.009316
3         0.012785  0.004057  0.007602  0.005124  0.005806  0.008184  0.004281  0.006746  0.005458  0.005301  0.004616  0.001791  0.008736
4         0.012785  0.004057  0.007602  0.005124  0.005806  0.008184  0.004281  0.006746  0.005458  0.005301  0.004616  0.001791  0.008736
5         0.012785  0.004057  0.007602  0.005124  0.005806  0.008184  0.004281  0.006746  0.005458  0.005301  0.004616  0.001791  0.008736
6         0.012785  0.004057  0.007602  0.005124  0.005806  0.008184  0.004281  0.006746  0.005458  0.005301  0.004616  0.001791  0.008736
7         0.012785  0.004057  0.007602  0.005124  0.005806  0.008184  0.004281  0.006746  0.005458  0.005301  0.004616  0.001791  0.008736
8         0.012785  0.004057  0.007602  0.005124  0.005806  0.008184  0.004281  0.006746  0.005458  0.005301  0.004616  0.001791  0.008736
9         0.012785  0.004057  0.007602  0.005124  0.005806  0.008184  0.004281  0.006746  0.005458  0.005301  0.004616  0.001791  0.008736
10        0.012785  0.004057  0.007602  0.005124  0.005806  0.008184  0.004281  0.006746  0.005458  0.005301  0.004616  0.001791  0.008736
11        0.012785  0.004057  0.007602  0.005124  0.005806  0.008184  0.004281  0.006746  0.005458  0.005301  0.004616  0.001791  0.008736
12        0.011709  0.003496  0.006651  0.004960  0.004981  0.007689  0.004193  0.007386  0.005203  0.004636  0.004222  0.001532  0.008041
13        0.011709  0.003496  0.006651  0.004960  0.004981  0.007689  0.004193  0.007386  0.005203  0.004636  0.004222  0.001532  0.008041
14        0.011709  0.003496  0.006651  0.004960  0.004981  0.007689  0.004193  0.007386  0.005203  0.004636  0.004222  0.001532  0.008041
15        0.011709  0.003496  0.006651  0.004960  0.004981  0.007689  0.004193  0.007386  0.005203  0.004636  0.004222  0.001532  0.008041
16        0.009424  0.003279  0.007334  0.005362  0.005620  0.008364  0.004575  0.007420  0.005440  0.004965  0.004776  0.000916  0.007586
17        0.009776  0.003560  0.007726  0.005924  0.005273  0.009966  0.005207  0.006245  0.008313  0.005849  0.005366  0.001561  0.006048
18        0.009776  0.003560  0.007726  0.005924  0.005273  0.009966  0.005207  0.006245  0.008313  0.005849  0.005366  0.001561  0.006048
19        0.009776  0.003560  0.007726  0.005924  0.005273  0.009966  0.005207  0.006245  0.008313  0.005849  0.005366  0.001561  0.006048
20        0.009776  0.003560  0.007726  0.005924  0.005273  0.009966  0.005207  0.006245  0.008313  0.005849  0.005366  0.001561  0.006048
21             NaN       NaN       NaN       NaN       NaN       NaN       NaN       NaN       NaN       NaN       NaN       NaN       NaN
22        0.009776  0.003560  0.007726  0.005924  0.005273  0.009966  0.005207  0.006245  0.008313  0.005849  0.005366  0.001561  0.006048
23        0.009776  0.003560  0.007726  0.005924  0.005273  0.009966  0.005207  0.006245  0.008313  0.005849  0.005366  0.001561  0.006048
24        0.009776  0.003560  0.007726  0.005924  0.005273  0.009966  0.005207  0.006245  0.008313  0.005849  0.005366  0.001561  0.006048
25        0.009776  0.003560  0.007726  0.005924  0.005273  0.009966  0.005207  0.006245  0.008313  0.005849  0.005366  0.001561  0.006048
26        0.009776  0.003560  0.007726  0.005924  0.005273  0.009966  0.005207  0.006245  0.008313  0.005849  0.005366  0.001561  0.006048
27        0.010473  0.003832  0.008145  0.006375  0.005565  0.010658  0.005592  0.006696  0.008948  0.006313  0.005797  0.001673  0.006228
28        0.010473  0.003832  0.008145  0.006375  0.005565  0.010658  0.005592  0.006696  0.008948  0.006313  0.005797  0.001673  0.006228
29        0.010724  0.003887  0.008535  0.007096  0.004561  0.009383  0.004707  0.007775  0.007295  0.006778  0.004093  0.001458  0.007828
30        0.013043  0.004031  0.011044  0.007435  0.006181  0.010754  0.004724  0.010632  0.007681  0.006420  0.004711  0.001517  0.011441
31        0.017439  0.005046  0.015400  0.010610  0.008793  0.014257  0.006767  0.014488  0.011008  0.008923  0.005949  0.002228  0.015809
32        0.014327  0.004128  0.011085  0.007242  0.006755  0.010265  0.005122  0.010414  0.008725  0.006198  0.004333  0.001798  0.010297
33        0.014327  0.004128  0.011085  0.007242  0.006755  0.010265  0.005122  0.010414  0.008725  0.006198  0.004333  0.001798  0.010297
34        0.014327  0.004128  0.011085  0.007242  0.006755  0.010265  0.005122  0.010414  0.008725  0.006198  0.004333  0.001798  0.010297
35        0.014327  0.004128  0.011085  0.007242  0.006755  0.010265  0.005122  0.010414  0.008725  0.006198  0.004333  0.001798  0.010297
36        0.014327  0.004128  0.011085  0.007242  0.006755  0.010265  0.005122  0.010414  0.008725  0.006198  0.004333  0.001798  0.010297
37        0.012092  0.003870  0.009905  0.006120  0.006408  0.009150  0.004406  0.009128  0.007439  0.005829  0.004307  0.001551  0.008451
38        0.012092  0.003870  0.009905  0.006120  0.006408  0.009150  0.004406  0.009128  0.007439  0.005829  0.004307  0.001551  0.008451
39        0.012092  0.003870  0.009905  0.006120  0.006408  0.009150  0.004406  0.009128  0.007439  0.005829  0.004307  0.001551  0.008451
40        0.012092  0.003870  0.009905  0.006120  0.006408  0.009150  0.004406  0.009128  0.007439  0.005829  0.004307  0.001551  0.008451
41        0.012092  0.003870  0.009905  0.006120  0.006408  0.009150  0.004406  0.009128  0.007439  0.005829  0.004307  0.001551  0.008451
42        0.014718  0.005319  0.013821  0.008035  0.009476  0.012437  0.005656  0.011191  0.009081  0.007615  0.005868  0.001838  0.009001
43        0.012229  0.006416  0.011082  0.007466  0.012587  0.013828  0.007933  0.011862  0.010346  0.010295  0.006739  0.002927  0.015031
44        0.012229  0.006416  0.011082  0.007466  0.012587  0.013828  0.007933  0.011862  0.010346  0.010295  0.006739  0.002927  0.015031
45        0.012229  0.006416  0.011082  0.007466  0.012587  0.013828  0.007933  0.011862  0.010346  0.010295  0.006739  0.002927  0.015031
46        0.012229  0.006416  0.011082  0.007466  0.012587  0.013828  0.007933  0.011862  0.010346  0.010295  0.006739  0.002927  0.015031
47        0.011705  0.006105  0.010728  0.007084  0.011922  0.013074  0.007464  0.011217  0.009825  0.009686  0.006516  0.002767  0.014103
48        0.013434  0.007284  0.012031  0.008170  0.014365  0.015508  0.009166  0.013299  0.011731  0.011825  0.007842  0.003416  0.017395
49        0.016521  0.011791  0.016513  0.015196  0.028405  0.022527  0.018771  0.023838  0.021547  0.023955  0.013439  0.004744  0.027309
50        0.026143  0.007995  0.021092  0.009926  0.015703  0.019002  0.010346  0.014206  0.014911  0.012979  0.013237  0.003000  0.018102
51        0.026143  0.007995  0.021092  0.009926  0.015703  0.019002  0.010346  0.014206  0.014911  0.012979  0.013237  0.003000  0.018102
52        0.026143  0.007995  0.021092  0.009926  0.015703  0.019002  0.010346  0.014206  0.014911  0.012979  0.013237  0.003000  0.018102
53        0.026143  0.007995  0.021092  0.009926  0.015703  0.019002  0.010346  0.014206  0.014911  0.012979  0.013237  0.003000  0.018102
54        0.026143  0.007995  0.021092  0.009926  0.015703  0.019002  0.010346  0.014206  0.014911  0.012979  0.013237  0.003000  0.018102
55        0.026143  0.007995  0.021092  0.009926  0.015703  0.019002  0.010346  0.014206  0.014911  0.012979  0.013237  0.003000  0.018102
56        0.026143  0.007995  0.021092  0.009926  0.015703  0.019002  0.010346  0.014206  0.014911  0.012979  0.013237  0.003000  0.018102
57             NaN       NaN       NaN       NaN       NaN       NaN       NaN       NaN       NaN       NaN       NaN       NaN       NaN
58        0.026143  0.007995  0.021092  0.009926  0.015703  0.019002  0.010346  0.014206  0.014911  0.012979  0.013237  0.003000  0.018102
59        0.026143  0.007995  0.021092  0.009926  0.015703  0.019002  0.010346  0.014206  0.014911  0.012979  0.013237  0.003000  0.018102
60        0.026143  0.007995  0.021092  0.009926  0.015703  0.019002  0.010346  0.014206  0.014911  0.012979  0.013237  0.003000  0.018102
61        0.026143  0.007995  0.021092  0.009926  0.015703  0.019002  0.010346  0.014206  0.014911  0.012979  0.013237  0.003000  0.018102
62        0.026143  0.007995  0.021092  0.009926  0.015703  0.019002  0.010346  0.014206  0.014911  0.012979  0.013237  0.003000  0.018102
63        0.026143  0.007995  0.021092  0.009926  0.015703  0.019002  0.010346  0.014206  0.014911  0.012979  0.013237  0.003000  0.018102
64        0.026143  0.007995  0.021092  0.009926  0.015703  0.019002  0.010346  0.014206  0.014911  0.012979  0.013237  0.003000  0.018102
65        0.026143  0.007995  0.021092  0.009926  0.015703  0.019002  0.010346  0.014206  0.014911  0.012979  0.013237  0.003000  0.018102
66        0.026143  0.007995  0.021092  0.009926  0.015703  0.019002  0.010346  0.014206  0.014911  0.012979  0.013237  0.003000  0.018102
67             NaN       NaN       NaN       NaN       NaN       NaN       NaN       NaN       NaN       NaN       NaN       NaN       NaN
68        0.033554  0.007803  0.023768  0.010956  0.017061  0.022683  0.012932  0.015432  0.017176  0.016021  0.015347  0.002736  0.022924
69        0.033554  0.007803  0.023768  0.010956  0.017061  0.022683  0.012932  0.015432  0.017176  0.016021  0.015347  0.002736  0.022924
70        0.033554  0.007803  0.023768  0.010956  0.017061  0.022683  0.012932  0.015432  0.017176  0.016021  0.015347  0.002736  0.022924
71        0.033554  0.007803  0.023768  0.010956  0.017061  0.022683  0.012932  0.015432  0.017176  0.016021  0.015347  0.002736  0.022924
72        0.033554  0.007803  0.023768  0.010956  0.017061  0.022683  0.012932  0.015432  0.017176  0.016021  0.015347  0.002736  0.022924
73        0.033554  0.007803  0.023768  0.010956  0.017061  0.022683  0.012932  0.015432  0.017176  0.016021  0.015347  0.002736  0.022924
74        0.033554  0.007803  0.023768  0.010956  0.017061  0.022683  0.012932  0.015432  0.017176  0.016021  0.015347  0.002736  0.022924
75        0.033554  0.007803  0.023768  0.010956  0.017061  0.022683  0.012932  0.015432  0.017176  0.016021  0.015347  0.002736  0.022924
76        0.033554  0.007803  0.023768  0.010956  0.017061  0.022683  0.012932  0.015432  0.017176  0.016021  0.015347  0.002736  0.022924
77        0.033554  0.007803  0.023768  0.010956  0.017061  0.022683  0.012932  0.015432  0.017176  0.016021  0.015347  0.002736  0.022924
78        0.033554  0.007803  0.023768  0.010956  0.017061  0.022683  0.012932  0.015432  0.017176  0.016021  0.015347  0.002736  0.022924
79        0.033554  0.007803  0.023768  0.010956  0.017061  0.022683  0.012932  0.015432  0.017176  0.016021  0.015347  0.002736  0.022924
80        0.033554  0.007803  0.023768  0.010956  0.017061  0.022683  0.012932  0.015432  0.017176  0.016021  0.015347  0.002736  0.022924
81        0.033554  0.007803  0.023768  0.010956  0.017061  0.022683  0.012932  0.015432  0.017176  0.016021  0.015347  0.002736  0.022924
82        0.033554  0.007803  0.023768  0.010956  0.017061  0.022683  0.012932  0.015432  0.017176  0.016021  0.015347  0.002736  0.022924
83        0.033554  0.007803  0.023768  0.010956  0.017061  0.022683  0.012932  0.015432  0.017176  0.016021  0.015347  0.002736  0.022924
84        0.037960  0.009631  0.027381  0.012201  0.019266  0.026524  0.013928  0.017445  0.019357  0.015865  0.016635  0.003262  0.025607
85        0.048068  0.011537  0.031759  0.016382  0.023786  0.030043  0.012667  0.020202  0.019627  0.016060  0.015631  0.004840  0.029562
86        0.046229  0.012471  0.031043  0.015192  0.022681  0.028865  0.011989  0.018800  0.017400  0.013409  0.014955  0.004342  0.023504
87        0.035272  0.009174  0.022062  0.012100  0.016540  0.021568  0.010323  0.012902  0.012195  0.008772  0.011424  0.003466  0.019771
88        0.035272  0.009174  0.022062  0.012100  0.016540  0.021568  0.010323  0.012902  0.012195  0.008772  0.011424  0.003466  0.019771
89        0.035272  0.009174  0.022062  0.012100  0.016540  0.021568  0.010323  0.012902  0.012195  0.008772  0.011424  0.003466  0.019771
90        0.035272  0.009174  0.022062  0.012100  0.016540  0.021568  0.010323  0.012902  0.012195  0.008772  0.011424  0.003466  0.019771
91             NaN       NaN       NaN       NaN       NaN       NaN       NaN       NaN       NaN       NaN       NaN       NaN       NaN
92        0.035272  0.009174  0.022062  0.012100  0.016540  0.021568  0.010323  0.012902  0.012195  0.008772  0.011424  0.003466  0.019771
93        0.035272  0.009174  0.022062  0.012100  0.016540  0.021568  0.010323  0.012902  0.012195  0.008772  0.011424  0.003466  0.019771
94        0.035272  0.009174  0.022062  0.012100  0.016540  0.021568  0.010323  0.012902  0.012195  0.008772  0.011424  0.003466  0.019771
95        0.035272  0.009174  0.022062  0.012100  0.016540  0.021568  0.010323  0.012902  0.012195  0.008772  0.011424  0.003466  0.019771
96        0.035272  0.009174  0.022062  0.012100  0.016540  0.021568  0.010323  0.012902  0.012195  0.008772  0.011424  0.003466  0.019771
97        0.035272  0.009174  0.022062  0.012100  0.016540  0.021568  0.010323  0.012902  0.012195  0.008772  0.011424  0.003466  0.019771
98        0.035272  0.009174  0.022062  0.012100  0.016540  0.021568  0.010323  0.012902  0.012195  0.008772  0.011424  0.003466  0.019771
99        0.082333  0.023130  0.043418  0.032549  0.037059  0.045294  0.030018  0.023013  0.022606  0.014738  0.027299  0.009926  0.056571
100       0.018010  0.010035  0.018979  0.009751  0.013697  0.017936  0.008831  0.013460  0.012625  0.008775  0.009084  0.005660  0.015996
101       0.017411  0.008738  0.017211  0.009785  0.013596  0.015720  0.008731  0.013220  0.012821  0.009562  0.009361  0.004940  0.013574
102       0.017411  0.008738  0.017211  0.009785  0.013596  0.015720  0.008731  0.013220  0.012821  0.009562  0.009361  0.004940  0.013574
103       0.017411  0.008738  0.017211  0.009785  0.013596  0.015720  0.008731  0.013220  0.012821  0.009562  0.009361  0.004940  0.013574
104       0.021907  0.011447  0.019551  0.011378  0.015464  0.017944  0.011389  0.014243  0.013791  0.010443  0.011291  0.005771  0.012812
105       0.021907  0.011447  0.019551  0.011378  0.015464  0.017944  0.011389  0.014243  0.013791  0.010443  0.011291  0.005771  0.012812
106       0.021907  0.011447  0.019551  0.011378  0.015464  0.017944  0.011389  0.014243  0.013791  0.010443  0.011291  0.005771  0.012812
107       0.026182  0.013423  0.022561  0.013418  0.018099  0.021138  0.013689  0.016768  0.016357  0.012333  0.013595  0.006580  0.012873
108       0.032285  0.016312  0.026952  0.016247  0.022065  0.024890  0.016718  0.019920  0.019841  0.015033  0.016527  0.007627  0.013137
109       0.041746  0.020767  0.033980  0.020898  0.028122  0.031078  0.021708  0.024905  0.024863  0.019253  0.021220  0.009753  0.015872
110       0.041746  0.020767  0.033980  0.020898  0.028122  0.031078  0.021708  0.024905  0.024863  0.019253  0.021220  0.009753  0.015872
111            NaN       NaN       NaN       NaN       NaN       NaN       NaN       NaN       NaN       NaN       NaN       NaN       NaN
112       0.030663  0.013870  0.026301  0.014360  0.025712  0.024852  0.015312  0.023927  0.020135  0.019011  0.014999  0.009869  0.015730
113       0.030663  0.013870  0.026301  0.014360  0.025712  0.024852  0.015312  0.023927  0.020135  0.019011  0.014999  0.009869  0.015730
114       0.025206  0.011288  0.021763  0.011240  0.020175  0.019139  0.012502  0.018689  0.015807  0.015830  0.012762  0.007633  0.014945
115       0.022513  0.009800  0.019449  0.009860  0.017435  0.017765  0.010316  0.015508  0.013303  0.013726  0.010284  0.006383  0.012921
116       0.022513  0.009800  0.019449  0.009860  0.017435  0.017765  0.010316  0.015508  0.013303  0.013726  0.010284  0.006383  0.012921
117       0.020033  0.013234  0.017873  0.009865  0.014073  0.015296  0.008772  0.013627  0.010786  0.011062  0.008479  0.005294  0.013679
118       0.020033  0.013234  0.017873  0.009865  0.014073  0.015296  0.008772  0.013627  0.010786  0.011062  0.008479  0.005294  0.013679
119       0.020033  0.013234  0.017873  0.009865  0.014073  0.015296  0.008772  0.013627  0.010786  0.011062  0.008479  0.005294  0.013679
120       0.020023  0.014636  0.018944  0.010006  0.013905  0.015429  0.007987  0.013035  0.009725  0.010276  0.007898  0.004366  0.015232
121       0.022996  0.017527  0.021218  0.011444  0.013522  0.016960  0.008816  0.013604  0.009690  0.011259  0.008089  0.004624  0.018065
122       0.022996  0.017527  0.021218  0.011444  0.013522  0.016960  0.008816  0.013604  0.009690  0.011259  0.008089  0.004624  0.018065
123            NaN       NaN       NaN       NaN       NaN       NaN       NaN       NaN       NaN       NaN       NaN       NaN       NaN
124       0.018135  0.015150  0.033077  0.034212  0.025054  0.024108  0.014067  0.031912  0.026841  0.015450  0.015317  0.008722  0.021183
125       0.011251  0.008248  0.018623  0.017734  0.015921  0.014975  0.007900  0.019043  0.014769  0.015135  0.011608  0.004675  0.013368
126       0.011251  0.008248  0.018623  0.017734  0.015921  0.014975  0.007900  0.019043  0.014769  0.015135  0.011608  0.004675  0.013368
127       0.011251  0.008248  0.018623  0.017734  0.015921  0.014975  0.007900  0.019043  0.014769  0.015135  0.011608  0.004675  0.013368
128       0.011251  0.008248  0.018623  0.017734  0.015921  0.014975  0.007900  0.019043  0.014769  0.015135  0.011608  0.004675  0.013368
129       0.011251  0.008248  0.018623  0.017734  0.015921  0.014975  0.007900  0.019043  0.014769  0.015135  0.011608  0.004675  0.013368
130       0.011251  0.008248  0.018623  0.017734  0.015921  0.014975  0.007900  0.019043  0.014769  0.015135  0.011608  0.004675  0.013368
131       0.014227  0.008964  0.019565  0.010693  0.016783  0.020208  0.011420  0.018967  0.016880  0.014495  0.012998  0.005814  0.024627
132       0.024817  0.009359  0.027525  0.013063  0.019627  0.022493  0.015431  0.017598  0.024065  0.022444  0.025885  0.003389  0.011521
133       0.019512  0.006685  0.018935  0.009940  0.014588  0.016633  0.010026  0.013456  0.016374  0.014904  0.015467  0.002182  0.009618
134       0.019512  0.006685  0.018935  0.009940  0.014588  0.016633  0.010026  0.013456  0.016374  0.014904  0.015467  0.002182  0.009618
135       0.019512  0.006685  0.018935  0.009940  0.014588  0.016633  0.010026  0.013456  0.016374  0.014904  0.015467  0.002182  0.009618
136       0.019512  0.006685  0.018935  0.009940  0.014588  0.016633  0.010026  0.013456  0.016374  0.014904  0.015467  0.002182  0.009618
137       0.019512  0.006685  0.018935  0.009940  0.014588  0.016633  0.010026  0.013456  0.016374  0.014904  0.015467  0.002182  0.009618
138       0.019512  0.006685  0.018935  0.009940  0.014588  0.016633  0.010026  0.013456  0.016374  0.014904  0.015467  0.002182  0.009618
139       0.019512  0.006685  0.018935  0.009940  0.014588  0.016633  0.010026  0.013456  0.016374  0.014904  0.015467  0.002182  0.009618
140       0.019512  0.006685  0.018935  0.009940  0.014588  0.016633  0.010026  0.013456  0.016374  0.014904  0.015467  0.002182  0.009618
141       0.019512  0.006685  0.018935  0.009940  0.014588  0.016633  0.010026  0.013456  0.016374  0.014904  0.015467  0.002182  0.009618
142       0.019512  0.006685  0.018935  0.009940  0.014588  0.016633  0.010026  0.013456  0.016374  0.014904  0.015467  0.002182  0.009618
143       0.019512  0.006685  0.018935  0.009940  0.014588  0.016633  0.010026  0.013456  0.016374  0.014904  0.015467  0.002182  0.009618
144       0.019512  0.006685  0.018935  0.009940  0.014588  0.016633  0.010026  0.013456  0.016374  0.014904  0.015467  0.002182  0.009618
145       0.019512  0.006685  0.018935  0.009940  0.014588  0.016633  0.010026  0.013456  0.016374  0.014904  0.015467  0.002182  0.009618
146       0.019512  0.006685  0.018935  0.009940  0.014588  0.016633  0.010026  0.013456  0.016374  0.014904  0.015467  0.002182  0.009618
147       0.019512  0.006685  0.018935  0.009940  0.014588  0.016633  0.010026  0.013456  0.016374  0.014904  0.015467  0.002182  0.009618
148       0.017594  0.007744  0.016689  0.012111  0.015916  0.020943  0.013065  0.011570  0.016112  0.014665  0.014925  0.003260  0.012700
149       0.017594  0.007744  0.016689  0.012111  0.015916  0.020943  0.013065  0.011570  0.016112  0.014665  0.014925  0.003260  0.012700
150       0.017594  0.007744  0.016689  0.012111  0.015916  0.020943  0.013065  0.011570  0.016112  0.014665  0.014925  0.003260  0.012700
151            NaN       NaN       NaN       NaN       NaN       NaN       NaN       NaN       NaN       NaN       NaN       NaN       NaN
152       0.017594  0.007744  0.016689  0.012111  0.015916  0.020943  0.013065  0.011570  0.016112  0.014665  0.014925  0.003260  0.012700
153       0.017594  0.007744  0.016689  0.012111  0.015916  0.020943  0.013065  0.011570  0.016112  0.014665  0.014925  0.003260  0.012700
154       0.019896  0.009527  0.018954  0.015179  0.019433  0.026378  0.016408  0.013532  0.019580  0.017545  0.018097  0.004361  0.015363
155       0.019896  0.009527  0.018954  0.015179  0.019433  0.026378  0.016408  0.013532  0.019580  0.017545  0.018097  0.004361  0.015363
156       0.019896  0.009527  0.018954  0.015179  0.019433  0.026378  0.016408  0.013532  0.019580  0.017545  0.018097  0.004361  0.015363
157       0.019896  0.009527  0.018954  0.015179  0.019433  0.026378  0.016408  0.013532  0.019580  0.017545  0.018097  0.004361  0.015363
158       0.019896  0.009527  0.018954  0.015179  0.019433  0.026378  0.016408  0.013532  0.019580  0.017545  0.018097  0.004361  0.015363
159       0.047341  0.017200  0.042492  0.022257  0.032088  0.037569  0.025082  0.032130  0.036666  0.023700  0.031814  0.007779  0.017171
160       0.047341  0.017200  0.042492  0.022257  0.032088  0.037569  0.025082  0.032130  0.036666  0.023700  0.031814  0.007779  0.017171
161       0.047341  0.017200  0.042492  0.022257  0.032088  0.037569  0.025082  0.032130  0.036666  0.023700  0.031814  0.007779  0.017171