exposure   0.60      4.98      10.02     20.04     30.00     40.02     60.00     150.00    300.00    600.00    900.00    1200.00   1800.00
r_number                                                                                                                                  
2         0.738331  0.393557  0.374681  0.350821  0.338346  0.344806  0.318952  0.276582  0.257613  0.236253  0.224237  0.214942  0.217024
3         0.747529  0.408817  0.387786  0.364034  0.350851  0.356935  0.331221  0.286748  0.268475  0.243011  0.229675  0.219400  0.220709
4         0.747529  0.408817  0.387786  0.364034  0.350851  0.356935  0.331221  0.286748  0.268475  0.243011  0.229675  0.219400  0.220709
5         0.747529  0.408817  0.387786  0.364034  0.350851  0.356935  0.331221  0.286748  0.268475  0.243011  0.229675  0.219400  0.220709
6         0.747529  0.408817  0.387786  0.364034  0.350851  0.356935  0.331221  0.286748  0.268475  0.243011  0.229675  0.219400  0.220709
7         0.747529  0.408817  0.387786  0.364034  0.350851  0.356935  0.331221  0.286748  0.268475  0.243011  0.229675  0.219400  0.220709
8         0.747529  0.408817  0.387786  0.364034  0.350851  0.356935  0.331221  0.286748  0.268475  0.243011  0.229675  0.219400  0.220709
9         0.747529  0.408817  0.387786  0.364034  0.350851  0.356935  0.331221  0.286748  0.268475  0.243011  0.229675  0.219400  0.220709
10        0.747529  0.408817  0.387786  0.364034  0.350851  0.356935  0.331221  0.286748  0.268475  0.243011  0.229675  0.219400  0.220709
11        0.747529  0.408817  0.387786  0.364034  0.350851  0.356935  0.331221  0.286748  0.268475  0.243011  0.229675  0.219400  0.220709
12        0.744074  0.406032  0.385720  0.364283  0.349358  0.357235  0.332126  0.285085  0.268186  0.239906  0.228267  0.215783  0.215842
13        0.744074  0.406032  0.385720  0.364283  0.349358  0.357235  0.332126  0.285085  0.268186  0.239906  0.228267  0.215783  0.215842
14        0.744074  0.406032  0.385720  0.364283  0.349358  0.357235  0.332126  0.285085  0.268186  0.239906  0.228267  0.215783  0.215842
15        0.744074  0.406032  0.385720  0.364283  0.349358  0.357235  0.332126  0.285085  0.268186  0.239906  0.228267  0.215783  0.215842
16        0.749040  0.421410  0.399981  0.378814  0.363476  0.370874  0.345163  0.295045  0.275609  0.244197  0.230981  0.216089  0.216301
17        0.778327  0.457639  0.438271  0.422589  0.403907  0.407052  0.382043  0.333628  0.310609  0.273557  0.258186  0.240095  0.238711
18        0.778327  0.457639  0.438271  0.422589  0.403907  0.407052  0.382043  0.333628  0.310609  0.273557  0.258186  0.240095  0.238711
19        0.778327  0.457639  0.438271  0.422589  0.403907  0.407052  0.382043  0.333628  0.310609  0.273557  0.258186  0.240095  0.238711
20        0.778327  0.457639  0.438271  0.422589  0.403907  0.407052  0.382043  0.333628  0.310609  0.273557  0.258186  0.240095  0.238711
21             NaN       NaN       NaN       NaN       NaN       NaN       NaN       NaN       NaN       NaN       NaN       NaN       NaN
22        0.778327  0.457639  0.438271  0.422589  0.403907  0.407052  0.382043  0.333628  0.310609  0.273557  0.258186  0.240095  0.238711
23        0.778327  0.457639  0.438271  0.422589  0.403907  0.407052  0.382043  0.333628  0.310609  0.273557  0.258186  0.240095  0.238711
24        0.778327  0.457639  0.438271  0.422589  0.403907  0.407052  0.382043  0.333628  0.310609  0.273557  0.258186  0.240095  0.238711
25        0.778327  0.457639  0.438271  0.422589  0.403907  0.407052  0.382043  0.333628  0.310609  0.273557  0.258186  0.240095  0.238711
26        0.778327  0.457639  0.438271  0.422589  0.403907  0.407052  0.382043  0.333628  0.310609  0.273557  0.258186  0.240095  0.238711
27        0.780771  0.459633  0.439630  0.424365  0.405453  0.408645  0.382958  0.335021  0.311284  0.273400  0.258467  0.239404  0.238488
28        0.780771  0.459633  0.439630  0.424365  0.405453  0.408645  0.382958  0.335021  0.311284  0.273400  0.258467  0.239404  0.238488
29        0.772431  0.445514  0.423577  0.410218  0.389855  0.394372  0.368102  0.321028  0.301160  0.268022  0.253674  0.240683  0.236013
30        0.772237  0.431419  0.407633  0.382239  0.368388  0.380173  0.353447  0.300982  0.279680  0.248901  0.233953  0.221325  0.221507
31        0.795548  0.409633  0.390680  0.354365  0.346365  0.359245  0.330308  0.278795  0.256574  0.235312  0.221276  0.213365  0.214045
32        0.790052  0.414451  0.397201  0.366247  0.355597  0.365666  0.336755  0.289462  0.267115  0.244633  0.229195  0.216113  0.217472
33        0.790052  0.414451  0.397201  0.366247  0.355597  0.365666  0.336755  0.289462  0.267115  0.244633  0.229195  0.216113  0.217472
34        0.790052  0.414451  0.397201  0.366247  0.355597  0.365666  0.336755  0.289462  0.267115  0.244633  0.229195  0.216113  0.217472
35        0.790052  0.414451  0.397201  0.366247  0.355597  0.365666  0.336755  0.289462  0.267115  0.244633  0.229195  0.216113  0.217472
36        0.790052  0.414451  0.397201  0.366247  0.355597  0.365666  0.336755  0.289462  0.267115  0.244633  0.229195  0.216113  0.217472
37        0.790293  0.426708  0.408027  0.382871  0.373057  0.381281  0.353397  0.307064  0.287263  0.262122  0.246068  0.227118  0.229652
38        0.790293  0.426708  0.408027  0.382871  0.373057  0.381281  0.353397  0.307064  0.287263  0.262122  0.246068  0.227118  0.229652
39        0.790293  0.426708  0.408027  0.382871  0.373057  0.381281  0.353397  0.307064  0.287263  0.262122  0.246068  0.227118  0.229652
40        0.790293  0.426708  0.408027  0.382871  0.373057  0.381281  0.353397  0.307064  0.287263  0.262122  0.246068  0.227118  0.229652
41        0.790293  0.426708  0.408027  0.382871  0.373057  0.381281  0.353397  0.307064  0.287263  0.262122  0.246068  0.227118  0.229652
42        0.790654  0.449915  0.430328  0.413545  0.406640  0.410898  0.384715  0.340928  0.323847  0.294580  0.274846  0.247637  0.252678
43        0.815970  0.492373  0.467498  0.461026  0.452157  0.459230  0.433427  0.383307  0.371881  0.345250  0.325741  0.295636  0.302236
44        0.815970  0.492373  0.467498  0.461026  0.452157  0.459230  0.433427  0.383307  0.371881  0.345250  0.325741  0.295636  0.302236
45        0.815970  0.492373  0.467498  0.461026  0.452157  0.459230  0.433427  0.383307  0.371881  0.345250  0.325741  0.295636  0.302236
46        0.815970  0.492373  0.467498  0.461026  0.452157  0.459230  0.433427  0.383307  0.371881  0.345250  0.325741  0.295636  0.302236
47        0.813782  0.497883  0.472652  0.467148  0.457988  0.465043  0.438874  0.390585  0.380254  0.354619  0.335716  0.304204  0.315107
48        0.819151  0.510701  0.481759  0.479401  0.470224  0.475792  0.451552  0.401631  0.394141  0.368159  0.350172  0.317394  0.329936
49        0.843334  0.572894  0.532838  0.547529  0.531310  0.541280  0.512931  0.464137  0.453775  0.427114  0.407169  0.371996  0.390941
50        0.856941  0.705413  0.677969  0.684913  0.660553  0.671258  0.625428  0.571430  0.545683  0.503072  0.475606  0.417760  0.449550
51        0.856941  0.705413  0.677969  0.684913  0.660553  0.671258  0.625428  0.571430  0.545683  0.503072  0.475606  0.417760  0.449550
52        0.856941  0.705413  0.677969  0.684913  0.660553  0.671258  0.625428  0.571430  0.545683  0.503072  0.475606  0.417760  0.449550
53        0.856941  0.705413  0.677969  0.684913  0.660553  0.671258  0.625428  0.571430  0.545683  0.503072  0.475606  0.417760  0.449550
54        0.856941  0.705413  0.677969  0.684913  0.660553  0.671258  0.625428  0.571430  0.545683  0.503072  0.475606  0.417760  0.449550
55        0.856941  0.705413  0.677969  0.684913  0.660553  0.671258  0.625428  0.571430  0.545683  0.503072  0.475606  0.417760  0.449550
56        0.856941  0.705413  0.677969  0.684913  0.660553  0.671258  0.625428  0.571430  0.545683  0.503072  0.475606  0.417760  0.449550
57             NaN       NaN       NaN       NaN       NaN       NaN       NaN       NaN       NaN       NaN       NaN       NaN       NaN
58        0.856941  0.705413  0.677969  0.684913  0.660553  0.671258  0.625428  0.571430  0.545683  0.503072  0.475606  0.417760  0.449550
59        0.856941  0.705413  0.677969  0.684913  0.660553  0.671258  0.625428  0.571430  0.545683  0.503072  0.475606  0.417760  0.449550
60        0.856941  0.705413  0.677969  0.684913  0.660553  0.671258  0.625428  0.571430  0.545683  0.503072  0.475606  0.417760  0.449550
61        0.856941  0.705413  0.677969  0.684913  0.660553  0.671258  0.625428  0.571430  0.545683  0.503072  0.475606  0.417760  0.449550
62        0.856941  0.705413  0.677969  0.684913  0.660553  0.671258  0.625428  0.571430  0.545683  0.503072  0.475606  0.417760  0.449550
63        0.856941  0.705413  0.677969  0.684913  0.660553  0.671258  0.625428  0.571430  0.545683  0.503072  0.475606  0.417760  0.449550
64        0.856941  0.705413  0.677969  0.684913  0.660553  0.671258  0.625428  0.571430  0.545683  0.503072  0.475606  0.417760  0.449550
65        0.856941  0.705413  0.677969  0.684913  0.660553  0.671258  0.625428  0.571430  0.545683  0.503072  0.475606  0.417760  0.449550
66        0.856941  0.705413  0.677969  0.684913  0.660553  0.671258  0.625428  0.571430  0.545683  0.503072  0.475606  0.417760  0.449550
67             NaN       NaN       NaN       NaN       NaN       NaN       NaN       NaN       NaN       NaN       NaN       NaN       NaN
68        0.890425  0.769367  0.743046  0.749965  0.720241  0.732771  0.679929  0.612172  0.572564  0.515967  0.480817  0.419147  0.434678
69        0.890425  0.769367  0.743046  0.749965  0.720241  0.732771  0.679929  0.612172  0.572564  0.515967  0.480817  0.419147  0.434678
70        0.890425  0.769367  0.743046  0.749965  0.720241  0.732771  0.679929  0.612172  0.572564  0.515967  0.480817  0.419147  0.434678
71        0.890425  0.769367  0.743046  0.749965  0.720241  0.732771  0.679929  0.612172  0.572564  0.515967  0.480817  0.419147  0.434678
72        0.890425  0.769367  0.743046  0.749965  0.720241  0.732771  0.679929  0.612172  0.572564  0.515967  0.480817  0.419147  0.434678
73        0.890425  0.769367  0.743046  0.749965  0.720241  0.732771  0.679929  0.612172  0.572564  0.515967  0.480817  0.419147  0.434678
74        0.890425  0.769367  0.743046  0.749965  0.720241  0.732771  0.679929  0.612172  0.572564  0.515967  0.480817  0.419147  0.434678
75        0.890425  0.769367  0.743046  0.749965  0.720241  0.732771  0.679929  0.612172  0.572564  0.515967  0.480817  0.419147  0.434678
76        0.890425  0.769367  0.743046  0.749965  0.720241  0.732771  0.679929  0.612172  0.572564  0.515967  0.480817  0.419147  0.434678
77        0.890425  0.769367  0.743046  0.749965  0.720241  0.732771  0.679929  0.612172  0.572564  0.515967  0.480817  0.419147  0.434678
78        0.890425  0.769367  0.743046  0.749965  0.720241  0.732771  0.679929  0.612172  0.572564  0.515967  0.480817  0.419147  0.434678
79        0.890425  0.769367  0.743046  0.749965  0.720241  0.732771  0.679929  0.612172  0.572564  0.515967  0.480817  0.419147  0.434678
80        0.890425  0.769367  0.743046  0.749965  0.720241  0.732771  0.679929  0.612172  0.572564  0.515967  0.480817  0.419147  0.434678
81        0.890425  0.769367  0.743046  0.749965  0.720241  0.732771  0.679929  0.612172  0.572564  0.515967  0.480817  0.419147  0.434678
82        0.890425  0.769367  0.743046  0.749965  0.720241  0.732771  0.679929  0.612172  0.572564  0.515967  0.480817  0.419147  0.434678
83        0.890425  0.769367  0.743046  0.749965  0.720241  0.732771  0.679929  0.612172  0.572564  0.515967  0.480817  0.419147  0.434678
84        0.901703  0.772353  0.749156  0.753019  0.724548  0.735374  0.684005  0.615833  0.574553  0.520079  0.484995  0.420166  0.436501
85        0.885537  0.717273  0.701689  0.709874  0.687187  0.689742  0.647194  0.590409  0.565426  0.516700  0.487525  0.425256  0.450248
86        0.877518  0.690765  0.681521  0.690005  0.670178  0.670625  0.632001  0.581701  0.566409  0.524131  0.497360  0.431528  0.458562
87        0.873181  0.671582  0.662939  0.669746  0.652524  0.651725  0.617423  0.568884  0.556013  0.522499  0.496243  0.430047  0.451813
88        0.873181  0.671582  0.662939  0.669746  0.652524  0.651725  0.617423  0.568884  0.556013  0.522499  0.496243  0.430047  0.451813
89        0.873181  0.671582  0.662939  0.669746  0.652524  0.651725  0.617423  0.568884  0.556013  0.522499  0.496243  0.430047  0.451813
90        0.873181  0.671582  0.662939  0.669746  0.652524  0.651725  0.617423  0.568884  0.556013  0.522499  0.496243  0.430047  0.451813
91             NaN       NaN       NaN       NaN       NaN       NaN       NaN       NaN       NaN       NaN       NaN       NaN       NaN
92        0.873181  0.671582  0.662939  0.669746  0.652524  0.651725  0.617423  0.568884  0.556013  0.522499  0.496243  0.430047  0.451813
93        0.873181  0.671582  0.662939  0.669746  0.652524  0.651725  0.617423  0.568884  0.556013  0.522499  0.496243  0.430047  0.451813
94        0.873181  0.671582  0.662939  0.669746  0.652524  0.651725  0.617423  0.568884  0.556013  0.522499  0.496243  0.430047  0.451813
95        0.873181  0.671582  0.662939  0.669746  0.652524  0.651725  0.617423  0.568884  0.556013  0.522499  0.496243  0.430047  0.451813
96        0.873181  0.671582  0.662939  0.669746  0.652524  0.651725  0.617423  0.568884  0.556013  0.522499  0.496243  0.430047  0.451813
97        0.873181  0.671582  0.662939  0.669746  0.652524  0.651725  0.617423  0.568884  0.556013  0.522499  0.496243  0.430047  0.451813
98        0.873181  0.671582  0.662939  0.669746  0.652524  0.651725  0.617423  0.568884  0.556013  0.522499  0.496243  0.430047  0.451813
99        0.858242  0.620889  0.613412  0.614815  0.609484  0.600932  0.572269  0.526439  0.513075  0.495225  0.469270  0.408117  0.418116
100       0.811355  0.550326  0.549393  0.533992  0.525997  0.532879  0.509375  0.461331  0.454704  0.426350  0.405914  0.364697  0.375966
101       0.814260  0.562974  0.559424  0.540384  0.534638  0.537888  0.515852  0.472179  0.456408  0.426798  0.404867  0.363498  0.364024
102       0.814260  0.562974  0.559424  0.540384  0.534638  0.537888  0.515852  0.472179  0.456408  0.426798  0.404867  0.363498  0.364024
103       0.814260  0.562974  0.559424  0.540384  0.534638  0.537888  0.515852  0.472179  0.456408  0.426798  0.404867  0.363498  0.364024
104       0.837055  0.603607  0.599478  0.582850  0.577876  0.579627  0.554745  0.507172  0.489477  0.455246  0.432835  0.380860  0.387329
105       0.837055  0.603607  0.599478  0.582850  0.577876  0.579627  0.554745  0.507172  0.489477  0.455246  0.432835  0.380860  0.387329
106       0.837055  0.603607  0.599478  0.582850  0.577876  0.579627  0.554745  0.507172  0.489477  0.455246  0.432835  0.380860  0.387329
107       0.845566  0.622368  0.619196  0.602259  0.599604  0.599885  0.573609  0.526801  0.505918  0.470501  0.447291  0.388928  0.394760
108       0.852145  0.641897  0.637334  0.617907  0.618118  0.616322  0.588225  0.540700  0.512633  0.474027  0.448761  0.385596  0.386872
109       0.871894  0.676528  0.667931  0.649021  0.649209  0.644780  0.616506  0.567586  0.533870  0.491167  0.464513  0.396420  0.392459
110       0.871894  0.676528  0.667931  0.649021  0.649209  0.644780  0.616506  0.567586  0.533870  0.491167  0.464513  0.396420  0.392459
111            NaN       NaN       NaN       NaN       NaN       NaN       NaN       NaN       NaN       NaN       NaN       NaN       NaN
112       0.913817  0.720931  0.711498  0.726944  0.708469  0.723782  0.695919  0.650687  0.666106  0.642835  0.624879  0.579614  0.642089
113       0.913817  0.720931  0.711498  0.726944  0.708469  0.723782  0.695919  0.650687  0.666106  0.642835  0.624879  0.579614  0.642089
114       0.898227  0.693008  0.687036  0.696721  0.679970  0.692190  0.666514  0.621308  0.629687  0.600678  0.583072  0.544668  0.593593
115       0.890528  0.678064  0.670720  0.677719  0.660068  0.672084  0.648095  0.597087  0.603142  0.572439  0.550258  0.513553  0.553708
116       0.890528  0.678064  0.670720  0.677719  0.660068  0.672084  0.648095  0.597087  0.603142  0.572439  0.550258  0.513553  0.553708
117       0.882533  0.650869  0.639262  0.640658  0.623788  0.629921  0.604398  0.547171  0.547062  0.509657  0.486906  0.449522  0.471645
118       0.882533  0.650869  0.639262  0.640658  0.623788  0.629921  0.604398  0.547171  0.547062  0.509657  0.486906  0.449522  0.471645
119       0.882533  0.650869  0.639262  0.640658  0.623788  0.629921  0.604398  0.547171  0.547062  0.509657  0.486906  0.449522  0.471645
120       0.874072  0.625679  0.613664  0.611948  0.593817  0.598743  0.574305  0.514026  0.508313  0.466319  0.442367  0.408845  0.420471
121       0.861245  0.605648  0.592364  0.586876  0.570817  0.572438  0.548679  0.484007  0.475306  0.428652  0.403016  0.372236  0.370049
122       0.861245  0.605648  0.592364  0.586876  0.570817  0.572438  0.548679  0.484007  0.475306  0.428652  0.403016  0.372236  0.370049
123            NaN       NaN       NaN       NaN       NaN       NaN       NaN       NaN       NaN       NaN       NaN       NaN       NaN
124       0.762941  0.539696  0.517533  0.506343  0.498001  0.510798  0.492948  0.450816  0.463805  0.448834  0.435404  0.400051  0.440142
125       0.769264  0.560158  0.538595  0.530315  0.522412  0.529069  0.504631  0.465882  0.479349  0.464576  0.448083  0.411290  0.442952
126       0.769264  0.560158  0.538595  0.530315  0.522412  0.529069  0.504631  0.465882  0.479349  0.464576  0.448083  0.411290  0.442952
127       0.769264  0.560158  0.538595  0.530315  0.522412  0.529069  0.504631  0.465882  0.479349  0.464576  0.448083  0.411290  0.442952
128       0.769264  0.560158  0.538595  0.530315  0.522412  0.529069  0.504631  0.465882  0.479349  0.464576  0.448083  0.411290  0.442952
129       0.769264  0.560158  0.538595  0.530315  0.522412  0.529069  0.504631  0.465882  0.479349  0.464576  0.448083  0.411290  0.442952
130       0.769264  0.560158  0.538595  0.530315  0.522412  0.529069  0.504631  0.465882  0.479349  0.464576  0.448083  0.411290  0.442952
131       0.780356  0.585966  0.566389  0.563390  0.549061  0.561537  0.531443  0.494704  0.504852  0.486941  0.470779  0.420473  0.439838
132       0.796639  0.654876  0.632532  0.622671  0.606953  0.615882  0.565688  0.522741  0.497040  0.468522  0.438544  0.362630  0.330926
133       0.815857  0.680891  0.659185  0.654299  0.632228  0.642473  0.593864  0.543759  0.517903  0.481491  0.449839  0.377078  0.358649
134       0.815857  0.680891  0.659185  0.654299  0.632228  0.642473  0.593864  0.543759  0.517903  0.481491  0.449839  0.377078  0.358649
135       0.815857  0.680891  0.659185  0.654299  0.632228  0.642473  0.593864  0.543759  0.517903  0.481491  0.449839  0.377078  0.358649
136       0.815857  0.680891  0.659185  0.654299  0.632228  0.642473  0.593864  0.543759  0.517903  0.481491  0.449839  0.377078  0.358649
137       0.815857  0.680891  0.659185  0.654299  0.632228  0.642473  0.593864  0.543759  0.517903  0.481491  0.449839  0.377078  0.358649
138       0.815857  0.680891  0.659185  0.654299  0.632228  0.642473  0.593864  0.543759  0.517903  0.481491  0.449839  0.377078  0.358649
139       0.815857  0.680891  0.659185  0.654299  0.632228  0.642473  0.593864  0.543759  0.517903  0.481491  0.449839  0.377078  0.358649
140       0.815857  0.680891  0.659185  0.654299  0.632228  0.642473  0.593864  0.543759  0.517903  0.481491  0.449839  0.377078  0.358649
141       0.815857  0.680891  0.659185  0.654299  0.632228  0.642473  0.593864  0.543759  0.517903  0.481491  0.449839  0.377078  0.358649
142       0.815857  0.680891  0.659185  0.654299  0.632228  0.642473  0.593864  0.543759  0.517903  0.481491  0.449839  0.377078  0.358649
143       0.815857  0.680891  0.659185  0.654299  0.632228  0.642473  0.593864  0.543759  0.517903  0.481491  0.449839  0.377078  0.358649
144       0.815857  0.680891  0.659185  0.654299  0.632228  0.642473  0.593864  0.543759  0.517903  0.481491  0.449839  0.377078  0.358649
145       0.815857  0.680891  0.659185  0.654299  0.632228  0.642473  0.593864  0.543759  0.517903  0.481491  0.449839  0.377078  0.358649
146       0.815857  0.680891  0.659185  0.654299  0.632228  0.642473  0.593864  0.543759  0.517903  0.481491  0.449839  0.377078  0.358649
147       0.815857  0.680891  0.659185  0.654299  0.632228  0.642473  0.593864  0.543759  0.517903  0.481491  0.449839  0.377078  0.358649
148       0.793321  0.656161  0.623702  0.618465  0.597110  0.613002  0.565750  0.509183  0.477896  0.444069  0.415531  0.349014  0.333631
149       0.793321  0.656161  0.623702  0.618465  0.597110  0.613002  0.565750  0.509183  0.477896  0.444069  0.415531  0.349014  0.333631
150       0.793321  0.656161  0.623702  0.618465  0.597110  0.613002  0.565750  0.509183  0.477896  0.444069  0.415531  0.349014  0.333631
151            NaN       NaN       NaN       NaN       NaN       NaN       NaN       NaN       NaN       NaN       NaN       NaN       NaN
152       0.793321  0.656161  0.623702  0.618465  0.597110  0.613002  0.565750  0.509183  0.477896  0.444069  0.415531  0.349014  0.333631
153       0.793321  0.656161  0.623702  0.618465  0.597110  0.613002  0.565750  0.509183  0.477896  0.444069  0.415531  0.349014  0.333631
154       0.771039  0.631333  0.596518  0.587985  0.568347  0.584869  0.538834  0.482646  0.447879  0.419503  0.392392  0.328416  0.314933
155       0.771039  0.631333  0.596518  0.587985  0.568347  0.584869  0.538834  0.482646  0.447879  0.419503  0.392392  0.328416  0.314933
156       0.771039  0.631333  0.596518  0.587985  0.568347  0.584869  0.538834  0.482646  0.447879  0.419503  0.392392  0.328416  0.314933
157       0.771039  0.631333  0.596518  0.587985  0.568347  0.584869  0.538834  0.482646  0.447879  0.419503  0.392392  0.328416  0.314933
158       0.771039  0.631333  0.596518  0.587985  0.568347  0.584869  0.538834  0.482646  0.447879  0.419503  0.392392  0.328416  0.314933
159       0.792006  0.628248  0.612545  0.599586  0.577153  0.582519  0.539111  0.494010  0.465341  0.437553  0.398544  0.332944  0.334856
160       0.792006  0.628248  0.612545  0.599586  0.577153  0.582519  0.539111  0.494010  0.465341  0.437553  0.398544  0.332944  0.334856
161       0.792006  0.628248  0.612545  0.599586  0.577153  0.582519  0.539111  0.494010  0.465341  0.437553  0.398544  0.332944  0.334856