exposure    1800.0
r_number          
2         0.275443
3         0.276651
4         0.276651
5         0.276651
6         0.276651
7         0.276651
8         0.276651
9         0.276651
10        0.276651
11        0.276651
12        0.276651
13        0.276651
14        0.276651
15        0.276651
16        0.268341
17        0.275157
18        0.275157
19        0.275157
20        0.275157
21             NaN
22        0.275157
23        0.275157
24        0.275157
25        0.275157
26        0.275157
27        0.273445
28        0.272364
29        0.272223
30        0.273203
31        0.237030
32        0.280240
33        0.287956
34        0.287956
35        0.287956
36        0.287956
37        0.307029
38        0.307029
39        0.307029
40        0.307029
41        0.307029
42        0.353515
43        0.424940
44        0.424940
45        0.424940
46        0.424940
47        0.424940
48        0.450172
49        0.482671
50        0.441132
51        0.441132
52        0.441132
53        0.441132
54        0.441132
55        0.441132
56        0.441132
57             NaN
58        0.441132
59        0.441132
60        0.441132
61        0.441132
62        0.441132
63        0.441132
64        0.441132
65        0.441132
66        0.441132
67             NaN
68        0.441132
69        0.441132
70        0.441132
71        0.441132
72        0.441132
73        0.441132
74        0.441132
75        0.441132
76        0.441132
77        0.441132
78        0.441132
79        0.441132
80        0.441132
81        0.441132
82        0.441132
83        0.441132
84        0.435435
85        0.573380
86        0.638039
87        0.621144
88        0.621144
89        0.621144
90        0.621144
91             NaN
92        0.621144
93        0.621144
94        0.491914
95        0.491914
96        0.491914
97        0.491914
98        0.491914
99        0.334540
100       0.476778
101       0.467640
102       0.467640
103       0.467640
104       0.478691
105       0.478691
106       0.478691
107       0.491232
108       0.475090
109       0.481677
110       0.481677
111            NaN
112       0.859447
113       0.859447
114       0.802218
115       0.756589
116       0.756589
117       0.756589
118       0.756589
119       0.756589
120       0.652090
121       0.585197
122       0.585197
123            NaN
124       0.501590
125       0.507866
126       0.507866
127       0.507866
128       0.507866
129       0.507866
130       0.507866
131       0.520546
132       0.403403
133       0.480635
134       0.480635
135       0.480635
136       0.480635
137       0.480635
138       0.480635
139       0.480635
140       0.480635
141       0.480635
142       0.480635
143       0.480635
144       0.480635
145       0.480635
146       0.480635
147       0.458968
148       0.412789
149       0.412789
150       0.412789
151            NaN
152       0.412789
153       0.412789
154       0.390726
155       0.416365
156       0.401392
157       0.401392
158       0.401392
159       0.495501
160       0.495501
161       0.495501
162       0.533931
163       0.533931
164       0.533931
165       0.533931
166       0.533931
167       0.533931
168       0.533931
169       0.533931
170       0.533931
171       0.533931
172       0.533931