exposure   0.60      4.98      10.02     19.98     30.00     40.02     60.00     150.00    300.00    600.00    900.00    1200.00   1800.00
r_number                                                                                                                                  
2         0.032341  0.027949  0.023014  0.017126  0.013112  0.006670  0.009989  0.009147  0.006136  0.003962  0.002276  0.004786  0.003787
3         0.029450  0.025479  0.020892  0.015567  0.011905  0.006056  0.009225  0.008391  0.005569  0.003611  0.002128  0.004377  0.003572
4         0.029450  0.025479  0.020892  0.015567  0.011905  0.006056  0.009225  0.008391  0.005569  0.003611  0.002128  0.004377  0.003572
5         0.029450  0.025479  0.020892  0.015567  0.011905  0.006056  0.009225  0.008391  0.005569  0.003611  0.002128  0.004377  0.003572
6         0.029450  0.025479  0.020892  0.015567  0.011905  0.006056  0.009225  0.008391  0.005569  0.003611  0.002128  0.004377  0.003572
7         0.029450  0.025479  0.020892  0.015567  0.011905  0.006056  0.009225  0.008391  0.005569  0.003611  0.002128  0.004377  0.003572
8         0.029450  0.025479  0.020892  0.015567  0.011905  0.006056  0.009225  0.008391  0.005569  0.003611  0.002128  0.004377  0.003572
9         0.029450  0.025479  0.020892  0.015567  0.011905  0.006056  0.009225  0.008391  0.005569  0.003611  0.002128  0.004377  0.003572
10        0.029450  0.025479  0.020892  0.015567  0.011905  0.006056  0.009225  0.008391  0.005569  0.003611  0.002128  0.004377  0.003572
11        0.029450  0.025479  0.020892  0.015567  0.011905  0.006056  0.009225  0.008391  0.005569  0.003611  0.002128  0.004377  0.003572
12        0.029450  0.025479  0.020892  0.015567  0.011905  0.006056  0.009225  0.008391  0.005569  0.003611  0.002128  0.004377  0.003572
13        0.029450  0.025479  0.020892  0.015567  0.011905  0.006056  0.009225  0.008391  0.005569  0.003611  0.002128  0.004377  0.003572
14        0.029450  0.025479  0.020892  0.015567  0.011905  0.006056  0.009225  0.008391  0.005569  0.003611  0.002128  0.004377  0.003572
15        0.029450  0.025479  0.020892  0.015567  0.011905  0.006056  0.009225  0.008391  0.005569  0.003611  0.002128  0.004377  0.003572
16        0.030790  0.027490  0.023856  0.017593  0.013579  0.006684  0.009970  0.009460  0.006582  0.004292  0.002416  0.005110  0.003960
17        0.022162  0.023447  0.026974  0.016321  0.008724  0.006913  0.010735  0.006739  0.005498  0.003508  0.002333  0.004742  0.005134
18        0.022162  0.023447  0.026974  0.016321  0.008724  0.006913  0.010735  0.006739  0.005498  0.003508  0.002333  0.004742  0.005134
19        0.022162  0.023447  0.026974  0.016321  0.008724  0.006913  0.010735  0.006739  0.005498  0.003508  0.002333  0.004742  0.005134
20        0.022162  0.023447  0.026974  0.016321  0.008724  0.006913  0.010735  0.006739  0.005498  0.003508  0.002333  0.004742  0.005134
21             NaN       NaN       NaN       NaN       NaN       NaN       NaN       NaN       NaN       NaN       NaN       NaN       NaN
22        0.022162  0.023447  0.026974  0.016321  0.008724  0.006913  0.010735  0.006739  0.005498  0.003508  0.002333  0.004742  0.005134
23        0.022162  0.023447  0.026974  0.016321  0.008724  0.006913  0.010735  0.006739  0.005498  0.003508  0.002333  0.004742  0.005134
24        0.022162  0.023447  0.026974  0.016321  0.008724  0.006913  0.010735  0.006739  0.005498  0.003508  0.002333  0.004742  0.005134
25        0.022162  0.023447  0.026974  0.016321  0.008724  0.006913  0.010735  0.006739  0.005498  0.003508  0.002333  0.004742  0.005134
26        0.022162  0.023447  0.026974  0.016321  0.008724  0.006913  0.010735  0.006739  0.005498  0.003508  0.002333  0.004742  0.005134
27        0.022760  0.025351  0.029007  0.016927  0.008494  0.007378  0.011689  0.006901  0.005469  0.002510  0.002557  0.005206  0.005613
28        0.023216  0.025010  0.030975  0.017523  0.008686  0.007393  0.012747  0.007346  0.005887  0.002490  0.002795  0.005732  0.006224
29        0.024462  0.019454  0.020011  0.011465  0.006831  0.006563  0.015819  0.005108  0.006688  0.003488  0.003052  0.005272  0.005546
30        0.015410  0.011309  0.007863  0.012770  0.006706  0.006008  0.018679  0.005891  0.006157  0.003229  0.003207  0.005652  0.006487
31        0.030217  0.020187  0.010035  0.021649  0.008761  0.006964  0.025589  0.010905  0.009726  0.008452  0.005431  0.004758  0.011300
32        0.017564  0.009909  0.006920  0.013175  0.005551  0.004917  0.013766  0.006771  0.006462  0.004130  0.003660  0.003378  0.006380
33        0.013784  0.012731  0.013829  0.010652  0.009031  0.004068  0.010577  0.008569  0.007076  0.004020  0.007384  0.005815  0.004849
34        0.013784  0.012731  0.013829  0.010652  0.009031  0.004068  0.010577  0.008569  0.007076  0.004020  0.007384  0.005815  0.004849
35        0.013784  0.012731  0.013829  0.010652  0.009031  0.004068  0.010577  0.008569  0.007076  0.004020  0.007384  0.005815  0.004849
36        0.013784  0.012731  0.013829  0.010652  0.009031  0.004068  0.010577  0.008569  0.007076  0.004020  0.007384  0.005815  0.004849
37        0.015842  0.016206  0.016951  0.011608  0.007689  0.004698  0.009580  0.006592  0.005835  0.003521  0.006050  0.004582  0.004407
38        0.015842  0.016206  0.016951  0.011608  0.007689  0.004698  0.009580  0.006592  0.005835  0.003521  0.006050  0.004582  0.004407
39        0.015842  0.016206  0.016951  0.011608  0.007689  0.004698  0.009580  0.006592  0.005835  0.003521  0.006050  0.004582  0.004407
40        0.015842  0.016206  0.016951  0.011608  0.007689  0.004698  0.009580  0.006592  0.005835  0.003521  0.006050  0.004582  0.004407
41        0.015842  0.016206  0.016951  0.011608  0.007689  0.004698  0.009580  0.006592  0.005835  0.003521  0.006050  0.004582  0.004407
42        0.027785  0.028334  0.029391  0.019700  0.009191  0.008726  0.015162  0.005112  0.006764  0.004920  0.006156  0.004278  0.006391
43        0.022089  0.020294  0.021089  0.016650  0.008840  0.013073  0.014726  0.008442  0.008186  0.007366  0.008406  0.007733  0.009745
44        0.022089  0.020294  0.021089  0.016650  0.008840  0.013073  0.014726  0.008442  0.008186  0.007366  0.008406  0.007733  0.009745
45        0.022089  0.020294  0.021089  0.016650  0.008840  0.013073  0.014726  0.008442  0.008186  0.007366  0.008406  0.007733  0.009745
46        0.022089  0.020294  0.021089  0.016650  0.008840  0.013073  0.014726  0.008442  0.008186  0.007366  0.008406  0.007733  0.009745
47        0.022089  0.020294  0.021089  0.016650  0.008840  0.013073  0.014726  0.008442  0.008186  0.007366  0.008406  0.007733  0.009745
48        0.026359  0.024284  0.025415  0.020368  0.010640  0.016710  0.018684  0.010894  0.010536  0.009712  0.011192  0.010201  0.012687
49        0.046789  0.042031  0.041085  0.030124  0.018218  0.035850  0.035263  0.020655  0.018621  0.015863  0.021282  0.018046  0.025685
50        0.015741  0.030411  0.029219  0.019663  0.007623  0.015146  0.017044  0.009949  0.004343  0.003024  0.003119  0.007122  0.008328
51        0.015741  0.030411  0.029219  0.019663  0.007623  0.015146  0.017044  0.009949  0.004343  0.003024  0.003119  0.007122  0.008328
52        0.015741  0.030411  0.029219  0.019663  0.007623  0.015146  0.017044  0.009949  0.004343  0.003024  0.003119  0.007122  0.008328
53        0.015741  0.030411  0.029219  0.019663  0.007623  0.015146  0.017044  0.009949  0.004343  0.003024  0.003119  0.007122  0.008328
54        0.015741  0.030411  0.029219  0.019663  0.007623  0.015146  0.017044  0.009949  0.004343  0.003024  0.003119  0.007122  0.008328
55        0.015741  0.030411  0.029219  0.019663  0.007623  0.015146  0.017044  0.009949  0.004343  0.003024  0.003119  0.007122  0.008328
56        0.015741  0.030411  0.029219  0.019663  0.007623  0.015146  0.017044  0.009949  0.004343  0.003024  0.003119  0.007122  0.008328
57             NaN       NaN       NaN       NaN       NaN       NaN       NaN       NaN       NaN       NaN       NaN       NaN       NaN
58        0.015741  0.030411  0.029219  0.019663  0.007623  0.015146  0.017044  0.009949  0.004343  0.003024  0.003119  0.007122  0.008328
59        0.015741  0.030411  0.029219  0.019663  0.007623  0.015146  0.017044  0.009949  0.004343  0.003024  0.003119  0.007122  0.008328
60        0.015741  0.030411  0.029219  0.019663  0.007623  0.015146  0.017044  0.009949  0.004343  0.003024  0.003119  0.007122  0.008328
61        0.015741  0.030411  0.029219  0.019663  0.007623  0.015146  0.017044  0.009949  0.004343  0.003024  0.003119  0.007122  0.008328
62        0.015741  0.030411  0.029219  0.019663  0.007623  0.015146  0.017044  0.009949  0.004343  0.003024  0.003119  0.007122  0.008328
63        0.015741  0.030411  0.029219  0.019663  0.007623  0.015146  0.017044  0.009949  0.004343  0.003024  0.003119  0.007122  0.008328
64        0.015741  0.030411  0.029219  0.019663  0.007623  0.015146  0.017044  0.009949  0.004343  0.003024  0.003119  0.007122  0.008328
65        0.015741  0.030411  0.029219  0.019663  0.007623  0.015146  0.017044  0.009949  0.004343  0.003024  0.003119  0.007122  0.008328
66        0.015741  0.030411  0.029219  0.019663  0.007623  0.015146  0.017044  0.009949  0.004343  0.003024  0.003119  0.007122  0.008328
67             NaN       NaN       NaN       NaN       NaN       NaN       NaN       NaN       NaN       NaN       NaN       NaN       NaN
68        0.015741  0.030411  0.029219  0.019663  0.007623  0.015146  0.017044  0.009949  0.004343  0.003024  0.003119  0.007122  0.008328
69        0.015741  0.030411  0.029219  0.019663  0.007623  0.015146  0.017044  0.009949  0.004343  0.003024  0.003119  0.007122  0.008328
70        0.015741  0.030411  0.029219  0.019663  0.007623  0.015146  0.017044  0.009949  0.004343  0.003024  0.003119  0.007122  0.008328
71        0.015741  0.030411  0.029219  0.019663  0.007623  0.015146  0.017044  0.009949  0.004343  0.003024  0.003119  0.007122  0.008328
72        0.015741  0.030411  0.029219  0.019663  0.007623  0.015146  0.017044  0.009949  0.004343  0.003024  0.003119  0.007122  0.008328
73        0.015741  0.030411  0.029219  0.019663  0.007623  0.015146  0.017044  0.009949  0.004343  0.003024  0.003119  0.007122  0.008328
74        0.015741  0.030411  0.029219  0.019663  0.007623  0.015146  0.017044  0.009949  0.004343  0.003024  0.003119  0.007122  0.008328
75        0.015741  0.030411  0.029219  0.019663  0.007623  0.015146  0.017044  0.009949  0.004343  0.003024  0.003119  0.007122  0.008328
76        0.015741  0.030411  0.029219  0.019663  0.007623  0.015146  0.017044  0.009949  0.004343  0.003024  0.003119  0.007122  0.008328
77        0.015741  0.030411  0.029219  0.019663  0.007623  0.015146  0.017044  0.009949  0.004343  0.003024  0.003119  0.007122  0.008328
78        0.015741  0.030411  0.029219  0.019663  0.007623  0.015146  0.017044  0.009949  0.004343  0.003024  0.003119  0.007122  0.008328
79        0.015741  0.030411  0.029219  0.019663  0.007623  0.015146  0.017044  0.009949  0.004343  0.003024  0.003119  0.007122  0.008328
80        0.015741  0.030411  0.029219  0.019663  0.007623  0.015146  0.017044  0.009949  0.004343  0.003024  0.003119  0.007122  0.008328
81        0.015741  0.030411  0.029219  0.019663  0.007623  0.015146  0.017044  0.009949  0.004343  0.003024  0.003119  0.007122  0.008328
82        0.015741  0.030411  0.029219  0.019663  0.007623  0.015146  0.017044  0.009949  0.004343  0.003024  0.003119  0.007122  0.008328
83        0.015741  0.030411  0.029219  0.019663  0.007623  0.015146  0.017044  0.009949  0.004343  0.003024  0.003119  0.007122  0.008328
84        0.022871  0.038563  0.037359  0.024249  0.009796  0.018004  0.021722  0.012421  0.005112  0.003688  0.004428  0.009754  0.010425
85        0.034973  0.030842  0.029918  0.027445  0.016274  0.024351  0.022776  0.019285  0.013627  0.013174  0.012630  0.014544  0.015475
86        0.033623  0.024847  0.023849  0.026545  0.015689  0.022162  0.022171  0.018275  0.014705  0.013414  0.013280  0.013886  0.018409
87        0.025249  0.017918  0.015331  0.019422  0.010588  0.015050  0.014650  0.012512  0.010199  0.008926  0.008772  0.010174  0.012801
88        0.025249  0.017918  0.015331  0.019422  0.010588  0.015050  0.014650  0.012512  0.010199  0.008926  0.008772  0.010174  0.012801
89        0.025249  0.017918  0.015331  0.019422  0.010588  0.015050  0.014650  0.012512  0.010199  0.008926  0.008772  0.010174  0.012801
90        0.025249  0.017918  0.015331  0.019422  0.010588  0.015050  0.014650  0.012512  0.010199  0.008926  0.008772  0.010174  0.012801
91             NaN       NaN       NaN       NaN       NaN       NaN       NaN       NaN       NaN       NaN       NaN       NaN       NaN
92        0.025249  0.017918  0.015331  0.019422  0.010588  0.015050  0.014650  0.012512  0.010199  0.008926  0.008772  0.010174  0.012801
93        0.025249  0.017918  0.015331  0.019422  0.010588  0.015050  0.014650  0.012512  0.010199  0.008926  0.008772  0.010174  0.012801
94        0.043445  0.025772  0.029913  0.030544  0.021479  0.014028  0.017594  0.017041  0.008681  0.006141  0.005931  0.010480  0.009054
95        0.043445  0.025772  0.029913  0.030544  0.021479  0.014028  0.017594  0.017041  0.008681  0.006141  0.005931  0.010480  0.009054
96        0.043445  0.025772  0.029913  0.030544  0.021479  0.014028  0.017594  0.017041  0.008681  0.006141  0.005931  0.010480  0.009054
97        0.043445  0.025772  0.029913  0.030544  0.021479  0.014028  0.017594  0.017041  0.008681  0.006141  0.005931  0.010480  0.009054
98        0.043445  0.025772  0.029913  0.030544  0.021479  0.014028  0.017594  0.017041  0.008681  0.006141  0.005931  0.010480  0.009054
99        0.082788  0.047674  0.056898  0.056951  0.040984  0.021271  0.030131  0.030412  0.012196  0.004703  0.003588  0.017488  0.009856
100       0.029017  0.032085  0.030782  0.014964  0.008646  0.013848  0.017045  0.009090  0.009092  0.007517  0.007105  0.008609  0.010058
101       0.024158  0.026638  0.025076  0.013134  0.007339  0.011767  0.014702  0.007821  0.007701  0.006355  0.006158  0.007247  0.008528
102       0.024158  0.026638  0.025076  0.013134  0.007339  0.011767  0.014702  0.007821  0.007701  0.006355  0.006158  0.007247  0.008528
103       0.024158  0.026638  0.025076  0.013134  0.007339  0.011767  0.014702  0.007821  0.007701  0.006355  0.006158  0.007247  0.008528
104       0.020823  0.022159  0.021700  0.014291  0.007368  0.011606  0.014865  0.007612  0.008600  0.006801  0.006097  0.008094  0.009331
105       0.020823  0.022159  0.021700  0.014291  0.007368  0.011606  0.014865  0.007612  0.008600  0.006801  0.006097  0.008094  0.009331
106       0.020823  0.022159  0.021700  0.014291  0.007368  0.011606  0.014865  0.007612  0.008600  0.006801  0.006097  0.008094  0.009331
107       0.021393  0.022191  0.022509  0.017035  0.008148  0.013436  0.017249  0.008271  0.009742  0.007763  0.007020  0.009416  0.011008
108       0.023856  0.024783  0.025415  0.020670  0.009317  0.015992  0.020731  0.009457  0.011923  0.009168  0.008051  0.011398  0.013018
109       0.028147  0.026688  0.027924  0.028172  0.013186  0.020397  0.027224  0.013365  0.016839  0.012869  0.010990  0.015782  0.018015
110       0.028147  0.026688  0.027924  0.028172  0.013186  0.020397  0.027224  0.013365  0.016839  0.012869  0.010990  0.015782  0.018015
111            NaN       NaN       NaN       NaN       NaN       NaN       NaN       NaN       NaN       NaN       NaN       NaN       NaN
112       0.028184  0.022593  0.029242  0.029088  0.020154  0.017372  0.024195  0.019797  0.018452  0.017613  0.015981  0.016273  0.022345
113       0.028184  0.022593  0.029242  0.029088  0.020154  0.017372  0.024195  0.019797  0.018452  0.017613  0.015981  0.016273  0.022345
114       0.021869  0.014792  0.024739  0.018853  0.012992  0.008570  0.015299  0.012463  0.009429  0.010162  0.008312  0.008204  0.012785
115       0.019043  0.012071  0.021297  0.018513  0.010995  0.006965  0.012624  0.010597  0.007599  0.008776  0.007042  0.007160  0.010585
116       0.019043  0.012071  0.021297  0.018513  0.010995  0.006965  0.012624  0.010597  0.007599  0.008776  0.007042  0.007160  0.010585
117       0.019043  0.012071  0.021297  0.018513  0.010995  0.006965  0.012624  0.010597  0.007599  0.008776  0.007042  0.007160  0.010585
118       0.019043  0.012071  0.021297  0.018513  0.010995  0.006965  0.012624  0.010597  0.007599  0.008776  0.007042  0.007160  0.010585
119       0.019043  0.012071  0.021297  0.018513  0.010995  0.006965  0.012624  0.010597  0.007599  0.008776  0.007042  0.007160  0.010585
120       0.024159  0.007618  0.023054  0.025466  0.012677  0.006095  0.016341  0.009311  0.008648  0.008223  0.007685  0.006835  0.010616
121       0.030337  0.009408  0.030193  0.033068  0.015325  0.005521  0.019894  0.010947  0.007476  0.009684  0.009899  0.008172  0.009389
122       0.030337  0.009408  0.030193  0.033068  0.015325  0.005521  0.019894  0.010947  0.007476  0.009684  0.009899  0.008172  0.009389
123            NaN       NaN       NaN       NaN       NaN       NaN       NaN       NaN       NaN       NaN       NaN       NaN       NaN
124       0.045139  0.038422  0.028689  0.017372  0.012700  0.020210  0.027349  0.012937  0.009885  0.009424  0.008072  0.008004  0.013198
125       0.036850  0.031235  0.029525  0.021686  0.009497  0.012672  0.013913  0.010970  0.007292  0.006920  0.007548  0.008486  0.010963
126       0.036850  0.031235  0.029525  0.021686  0.009497  0.012672  0.013913  0.010970  0.007292  0.006920  0.007548  0.008486  0.010963
127       0.036850  0.031235  0.029525  0.021686  0.009497  0.012672  0.013913  0.010970  0.007292  0.006920  0.007548  0.008486  0.010963
128       0.036850  0.031235  0.029525  0.021686  0.009497  0.012672  0.013913  0.010970  0.007292  0.006920  0.007548  0.008486  0.010963
129       0.036850  0.031235  0.029525  0.021686  0.009497  0.012672  0.013913  0.010970  0.007292  0.006920  0.007548  0.008486  0.010963
130       0.036850  0.031235  0.029525  0.021686  0.009497  0.012672  0.013913  0.010970  0.007292  0.006920  0.007548  0.008486  0.010963
131       0.041115  0.036212  0.032993  0.017268  0.009934  0.013537  0.014775  0.009590  0.007350  0.006187  0.006313  0.008165  0.007637
132       0.034563  0.041032  0.046310  0.022095  0.009251  0.014041  0.016647  0.010727  0.007168  0.003679  0.005021  0.008604  0.007334
133       0.015484  0.020499  0.023514  0.012792  0.007236  0.011640  0.008328  0.007028  0.003390  0.003719  0.004593  0.005691  0.003716
134       0.015484  0.020499  0.023514  0.012792  0.007236  0.011640  0.008328  0.007028  0.003390  0.003719  0.004593  0.005691  0.003716
135       0.015484  0.020499  0.023514  0.012792  0.007236  0.011640  0.008328  0.007028  0.003390  0.003719  0.004593  0.005691  0.003716
136       0.015484  0.020499  0.023514  0.012792  0.007236  0.011640  0.008328  0.007028  0.003390  0.003719  0.004593  0.005691  0.003716
137       0.015484  0.020499  0.023514  0.012792  0.007236  0.011640  0.008328  0.007028  0.003390  0.003719  0.004593  0.005691  0.003716
138       0.015484  0.020499  0.023514  0.012792  0.007236  0.011640  0.008328  0.007028  0.003390  0.003719  0.004593  0.005691  0.003716
139       0.015484  0.020499  0.023514  0.012792  0.007236  0.011640  0.008328  0.007028  0.003390  0.003719  0.004593  0.005691  0.003716
140       0.015484  0.020499  0.023514  0.012792  0.007236  0.011640  0.008328  0.007028  0.003390  0.003719  0.004593  0.005691  0.003716
141       0.015484  0.020499  0.023514  0.012792  0.007236  0.011640  0.008328  0.007028  0.003390  0.003719  0.004593  0.005691  0.003716
142       0.015484  0.020499  0.023514  0.012792  0.007236  0.011640  0.008328  0.007028  0.003390  0.003719  0.004593  0.005691  0.003716
143       0.015484  0.020499  0.023514  0.012792  0.007236  0.011640  0.008328  0.007028  0.003390  0.003719  0.004593  0.005691  0.003716
144       0.015484  0.020499  0.023514  0.012792  0.007236  0.011640  0.008328  0.007028  0.003390  0.003719  0.004593  0.005691  0.003716
145       0.015484  0.020499  0.023514  0.012792  0.007236  0.011640  0.008328  0.007028  0.003390  0.003719  0.004593  0.005691  0.003716
146       0.015484  0.020499  0.023514  0.012792  0.007236  0.011640  0.008328  0.007028  0.003390  0.003719  0.004593  0.005691  0.003716
147       0.018927  0.023994  0.026200  0.013360  0.005326  0.009988  0.009400  0.006444  0.003684  0.002126  0.002611  0.004834  0.004305
148       0.035003  0.029247  0.032518  0.020156  0.007668  0.011372  0.010306  0.013570  0.006948  0.003153  0.005149  0.010881  0.003897
149       0.035003  0.029247  0.032518  0.020156  0.007668  0.011372  0.010306  0.013570  0.006948  0.003153  0.005149  0.010881  0.003897
150       0.035003  0.029247  0.032518  0.020156  0.007668  0.011372  0.010306  0.013570  0.006948  0.003153  0.005149  0.010881  0.003897
151            NaN       NaN       NaN       NaN       NaN       NaN       NaN       NaN       NaN       NaN       NaN       NaN       NaN
152       0.035003  0.029247  0.032518  0.020156  0.007668  0.011372  0.010306  0.013570  0.006948  0.003153  0.005149  0.010881  0.003897
153       0.035003  0.029247  0.032518  0.020156  0.007668  0.011372  0.010306  0.013570  0.006948  0.003153  0.005149  0.010881  0.003897
154       0.043812  0.035833  0.039928  0.024645  0.009383  0.013523  0.012068  0.016916  0.008608  0.003778  0.006349  0.013520  0.004430
155       0.039142  0.033391  0.036532  0.021731  0.008447  0.012150  0.010841  0.014691  0.007469  0.003473  0.005553  0.011590  0.004701
156       0.044302  0.037465  0.040974  0.024335  0.009420  0.013138  0.011983  0.016544  0.008434  0.003872  0.006313  0.013050  0.005271
157       0.044302  0.037465  0.040974  0.024335  0.009420  0.013138  0.011983  0.016544  0.008434  0.003872  0.006313  0.013050  0.005271
158       0.044302  0.037465  0.040974  0.024335  0.009420  0.013138  0.011983  0.016544  0.008434  0.003872  0.006313  0.013050  0.005271
159       0.045529  0.055185  0.054776  0.023975  0.010478  0.016380  0.014897  0.011629  0.006140  0.004750  0.005079  0.005948  0.010076
160       0.045529  0.055185  0.054776  0.023975  0.010478  0.016380  0.014897  0.011629  0.006140  0.004750  0.005079  0.005948  0.010076
161       0.045529  0.055185  0.054776  0.023975  0.010478  0.016380  0.014897  0.011629  0.006140  0.004750  0.005079  0.005948  0.010076
162       0.058607  0.068208  0.066361  0.029149  0.013879  0.021508  0.017473  0.015056  0.008053  0.006579  0.006704  0.007135  0.013598
163       0.058607  0.068208  0.066361  0.029149  0.013879  0.021508  0.017473  0.015056  0.008053  0.006579  0.006704  0.007135  0.013598
164       0.058607  0.068208  0.066361  0.029149  0.013879  0.021508  0.017473  0.015056  0.008053  0.006579  0.006704  0.007135  0.013598
165       0.058607  0.068208  0.066361  0.029149  0.013879  0.021508  0.017473  0.015056  0.008053  0.006579  0.006704  0.007135  0.013598
166       0.058607  0.068208  0.066361  0.029149  0.013879  0.021508  0.017473  0.015056  0.008053  0.006579  0.006704  0.007135  0.013598
167       0.058607  0.068208  0.066361  0.029149  0.013879  0.021508  0.017473  0.015056  0.008053  0.006579  0.006704  0.007135  0.013598
168       0.058607  0.068208  0.066361  0.029149  0.013879  0.021508  0.017473  0.015056  0.008053  0.006579  0.006704  0.007135  0.013598
169       0.058607  0.068208  0.066361  0.029149  0.013879  0.021508  0.017473  0.015056  0.008053  0.006579  0.006704  0.007135  0.013598
170       0.058607  0.068208  0.066361  0.029149  0.013879  0.021508  0.017473  0.015056  0.008053  0.006579  0.006704  0.007135  0.013598
171       0.058607  0.068208  0.066361  0.029149  0.013879  0.021508  0.017473  0.015056  0.008053  0.006579  0.006704  0.007135  0.013598
172       0.058607  0.068208  0.066361  0.029149  0.013879  0.021508  0.017473  0.015056  0.008053  0.006579  0.006704  0.007135  0.013598