exposure  0.06000      4.98000      10.02000     19.98000     30.00000     39.96000     60.00000     150.00000    300.00000    600.00000    900.00006    1200.00000   1800.00012   2700.00024   3600.00024   10800.00090  86400.00732
r_number                                                                                                                                                                                                                             
-28          0.022677     0.018541     0.018496     0.018546     0.019814     0.018685     0.028919     0.017976     0.031313     0.034418     0.019133     0.034019     0.020181     0.024537     0.023051     0.018444     0.018065
-27          0.022677     0.018541     0.018496     0.018546     0.019814     0.018685     0.028919     0.017976     0.031313     0.034418     0.019133     0.034019     0.020181     0.024537     0.023051     0.018444     0.018065
-26          0.022677     0.018541     0.018496     0.018546     0.019814     0.018685     0.028919     0.017976     0.031313     0.034418     0.019133     0.034019     0.020181     0.024537     0.023051     0.018444     0.018065
-25          0.022677     0.018541     0.018496     0.018546     0.019814     0.018685     0.028919     0.017976     0.031313     0.034418     0.019133     0.034019     0.020181     0.024537     0.023051     0.018444     0.018065
-24          0.022677     0.018541     0.018496     0.018546     0.019814     0.018685     0.028919     0.017976     0.031313     0.034418     0.019133     0.034019     0.020181     0.024537     0.023051     0.018444     0.018065
-23          0.022677     0.018541     0.018496     0.018546     0.019814     0.018685     0.028919     0.017976     0.031313     0.034418     0.019133     0.034019     0.020181     0.024537     0.023051     0.018444     0.018065
-22          0.009497     0.006948     0.007154     0.007144     0.009409     0.008209     0.013100     0.007380     0.015505     0.014275     0.008798     0.013037     0.009829     0.012567     0.009065     0.011333     0.010764
-21          0.008764     0.004966     0.005616     0.005546     0.010116     0.008113     0.013427     0.006585     0.017272     0.012966     0.009165     0.009980     0.010803     0.014355     0.007412     0.014264     0.013374
-20          0.006591     0.004373     0.010508     0.007659     0.008414     0.005971     0.012624     0.005357     0.012351     0.008951     0.007309     0.009167     0.010688     0.010126     0.008826     0.011361     0.009950
-19          0.006591     0.004373     0.010508     0.007659     0.008414     0.005971     0.012624     0.005357     0.012351     0.008951     0.007309     0.009167     0.010688     0.010126     0.008826     0.011361     0.009950
-18          0.006591     0.004373     0.010508     0.007659     0.008414     0.005971     0.012624     0.005357     0.012351     0.008951     0.007309     0.009167     0.010688     0.010126     0.008826     0.011361     0.009950
-17          0.006591     0.004373     0.010508     0.007659     0.008414     0.005971     0.012624     0.005357     0.012351     0.008951     0.007309     0.009167     0.010688     0.010126     0.008826     0.011361     0.009950
-16          0.007045     0.005287     0.015699     0.011056     0.011384     0.006688     0.014865     0.006330     0.012757     0.006414     0.009084     0.011283     0.013779     0.007470     0.013227     0.013523     0.008401
-15          0.007045     0.005287     0.015699     0.011056     0.011384     0.006688     0.014865     0.006330     0.012757     0.006414     0.009084     0.011283     0.013779     0.007470     0.013227     0.013523     0.008401
-14               NaN          NaN          NaN          NaN          NaN          NaN          NaN          NaN          NaN          NaN          NaN          NaN          NaN          NaN          NaN          NaN          NaN
-13          0.014417     0.009560     0.014237     0.016792     0.024593     0.020843     0.012847     0.043363     0.015168     0.021886     0.015822     0.018621     0.019785     0.026382     0.025793     0.018492     0.017083
-12          0.008456     0.005602     0.007618     0.008208     0.013166     0.009638     0.008500     0.018378     0.007901     0.011313     0.010139     0.009202     0.009777     0.013760     0.012512     0.009954     0.010564
-11          0.008456     0.005602     0.007618     0.008208     0.013166     0.009638     0.008500     0.018378     0.007901     0.011313     0.010139     0.009202     0.009777     0.013760     0.012512     0.009954     0.010564
-10               NaN          NaN          NaN          NaN          NaN          NaN          NaN          NaN          NaN          NaN          NaN          NaN          NaN          NaN          NaN          NaN          NaN
-9           0.007795     0.005149     0.007008     0.007546     0.012126     0.008871     0.007904     0.016896     0.007399     0.010397     0.009313     0.008457     0.009052     0.012650     0.011544     0.009178     0.009738
-8           0.007795     0.005149     0.007008     0.007546     0.012126     0.008871     0.007904     0.016896     0.007399     0.010397     0.009313     0.008457     0.009052     0.012650     0.011544     0.009178     0.009738
-7           0.009085     0.005983     0.007464     0.007048     0.012938     0.007379     0.010016     0.010046     0.007796     0.010590     0.011513     0.008048     0.008719     0.013046     0.010702     0.009867     0.011796
-6           0.008490     0.006900     0.009913     0.007890     0.010460     0.007857     0.009637     0.008960     0.008366     0.009210     0.011418     0.008028     0.009196     0.011847     0.009394     0.009125     0.011145
-5           0.008043     0.006866     0.009751     0.007619     0.010526     0.007677     0.010405     0.009223     0.009156     0.010440     0.010868     0.007829     0.009971     0.010308     0.007907     0.006795     0.010791
-4           0.008151     0.007545     0.011263     0.008561     0.011070     0.008302     0.011088     0.009988     0.010479     0.011871     0.011469     0.008655     0.010924     0.011209     0.008209     0.007451     0.012342
-3           0.008151     0.007545     0.011263     0.008561     0.011070     0.008302     0.011088     0.009988     0.010479     0.011871     0.011469     0.008655     0.010924     0.011209     0.008209     0.007451     0.012342
-2           0.008151     0.007545     0.011263     0.008561     0.011070     0.008302     0.011088     0.009988     0.010479     0.011871     0.011469     0.008655     0.010924     0.011209     0.008209     0.007451     0.012342
-1                NaN          NaN          NaN          NaN          NaN          NaN          NaN          NaN          NaN          NaN          NaN          NaN          NaN          NaN          NaN          NaN          NaN
0            0.008151     0.007545     0.011263     0.008561     0.011070     0.008302     0.011088     0.009988     0.010479     0.011871     0.011469     0.008655     0.010924     0.011209     0.008209     0.007451     0.012342
1            0.008151     0.007545     0.011263     0.008561     0.011070     0.008302     0.011088     0.009988     0.010479     0.011871     0.011469     0.008655     0.010924     0.011209     0.008209     0.007451     0.012342
2            0.008151     0.007545     0.011263     0.008561     0.011070     0.008302     0.011088     0.009988     0.010479     0.011871     0.011469     0.008655     0.010924     0.011209     0.008209     0.007451     0.012342
3            0.012633     0.012557     0.017801     0.012040     0.013327     0.012000     0.017340     0.012565     0.017720     0.017658     0.013019     0.013481     0.013769     0.012284     0.012155     0.011980     0.015429
4            0.028362     0.046544     0.029218     0.022007     0.025632     0.019821     0.025444     0.021853     0.023430     0.021075     0.020366     0.019912     0.018956     0.019347     0.019566     0.021681     0.018523
5            0.028362     0.046544     0.029218     0.022007     0.025632     0.019821     0.025444     0.021853     0.023430     0.021075     0.020366     0.019912     0.018956     0.019347     0.019566     0.021681     0.018523
6            0.028362     0.046544     0.029218     0.022007     0.025632     0.019821     0.025444     0.021853     0.023430     0.021075     0.020366     0.019912     0.018956     0.019347     0.019566     0.021681     0.018523
7            0.028362     0.046544     0.029218     0.022007     0.025632     0.019821     0.025444     0.021853     0.023430     0.021075     0.020366     0.019912     0.018956     0.019347     0.019566     0.021681     0.018523
8            0.022025     0.035991     0.023133     0.017075     0.019968     0.015392     0.020627     0.016953     0.019267     0.017392     0.016125     0.015543     0.014760     0.015049     0.015294     0.017080     0.015547
9            0.022025     0.035991     0.023133     0.017075     0.019968     0.015392     0.020627     0.016953     0.019267     0.017392     0.016125     0.015543     0.014760     0.015049     0.015294     0.017080     0.015547
10           0.005359     0.005049     0.012080     0.005025     0.006314     0.004748     0.014056     0.004463     0.015206     0.012092     0.007958     0.005177     0.006350     0.004706     0.007038     0.006492     0.013075
11           0.005359     0.005049     0.012080     0.005025     0.006314     0.004748     0.014056     0.004463     0.015206     0.012092     0.007958     0.005177     0.006350     0.004706     0.007038     0.006492     0.013075
12           0.005359     0.005049     0.012080     0.005025     0.006314     0.004748     0.014056     0.004463     0.015206     0.012092     0.007958     0.005177     0.006350     0.004706     0.007038     0.006492     0.013075
13           0.005359     0.005049     0.012080     0.005025     0.006314     0.004748     0.014056     0.004463     0.015206     0.012092     0.007958     0.005177     0.006350     0.004706     0.007038     0.006492     0.013075
14                NaN          NaN          NaN          NaN          NaN          NaN          NaN          NaN          NaN          NaN          NaN          NaN          NaN          NaN          NaN          NaN          NaN
15           0.011024     0.009117     0.010639     0.010050     0.009897     0.008974     0.012470     0.010669     0.012403     0.011589     0.010955     0.008037     0.009797     0.009802     0.011290     0.008689     0.014116
16           0.011024     0.009117     0.010639     0.010050     0.009897     0.008974     0.012470     0.010669     0.012403     0.011589     0.010955     0.008037     0.009797     0.009802     0.011290     0.008689     0.014116
17           0.011024     0.009117     0.010639     0.010050     0.009897     0.008974     0.012470     0.010669     0.012403     0.011589     0.010955     0.008037     0.009797     0.009802     0.011290     0.008689     0.014116
18           0.011024     0.009117     0.010639     0.010050     0.009897     0.008974     0.012470     0.010669     0.012403     0.011589     0.010955     0.008037     0.009797     0.009802     0.011290     0.008689     0.014116
19           0.011024     0.009117     0.010639     0.010050     0.009897     0.008974     0.012470     0.010669     0.012403     0.011589     0.010955     0.008037     0.009797     0.009802     0.011290     0.008689     0.014116
20                NaN          NaN          NaN          NaN          NaN          NaN          NaN          NaN          NaN          NaN          NaN          NaN          NaN          NaN          NaN          NaN          NaN
21           0.011024     0.009117     0.010639     0.010050     0.009897     0.008974     0.012470     0.010669     0.012403     0.011589     0.010955     0.008037     0.009797     0.009802     0.011290     0.008689     0.014116
22           0.011024     0.009117     0.010639     0.010050     0.009897     0.008974     0.012470     0.010669     0.012403     0.011589     0.010955     0.008037     0.009797     0.009802     0.011290     0.008689     0.014116
23           0.011024     0.009117     0.010639     0.010050     0.009897     0.008974     0.012470     0.010669     0.012403     0.011589     0.010955     0.008037     0.009797     0.009802     0.011290     0.008689     0.014116
24           0.011024     0.009117     0.010639     0.010050     0.009897     0.008974     0.012470     0.010669     0.012403     0.011589     0.010955     0.008037     0.009797     0.009802     0.011290     0.008689     0.014116
25           0.015556     0.012862     0.014313     0.013929     0.014008     0.012663     0.014623     0.014550     0.015314     0.014791     0.013631     0.011142     0.011616     0.012602     0.014360     0.011418     0.017514
26           0.015556     0.012862     0.014313     0.013929     0.014008     0.012663     0.014623     0.014550     0.015314     0.014791     0.013631     0.011142     0.011616     0.012602     0.014360     0.011418     0.017514
27           0.020288     0.016728     0.018381     0.019024     0.018862     0.016632     0.019179     0.016127     0.020728     0.016302     0.017862     0.015141     0.016115     0.016864     0.019240     0.015292     0.022022
28           0.014206     0.002820     0.015733     0.015832     0.013855     0.007439     0.002704     0.005821     0.017020     0.013261     0.016504     0.006869     0.005038     0.012898     0.013239     0.013299     0.019150
29           0.014206     0.002820     0.015733     0.015832     0.013855     0.007439     0.002704     0.005821     0.017020     0.013261     0.016504     0.006869     0.005038     0.012898     0.013239     0.013299     0.019150
30                NaN          NaN          NaN          NaN          NaN          NaN          NaN          NaN          NaN          NaN          NaN          NaN          NaN          NaN          NaN          NaN          NaN
31           0.022391     0.016313     0.016066     0.018763     0.021502     0.014933     0.016328     0.017338     0.013803     0.012985     0.014053     0.012755     0.012363     0.023214     0.015033     0.015635     0.009555
32           0.022391     0.016313     0.016066     0.018763     0.021502     0.014933     0.016328     0.017338     0.013803     0.012985     0.014053     0.012755     0.012363     0.023214     0.015033     0.015635     0.009555
33           0.010501     0.007811     0.012059     0.009672     0.009848     0.007586     0.012323     0.008048     0.014507     0.007886     0.009065     0.006354     0.011552     0.010869     0.008278     0.007362     0.012655
34           0.010501     0.007811     0.012059     0.009672     0.009848     0.007586     0.012323     0.008048     0.014507     0.007886     0.009065     0.006354     0.011552     0.010869     0.008278     0.007362     0.012655
35           0.003979     0.007223     0.008027     0.003403     0.004500     0.003965     0.008804     0.004059     0.009113     0.005653     0.005318     0.002830     0.006080     0.004065     0.006748     0.003039     0.008304
36           0.003979     0.007223     0.008027     0.003403     0.004500     0.003965     0.008804     0.004059     0.009113     0.005653     0.005318     0.002830     0.006080     0.004065     0.006748     0.003039     0.008304
37           0.003849     0.006425     0.007186     0.003178     0.004247     0.003632     0.008158     0.003649     0.008447     0.005738     0.004950     0.002674     0.005420     0.003914     0.006354     0.002745     0.007713
38           0.003849     0.006425     0.007186     0.003178     0.004247     0.003632     0.008158     0.003649     0.008447     0.005738     0.004950     0.002674     0.005420     0.003914     0.006354     0.002745     0.007713
39           0.003543     0.005689     0.006203     0.002920     0.004551     0.003128     0.007602     0.003159     0.007625     0.005494     0.004438     0.002518     0.004534     0.003447     0.005303     0.002436     0.006705
40           0.002963     0.004347     0.005098     0.002479     0.004188     0.003302     0.006661     0.002905     0.006083     0.004323     0.003797     0.002804     0.003674     0.003044     0.004187     0.002201     0.005845
41           0.002963     0.004347     0.005098     0.002479     0.004188     0.003302     0.006661     0.002905     0.006083     0.004323     0.003797     0.002804     0.003674     0.003044     0.004187     0.002201     0.005845
42           0.002963     0.004347     0.005098     0.002479     0.004188     0.003302     0.006661     0.002905     0.006083     0.004323     0.003797     0.002804     0.003674     0.003044     0.004187     0.002201     0.005845
43           0.002963     0.004347     0.005098     0.002479     0.004188     0.003302     0.006661     0.002905     0.006083     0.004323     0.003797     0.002804     0.003674     0.003044     0.004187     0.002201     0.005845
44           0.003068     0.004103     0.005072     0.002561     0.004470     0.003471     0.006730     0.003019     0.006021     0.004495     0.003876     0.002916     0.003372     0.003182     0.003924     0.002193     0.005973
45           0.002928     0.003880     0.004798     0.002456     0.004270     0.003383     0.006544     0.002889     0.005818     0.004787     0.003747     0.002791     0.003241     0.003186     0.003760     0.002155     0.005908
46           0.003383     0.004400     0.005236     0.002970     0.004613     0.003302     0.007388     0.002967     0.006891     0.006216     0.004188     0.002389     0.003216     0.003736     0.004416     0.002325     0.006610
47           0.003316     0.004118     0.004998     0.003049     0.004597     0.002975     0.007308     0.003081     0.006938     0.006426     0.004213     0.002285     0.003136     0.003727     0.004439     0.002353     0.006788
48           0.003366     0.003094     0.004867     0.003316     0.004392     0.003293     0.007918     0.003315     0.007488     0.007019     0.004411     0.002270     0.003406     0.004341     0.005081     0.002565     0.007292
49           0.003489     0.002388     0.006196     0.004355     0.007318     0.004592     0.010786     0.007783     0.008753     0.011615     0.007495     0.002453     0.004288     0.006528     0.006776     0.003923     0.011325
50           0.003274     0.002378     0.005803     0.004326     0.007058     0.004230     0.010351     0.006511     0.007609     0.009821     0.007218     0.002409     0.003717     0.006509     0.006462     0.003636     0.010536
51           0.003572     0.002614     0.006061     0.004828     0.007789     0.004713     0.011390     0.007037     0.007992     0.010915     0.008061     0.002679     0.003914     0.007329     0.007026     0.004106     0.011578
52           0.003572     0.002614     0.006061     0.004828     0.007789     0.004713     0.011390     0.007037     0.007992     0.010915     0.008061     0.002679     0.003914     0.007329     0.007026     0.004106     0.011578
53           0.003572     0.002614     0.006061     0.004828     0.007789     0.004713     0.011390     0.007037     0.007992     0.010915     0.008061     0.002679     0.003914     0.007329     0.007026     0.004106     0.011578
54           0.003572     0.002614     0.006061     0.004828     0.007789     0.004713     0.011390     0.007037     0.007992     0.010915     0.008061     0.002679     0.003914     0.007329     0.007026     0.004106     0.011578
55           0.003572     0.002614     0.006061     0.004828     0.007789     0.004713     0.011390     0.007037     0.007992     0.010915     0.008061     0.002679     0.003914     0.007329     0.007026     0.004106     0.011578
56                NaN          NaN          NaN          NaN          NaN          NaN          NaN          NaN          NaN          NaN          NaN          NaN          NaN          NaN          NaN          NaN          NaN
57           0.003572     0.002614     0.006061     0.004828     0.007789     0.004713     0.011390     0.007037     0.007992     0.010915     0.008061     0.002679     0.003914     0.007329     0.007026     0.004106     0.011578
58           0.003572     0.002614     0.006061     0.004828     0.007789     0.004713     0.011390     0.007037     0.007992     0.010915     0.008061     0.002679     0.003914     0.007329     0.007026     0.004106     0.011578
59           0.003572     0.002614     0.006061     0.004828     0.007789     0.004713     0.011390     0.007037     0.007992     0.010915     0.008061     0.002679     0.003914     0.007329     0.007026     0.004106     0.011578
60           0.006373     0.005174     0.010612     0.010302     0.014657     0.007323     0.021586     0.004760     0.010129     0.010154     0.014303     0.005059     0.004955     0.014152     0.012686     0.006537     0.019348
61           0.003713     0.002898     0.005567     0.005750     0.007791     0.003838     0.011465     0.003441     0.005293     0.005805     0.008655     0.002912     0.006103     0.008861     0.006156     0.003935     0.011990
62           0.004563     0.003474     0.006350     0.006877     0.008984     0.004374     0.013213     0.004649     0.006017     0.007053     0.010867     0.003553     0.009072     0.011318     0.006495     0.004927     0.015239
63           0.004199     0.003235     0.004604     0.007832     0.009543     0.005768     0.007948     0.008889     0.004838     0.004966     0.009167     0.003120     0.006701     0.006995     0.006334     0.004506     0.011297
64           0.004199     0.003235     0.004604     0.007832     0.009543     0.005768     0.007948     0.008889     0.004838     0.004966     0.009167     0.003120     0.006701     0.006995     0.006334     0.004506     0.011297
65           0.004199     0.003235     0.004604     0.007832     0.009543     0.005768     0.007948     0.008889     0.004838     0.004966     0.009167     0.003120     0.006701     0.006995     0.006334     0.004506     0.011297
66                NaN          NaN          NaN          NaN          NaN          NaN          NaN          NaN          NaN          NaN          NaN          NaN          NaN          NaN          NaN          NaN          NaN
67           0.004199     0.003235     0.004604     0.007832     0.009543     0.005768     0.007948     0.008889     0.004838     0.004966     0.009167     0.003120     0.006701     0.006995     0.006334     0.004506     0.011297
68           0.004199     0.003235     0.004604     0.007832     0.009543     0.005768     0.007948     0.008889     0.004838     0.004966     0.009167     0.003120     0.006701     0.006995     0.006334     0.004506     0.011297
69           0.003431     0.002872     0.005027     0.005135     0.006943     0.004518     0.008834     0.003358     0.004175     0.005057     0.008124     0.002853     0.005986     0.008007     0.005772     0.003613     0.010740
70           0.003400     0.002930     0.004742     0.004547     0.006122     0.003945     0.007967     0.003617     0.004563     0.004714     0.006975     0.002718     0.005195     0.006980     0.005256     0.003165     0.009401
71           0.003400     0.002930     0.004742     0.004547     0.006122     0.003945     0.007967     0.003617     0.004563     0.004714     0.006975     0.002718     0.005195     0.006980     0.005256     0.003165     0.009401
72           0.003400     0.002930     0.004742     0.004547     0.006122     0.003945     0.007967     0.003617     0.004563     0.004714     0.006975     0.002718     0.005195     0.006980     0.005256     0.003165     0.009401
73           0.003362     0.002909     0.005692     0.005531     0.007065     0.003539     0.008697     0.004045     0.005570     0.005595     0.006796     0.002569     0.005158     0.007082     0.005293     0.003241     0.010498
74           0.003362     0.002909     0.005692     0.005531     0.007065     0.003539     0.008697     0.004045     0.005570     0.005595     0.006796     0.002569     0.005158     0.007082     0.005293     0.003241     0.010498
75           0.003362     0.002909     0.005692     0.005531     0.007065     0.003539     0.008697     0.004045     0.005570     0.005595     0.006796     0.002569     0.005158     0.007082     0.005293     0.003241     0.010498
76           0.003362     0.002909     0.005692     0.005531     0.007065     0.003539     0.008697     0.004045     0.005570     0.005595     0.006796     0.002569     0.005158     0.007082     0.005293     0.003241     0.010498
77           0.004600     0.004042     0.006905     0.004969     0.007398     0.004669     0.009952     0.005313     0.007315     0.006581     0.007555     0.003536     0.005214     0.008306     0.006729     0.004075     0.011694
78           0.004600     0.004042     0.006905     0.004969     0.007398     0.004669     0.009952     0.005313     0.007315     0.006581     0.007555     0.003536     0.005214     0.008306     0.006729     0.004075     0.011694
79           0.004600     0.004042     0.006905     0.004969     0.007398     0.004669     0.009952     0.005313     0.007315     0.006581     0.007555     0.003536     0.005214     0.008306     0.006729     0.004075     0.011694
80           0.004600     0.004042     0.006905     0.004969     0.007398     0.004669     0.009952     0.005313     0.007315     0.006581     0.007555     0.003536     0.005214     0.008306     0.006729     0.004075     0.011694
81           0.004600     0.004042     0.006905     0.004969     0.007398     0.004669     0.009952     0.005313     0.007315     0.006581     0.007555     0.003536     0.005214     0.008306     0.006729     0.004075     0.011694
82           0.004600     0.004042     0.006905     0.004969     0.007398     0.004669     0.009952     0.005313     0.007315     0.006581     0.007555     0.003536     0.005214     0.008306     0.006729     0.004075     0.011694
83           0.008554     0.007618     0.010670     0.007711     0.013697     0.008817     0.016692     0.009192     0.012424     0.010377     0.011102     0.006457     0.008621     0.013638     0.009965     0.006350     0.017342
84           0.004670     0.003964     0.008112     0.009255     0.007447     0.006134     0.012081     0.004885     0.005988     0.009925     0.007973     0.003906     0.010058     0.011563     0.007086     0.008393     0.012855
85           0.004616     0.003589     0.007717     0.008005     0.006634     0.005535     0.010767     0.004391     0.005870     0.009221     0.007251     0.003449     0.008493     0.009772     0.006232     0.007136     0.011359
86           0.004616     0.003589     0.007717     0.008005     0.006634     0.005535     0.010767     0.004391     0.005870     0.009221     0.007251     0.003449     0.008493     0.009772     0.006232     0.007136     0.011359
87           0.004616     0.003589     0.007717     0.008005     0.006634     0.005535     0.010767     0.004391     0.005870     0.009221     0.007251     0.003449     0.008493     0.009772     0.006232     0.007136     0.011359
88           0.004616     0.003589     0.007717     0.008005     0.006634     0.005535     0.010767     0.004391     0.005870     0.009221     0.007251     0.003449     0.008493     0.009772     0.006232     0.007136     0.011359
89           0.004616     0.003589     0.007717     0.008005     0.006634     0.005535     0.010767     0.004391     0.005870     0.009221     0.007251     0.003449     0.008493     0.009772     0.006232     0.007136     0.011359
90                NaN          NaN          NaN          NaN          NaN          NaN          NaN          NaN          NaN          NaN          NaN          NaN          NaN          NaN          NaN          NaN          NaN
91           0.004616     0.003589     0.007717     0.008005     0.006634     0.005535     0.010767     0.004391     0.005870     0.009221     0.007251     0.003449     0.008493     0.009772     0.006232     0.007136     0.011359
92           0.004616     0.003589     0.007717     0.008005     0.006634     0.005535     0.010767     0.004391     0.005870     0.009221     0.007251     0.003449     0.008493     0.009772     0.006232     0.007136     0.011359
93           0.004616     0.003589     0.007717     0.008005     0.006634     0.005535     0.010767     0.004391     0.005870     0.009221     0.007251     0.003449     0.008493     0.009772     0.006232     0.007136     0.011359
94           0.005301     0.003896     0.008590     0.006367     0.008342     0.004735     0.010938     0.004871     0.006871     0.009470     0.008286     0.003669     0.007225     0.008200     0.007169     0.004492     0.011722
95           0.004906     0.009537     0.008219     0.008296     0.007310     0.009206     0.010748     0.004197     0.004835     0.009376     0.008682     0.005154     0.009672     0.007434     0.005715     0.008280     0.011430
96           0.004906     0.009537     0.008219     0.008296     0.007310     0.009206     0.010748     0.004197     0.004835     0.009376     0.008682     0.005154     0.009672     0.007434     0.005715     0.008280     0.011430
97           0.005567     0.011504     0.009537     0.009577     0.008124     0.011045     0.012189     0.004795     0.005284     0.010696     0.009753     0.006010     0.011123     0.007847     0.005946     0.009958     0.013026
98           0.006793     0.014424     0.011418     0.011772     0.009262     0.013842     0.014218     0.005858     0.005953     0.012937     0.011787     0.007427     0.013492     0.009173     0.006721     0.012355     0.015497
99           0.006793     0.014424     0.011418     0.011772     0.009262     0.013842     0.014218     0.005858     0.005953     0.012937     0.011787     0.007427     0.013492     0.009173     0.006721     0.012355     0.015497
100          0.006793     0.014424     0.011418     0.011772     0.009262     0.013842     0.014218     0.005858     0.005953     0.012937     0.011787     0.007427     0.013492     0.009173     0.006721     0.012355     0.015497
101               NaN          NaN          NaN          NaN          NaN          NaN          NaN          NaN          NaN          NaN          NaN          NaN          NaN          NaN          NaN          NaN          NaN
102          0.008288     0.006633     0.017911     0.010983     0.015610     0.008128     0.013280     0.006417     0.008542     0.010017     0.010687     0.005489     0.008170     0.008506     0.011087     0.005640     0.012506
103          0.008288     0.006633     0.017911     0.010983     0.015610     0.008128     0.013280     0.006417     0.008542     0.010017     0.010687     0.005489     0.008170     0.008506     0.011087     0.005640     0.012506
104          0.008288     0.006633     0.017911     0.010983     0.015610     0.008128     0.013280     0.006417     0.008542     0.010017     0.010687     0.005489     0.008170     0.008506     0.011087     0.005640     0.012506
105          0.008288     0.006633     0.017911     0.010983     0.015610     0.008128     0.013280     0.006417     0.008542     0.010017     0.010687     0.005489     0.008170     0.008506     0.011087     0.005640     0.012506
106          0.008288     0.006633     0.017911     0.010983     0.015610     0.008128     0.013280     0.006417     0.008542     0.010017     0.010687     0.005489     0.008170     0.008506     0.011087     0.005640     0.012506
107          0.008288     0.006633     0.017911     0.010983     0.015610     0.008128     0.013280     0.006417     0.008542     0.010017     0.010687     0.005489     0.008170     0.008506     0.011087     0.005640     0.012506
108          0.007770     0.006618     0.013881     0.009883     0.009451     0.008573     0.016814     0.007553     0.010206     0.015370     0.012719     0.007443     0.008986     0.012879     0.011293     0.007201     0.018716
109          0.012336     0.010711     0.022617     0.016109     0.015723     0.011118     0.026389     0.011501     0.015901     0.021428     0.017402     0.011998     0.010108     0.017080     0.017826     0.012299     0.024390
110               NaN          NaN          NaN          NaN          NaN          NaN          NaN          NaN          NaN          NaN          NaN          NaN          NaN          NaN          NaN          NaN          NaN
111          0.006337     0.004222     0.018415     0.014431     0.018269     0.008155     0.015090     0.004137     0.016395     0.019554     0.010755     0.005278     0.009959     0.009024     0.010940     0.010199     0.017955
112          0.006337     0.004222     0.018415     0.014431     0.018269     0.008155     0.015090     0.004137     0.016395     0.019554     0.010755     0.005278     0.009959     0.009024     0.010940     0.010199     0.017955
113          0.006337     0.004222     0.018415     0.014431     0.018269     0.008155     0.015090     0.004137     0.016395     0.019554     0.010755     0.005278     0.009959     0.009024     0.010940     0.010199     0.017955
114          0.006337     0.004222     0.018415     0.014431     0.018269     0.008155     0.015090     0.004137     0.016395     0.019554     0.010755     0.005278     0.009959     0.009024     0.010940     0.010199     0.017955
115          0.006337     0.004222     0.018415     0.014431     0.018269     0.008155     0.015090     0.004137     0.016395     0.019554     0.010755     0.005278     0.009959     0.009024     0.010940     0.010199     0.017955
116          0.008155     0.004186     0.008726     0.007936     0.009678     0.005045     0.005660     0.005808     0.012500     0.009207     0.005360     0.005376     0.011562     0.006531     0.009111     0.009185     0.009963
117          0.008155     0.004186     0.008726     0.007936     0.009678     0.005045     0.005660     0.005808     0.012500     0.009207     0.005360     0.005376     0.011562     0.006531     0.009111     0.009185     0.009963
118          0.008155     0.004186     0.008726     0.007936     0.009678     0.005045     0.005660     0.005808     0.012500     0.009207     0.005360     0.005376     0.011562     0.006531     0.009111     0.009185     0.009963
119          0.008155     0.004186     0.008726     0.007936     0.009678     0.005045     0.005660     0.005808     0.012500     0.009207     0.005360     0.005376     0.011562     0.006531     0.009111     0.009185     0.009963
120          0.010847     0.005482     0.009845     0.009460     0.011400     0.006199     0.005461     0.007751     0.015935     0.010357     0.006176     0.007056     0.015300     0.008264     0.011743     0.011934     0.011907
121          0.010847     0.005482     0.009845     0.009460     0.011400     0.006199     0.005461     0.007751     0.015935     0.010357     0.006176     0.007056     0.015300     0.008264     0.011743     0.011934     0.011907
122          0.020874     0.010471     0.010777     0.015301     0.018229     0.009133     0.010121     0.015446     0.025916     0.017707     0.008782     0.009627     0.026399     0.008310     0.022078     0.017360     0.020144
123          0.010186     0.007993     0.014639     0.011370     0.012316     0.010177     0.009005     0.010518     0.009323     0.014125     0.013590     0.009000     0.012842     0.017267     0.013101     0.010593     0.019605
124          0.006479     0.004946     0.009138     0.006498     0.008398     0.006863     0.006956     0.006458     0.006420     0.009810     0.008983     0.005758     0.008110     0.009432     0.008049     0.005799     0.011587
125          0.006479     0.004946     0.009138     0.006498     0.008398     0.006863     0.006956     0.006458     0.006420     0.009810     0.008983     0.005758     0.008110     0.009432     0.008049     0.005799     0.011587
126          0.006479     0.004946     0.009138     0.006498     0.008398     0.006863     0.006956     0.006458     0.006420     0.009810     0.008983     0.005758     0.008110     0.009432     0.008049     0.005799     0.011587
127          0.006479     0.004946     0.009138     0.006498     0.008398     0.006863     0.006956     0.006458     0.006420     0.009810     0.008983     0.005758     0.008110     0.009432     0.008049     0.005799     0.011587
128          0.006479     0.004946     0.009138     0.006498     0.008398     0.006863     0.006956     0.006458     0.006420     0.009810     0.008983     0.005758     0.008110     0.009432     0.008049     0.005799     0.011587
129          0.006479     0.004946     0.009138     0.006498     0.008398     0.006863     0.006956     0.006458     0.006420     0.009810     0.008983     0.005758     0.008110     0.009432     0.008049     0.005799     0.011587
130          0.006899     0.004991     0.010455     0.006502     0.009632     0.008024     0.007973     0.006768     0.007398     0.012367     0.009863     0.006188     0.008482     0.008990     0.008100     0.006278     0.010825
131          0.005914     0.004568     0.007721     0.005229     0.008031     0.006151     0.007606     0.009114     0.009460     0.013801     0.012498     0.006832     0.008315     0.009674     0.013221     0.005558     0.014479
132          0.005914     0.004568     0.007721     0.005229     0.008031     0.006151     0.007606     0.009114     0.009460     0.013801     0.012498     0.006832     0.008315     0.009674     0.013221     0.005558     0.014479
133          0.005914     0.004568     0.007721     0.005229     0.008031     0.006151     0.007606     0.009114     0.009460     0.013801     0.012498     0.006832     0.008315     0.009674     0.013221     0.005558     0.014479
134          0.005914     0.004568     0.007721     0.005229     0.008031     0.006151     0.007606     0.009114     0.009460     0.013801     0.012498     0.006832     0.008315     0.009674     0.013221     0.005558     0.014479
135          0.006560     0.005185     0.008159     0.005369     0.010234     0.007751     0.006151     0.010947     0.011500     0.014913     0.015019     0.008875     0.010757     0.012872     0.017290     0.006962     0.017798
136          0.006267     0.005174     0.007575     0.005335     0.009645     0.007711     0.007048     0.009914     0.010130     0.013017     0.013241     0.007901     0.009770     0.011436     0.014924     0.006401     0.015959
137          0.018517     0.017250     0.020099     0.017612     0.027171     0.025526     0.029454     0.023246     0.019419     0.022747     0.025569     0.016543     0.023278     0.023578     0.022530     0.016237     0.035147
138          0.010179     0.008974     0.010200     0.010310     0.010889     0.015105     0.014326     0.011441     0.012520     0.014525     0.015642     0.009323     0.011833     0.016523     0.009872     0.008532     0.018581
139          0.010179     0.008974     0.010200     0.010310     0.010889     0.015105     0.014326     0.011441     0.012520     0.014525     0.015642     0.009323     0.011833     0.016523     0.009872     0.008532     0.018581
140          0.010179     0.008974     0.010200     0.010310     0.010889     0.015105     0.014326     0.011441     0.012520     0.014525     0.015642     0.009323     0.011833     0.016523     0.009872     0.008532     0.018581
141          0.007018     0.005932     0.009053     0.009000     0.008739     0.009778     0.010770     0.008327     0.008806     0.009810     0.014354     0.006195     0.007990     0.011200     0.007006     0.006179     0.015761
142          0.007018     0.005932     0.009053     0.009000     0.008739     0.009778     0.010770     0.008327     0.008806     0.009810     0.014354     0.006195     0.007990     0.011200     0.007006     0.006179     0.015761
143          0.007018     0.005932     0.009053     0.009000     0.008739     0.009778     0.010770     0.008327     0.008806     0.009810     0.014354     0.006195     0.007990     0.011200     0.007006     0.006179     0.015761
144          0.007018     0.005932     0.009053     0.009000     0.008739     0.009778     0.010770     0.008327     0.008806     0.009810     0.014354     0.006195     0.007990     0.011200     0.007006     0.006179     0.015761
145          0.007018     0.005932     0.009053     0.009000     0.008739     0.009778     0.010770     0.008327     0.008806     0.009810     0.014354     0.006195     0.007990     0.011200     0.007006     0.006179     0.015761
146          0.007018     0.005932     0.009053     0.009000     0.008739     0.009778     0.010770     0.008327     0.008806     0.009810     0.014354     0.006195     0.007990     0.011200     0.007006     0.006179     0.015761
147          0.007018     0.005932     0.009053     0.009000     0.008739     0.009778     0.010770     0.008327     0.008806     0.009810     0.014354     0.006195     0.007990     0.011200     0.007006     0.006179     0.015761
148          0.007018     0.005932     0.009053     0.009000     0.008739     0.009778     0.010770     0.008327     0.008806     0.009810     0.014354     0.006195     0.007990     0.011200     0.007006     0.006179     0.015761
149          0.005164     0.003851     0.009663     0.009384     0.008878     0.005537     0.010392     0.007657     0.006356     0.007590     0.015428     0.003926     0.006688     0.008287     0.006182     0.004904     0.017101
150               NaN          NaN          NaN          NaN          NaN          NaN          NaN          NaN          NaN          NaN          NaN          NaN          NaN          NaN          NaN          NaN          NaN
151          0.011913     0.008930     0.011302     0.010625     0.012245     0.010951     0.013754     0.010552     0.013549     0.012076     0.013778     0.010177     0.010236     0.010056     0.010691     0.008037     0.016438
152          0.011913     0.008930     0.011302     0.010625     0.012245     0.010951     0.013754     0.010552     0.013549     0.012076     0.013778     0.010177     0.010236     0.010056     0.010691     0.008037     0.016438
153          0.011913     0.008930     0.011302     0.010625     0.012245     0.010951     0.013754     0.010552     0.013549     0.012076     0.013778     0.010177     0.010236     0.010056     0.010691     0.008037     0.016438
154          0.017317     0.013079     0.014948     0.013108     0.017113     0.016117     0.018610     0.014920     0.019791     0.017196     0.014678     0.014926     0.014487     0.013703     0.015521     0.011599     0.019859
155          0.017317     0.013079     0.014948     0.013108     0.017113     0.016117     0.018610     0.014920     0.019791     0.017196     0.014678     0.014926     0.014487     0.013703     0.015521     0.011599     0.019859
156          0.017317     0.013079     0.014948     0.013108     0.017113     0.016117     0.018610     0.014920     0.019791     0.017196     0.014678     0.014926     0.014487     0.013703     0.015521     0.011599     0.019859
157          0.017317     0.013079     0.014948     0.013108     0.017113     0.016117     0.018610     0.014920     0.019791     0.017196     0.014678     0.014926     0.014487     0.013703     0.015521     0.011599     0.019859
158               NaN          NaN          NaN          NaN          NaN          NaN          NaN          NaN          NaN          NaN          NaN          NaN          NaN          NaN          NaN          NaN          NaN
159          0.009614     0.007572     0.022069     0.010400     0.019661     0.021399     0.007609     0.009767     0.008338     0.013605     0.014830     0.008888     0.029230     0.017799     0.010459     0.007662     0.027887
160          0.009614     0.007572     0.022069     0.010400     0.019661     0.021399     0.007609     0.009767     0.008338     0.013605     0.014830     0.008888     0.029230     0.017799     0.010459     0.007662     0.027887
161          0.009614     0.007572     0.022069     0.010400     0.019661     0.021399     0.007609     0.009767     0.008338     0.013605     0.014830     0.008888     0.029230     0.017799     0.010459     0.007662     0.027887
162          0.009614     0.007572     0.022069     0.010400     0.019661     0.021399     0.007609     0.009767     0.008338     0.013605     0.014830     0.008888     0.029230     0.017799     0.010459     0.007662     0.027887
163          0.009614     0.007572     0.022069     0.010400     0.019661     0.021399     0.007609     0.009767     0.008338     0.013605     0.014830     0.008888     0.029230     0.017799     0.010459     0.007662     0.027887
164          0.009614     0.007572     0.022069     0.010400     0.019661     0.021399     0.007609     0.009767     0.008338     0.013605     0.014830     0.008888     0.029230     0.017799     0.010459     0.007662     0.027887