exposure  0.06000      4.98000      9.96000      19.98000     30.00000     39.96000     60.00000     150.00000    300.00000    600.00000    900.00006    1200.00000   1800.00012   2700.00024   3600.00024   9000.00000   86400.00732
r_number                                                                                                                                                                                                                             
-22          0.976865     0.772816     0.742819     0.717902     0.703043     0.689370     0.666012     0.639701     0.623066     0.620162     0.602064     0.597633     0.581297     0.567775     0.561885     0.553526     0.486022
-21          0.976865     0.772816     0.742819     0.717902     0.703043     0.689370     0.666012     0.639701     0.623066     0.620162     0.602064     0.597633     0.581297     0.567775     0.561885     0.553526     0.486022
-20          0.976865     0.772816     0.742819     0.717902     0.703043     0.689370     0.666012     0.639701     0.623066     0.620162     0.602064     0.597633     0.581297     0.567775     0.561885     0.553526     0.486022
-19          0.976865     0.772816     0.742819     0.717902     0.703043     0.689370     0.666012     0.639701     0.623066     0.620162     0.602064     0.597633     0.581297     0.567775     0.561885     0.553526     0.486022
-18          0.976865     0.772816     0.742819     0.717902     0.703043     0.689370     0.666012     0.639701     0.623066     0.620162     0.602064     0.597633     0.581297     0.567775     0.561885     0.553526     0.486022
-17          0.976865     0.772816     0.742819     0.717902     0.703043     0.689370     0.666012     0.639701     0.623066     0.620162     0.602064     0.597633     0.581297     0.567775     0.561885     0.553526     0.486022
-16          0.951339     0.650897     0.630475     0.613898     0.596150     0.583096     0.566014     0.535620     0.523938     0.518011     0.500307     0.502770     0.487293     0.470418     0.464970     0.466514     0.420291
-15          0.951339     0.650897     0.630475     0.613898     0.596150     0.583096     0.566014     0.535620     0.523938     0.518011     0.500307     0.502770     0.487293     0.470418     0.464970     0.466514     0.420291
-14          0.942855     0.587789     0.569701     0.558008     0.539599     0.526378     0.512772     0.479705     0.471208     0.465140     0.448604     0.452225     0.437875     0.420048     0.417981     0.422922     0.382429
-13          0.915179     0.478179     0.471322     0.466559     0.444719     0.432541     0.424351     0.388172     0.383506     0.373297     0.356151     0.368382     0.354120     0.332495     0.327675     0.343246     0.327173
-12          0.915179     0.478179     0.471322     0.466559     0.444719     0.432541     0.424351     0.388172     0.383506     0.373297     0.356151     0.368382     0.354120     0.332495     0.327675     0.343246     0.327173
-11          0.915179     0.478179     0.471322     0.466559     0.444719     0.432541     0.424351     0.388172     0.383506     0.373297     0.356151     0.368382     0.354120     0.332495     0.327675     0.343246     0.327173
-10          0.967333     0.854396     0.830381     0.823133     0.809040     0.801321     0.784635     0.774930     0.751550     0.752299     0.733790     0.737381     0.712136     0.709179     0.703297     0.713476     0.692024
-9           0.975522     0.891923     0.875489     0.863916     0.850895     0.845379     0.828805     0.819082     0.804676     0.805741     0.791742     0.794041     0.775150     0.765828     0.762565     0.767972     0.739493
-8           0.975522     0.891923     0.875489     0.863916     0.850895     0.845379     0.828805     0.819082     0.804676     0.805741     0.791742     0.794041     0.775150     0.765828     0.762565     0.767972     0.739493
-7           0.977484     0.900342     0.885340     0.877376     0.865240     0.859035     0.845769     0.838191     0.823597     0.823497     0.810500     0.811597     0.795091     0.785721     0.783659     0.785537     0.766250
-6           0.977484     0.900342     0.885340     0.877376     0.865240     0.859035     0.845769     0.838191     0.823597     0.823497     0.810500     0.811597     0.795091     0.785721     0.783659     0.785537     0.766250
-5           0.977484     0.900342     0.885340     0.877376     0.865240     0.859035     0.845769     0.838191     0.823597     0.823497     0.810500     0.811597     0.795091     0.785721     0.783659     0.785537     0.766250
-4                NaN          NaN          NaN          NaN          NaN          NaN          NaN          NaN          NaN          NaN          NaN          NaN          NaN          NaN          NaN          NaN          NaN
-3           0.977484     0.900342     0.885340     0.877376     0.865240     0.859035     0.845769     0.838191     0.823597     0.823497     0.810500     0.811597     0.795091     0.785721     0.783659     0.785537     0.766250
-2           0.977484     0.900342     0.885340     0.877376     0.865240     0.859035     0.845769     0.838191     0.823597     0.823497     0.810500     0.811597     0.795091     0.785721     0.783659     0.785537     0.766250
-1           0.977484     0.900342     0.885340     0.877376     0.865240     0.859035     0.845769     0.838191     0.823597     0.823497     0.810500     0.811597     0.795091     0.785721     0.783659     0.785537     0.766250
0            0.980563     0.926200     0.918520     0.917224     0.909712     0.898368     0.893935     0.888950     0.877613     0.873398     0.864493     0.860711     0.850970     0.839663     0.837550     0.828303     0.816353
1            0.971090     0.909426     0.885362     0.873755     0.855418     0.854496     0.840317     0.818754     0.805790     0.790254     0.782372     0.778014     0.763490     0.748352     0.741385     0.724072     0.651755
2            0.971090     0.909426     0.885362     0.873755     0.855418     0.854496     0.840317     0.818754     0.805790     0.790254     0.782372     0.778014     0.763490     0.748352     0.741385     0.724072     0.651755
3            0.971090     0.909426     0.885362     0.873755     0.855418     0.854496     0.840317     0.818754     0.805790     0.790254     0.782372     0.778014     0.763490     0.748352     0.741385     0.724072     0.651755
4            0.971090     0.909426     0.885362     0.873755     0.855418     0.854496     0.840317     0.818754     0.805790     0.790254     0.782372     0.778014     0.763490     0.748352     0.741385     0.724072     0.651755
5                 NaN          NaN          NaN          NaN          NaN          NaN          NaN          NaN          NaN          NaN          NaN          NaN          NaN          NaN          NaN          NaN          NaN
6            0.971090     0.909426     0.885362     0.873755     0.855418     0.854496     0.840317     0.818754     0.805790     0.790254     0.782372     0.778014     0.763490     0.748352     0.741385     0.724072     0.651755
7            0.971090     0.909426     0.885362     0.873755     0.855418     0.854496     0.840317     0.818754     0.805790     0.790254     0.782372     0.778014     0.763490     0.748352     0.741385     0.724072     0.651755
8            0.971090     0.909426     0.885362     0.873755     0.855418     0.854496     0.840317     0.818754     0.805790     0.790254     0.782372     0.778014     0.763490     0.748352     0.741385     0.724072     0.651755
9            0.962791     0.865990     0.844136     0.826214     0.812879     0.801422     0.783518     0.756735     0.736239     0.714578     0.702758     0.691489     0.672204     0.649673     0.643487     0.606057     0.492361
10           0.968233     0.888159     0.867044     0.847308     0.834183     0.823889     0.807550     0.772778     0.753515     0.734055     0.717283     0.711365     0.692279     0.670011     0.663687     0.622468     0.496167
11           0.967096     0.894022     0.875969     0.855266     0.841098     0.831465     0.816085     0.785235     0.764810     0.746151     0.732576     0.729479     0.709046     0.687094     0.674611     0.632082     0.518558
12           0.967096     0.894022     0.875969     0.855266     0.841098     0.831465     0.816085     0.785235     0.764810     0.746151     0.732576     0.729479     0.709046     0.687094     0.674611     0.632082     0.518558
13           0.967096     0.894022     0.875969     0.855266     0.841098     0.831465     0.816085     0.785235     0.764810     0.746151     0.732576     0.729479     0.709046     0.687094     0.674611     0.632082     0.518558
14           0.967096     0.894022     0.875969     0.855266     0.841098     0.831465     0.816085     0.785235     0.764810     0.746151     0.732576     0.729479     0.709046     0.687094     0.674611     0.632082     0.518558
15           0.967096     0.894022     0.875969     0.855266     0.841098     0.831465     0.816085     0.785235     0.764810     0.746151     0.732576     0.729479     0.709046     0.687094     0.674611     0.632082     0.518558
16           0.968377     0.903167     0.885436     0.863986     0.849372     0.840554     0.825173     0.792438     0.772118     0.754595     0.739054     0.736690     0.717458     0.695003     0.680761     0.636006     0.520928
17           0.968377     0.903167     0.885436     0.863986     0.849372     0.840554     0.825173     0.792438     0.772118     0.754595     0.739054     0.736690     0.717458     0.695003     0.680761     0.636006     0.520928
18           0.964683     0.882742     0.858055     0.839366     0.824566     0.815415     0.794444     0.762130     0.742130     0.723134     0.702526     0.685406     0.674187     0.648151     0.639845     0.596245     0.473711
19           0.959697     0.920112     0.902762     0.877234     0.863114     0.857243     0.835255     0.802815     0.779667     0.757371     0.749591     0.741241     0.720131     0.699903     0.684974     0.633196     0.464364
20           0.969559     0.930626     0.911296     0.890025     0.875008     0.867395     0.847034     0.816903     0.791507     0.771081     0.762083     0.754214     0.735027     0.715672     0.698969     0.647034     0.470685
21           0.970158     0.928344     0.908961     0.886947     0.872398     0.862858     0.841318     0.810860     0.785343     0.764588     0.754501     0.746862     0.727874     0.707037     0.690068     0.635225     0.465304
22           0.974331     0.931705     0.911222     0.890836     0.877392     0.868452     0.849548     0.816744     0.791290     0.769673     0.757261     0.751245     0.731104     0.708811     0.695888     0.639783     0.465540
23           0.974331     0.931705     0.911222     0.890836     0.877392     0.868452     0.849548     0.816744     0.791290     0.769673     0.757261     0.751245     0.731104     0.708811     0.695888     0.639783     0.465540
24           0.974331     0.931705     0.911222     0.890836     0.877392     0.868452     0.849548     0.816744     0.791290     0.769673     0.757261     0.751245     0.731104     0.708811     0.695888     0.639783     0.465540
25           0.974331     0.931705     0.911222     0.890836     0.877392     0.868452     0.849548     0.816744     0.791290     0.769673     0.757261     0.751245     0.731104     0.708811     0.695888     0.639783     0.465540
26                NaN          NaN          NaN          NaN          NaN          NaN          NaN          NaN          NaN          NaN          NaN          NaN          NaN          NaN          NaN          NaN          NaN
27           0.974331     0.931705     0.911222     0.890836     0.877392     0.868452     0.849548     0.816744     0.791290     0.769673     0.757261     0.751245     0.731104     0.708811     0.695888     0.639783     0.465540
28           0.974331     0.931705     0.911222     0.890836     0.877392     0.868452     0.849548     0.816744     0.791290     0.769673     0.757261     0.751245     0.731104     0.708811     0.695888     0.639783     0.465540
29           0.974331     0.931705     0.911222     0.890836     0.877392     0.868452     0.849548     0.816744     0.791290     0.769673     0.757261     0.751245     0.731104     0.708811     0.695888     0.639783     0.465540
30           0.974331     0.931705     0.911222     0.890836     0.877392     0.868452     0.849548     0.816744     0.791290     0.769673     0.757261     0.751245     0.731104     0.708811     0.695888     0.639783     0.465540
31           0.974331     0.931705     0.911222     0.890836     0.877392     0.868452     0.849548     0.816744     0.791290     0.769673     0.757261     0.751245     0.731104     0.708811     0.695888     0.639783     0.465540
32           0.973649     0.926986     0.906211     0.886956     0.874776     0.866396     0.846421     0.813396     0.786608     0.764708     0.750378     0.744948     0.724913     0.699821     0.688072     0.632086     0.464887
33           0.956751     0.896136     0.869088     0.847112     0.836542     0.831200     0.813443     0.774612     0.752123     0.725101     0.706046     0.695754     0.681757     0.656679     0.639231     0.589729     0.428405
34           0.959949     0.895922     0.873734     0.853287     0.841772     0.831939     0.813078     0.776072     0.747655     0.720236     0.704147     0.695257     0.673426     0.646130     0.628390     0.581107     0.417602
35           0.961245     0.893405     0.871421     0.851201     0.840201     0.828998     0.809998     0.773120     0.743474     0.715572     0.698495     0.689258     0.667220     0.640063     0.622321     0.574934     0.409214
36           0.956833     0.886779     0.865132     0.844776     0.833660     0.820976     0.800972     0.763448     0.733767     0.704231     0.686954     0.677387     0.655523     0.628031     0.608752     0.562811     0.398312
37           0.956833     0.886779     0.865132     0.844776     0.833660     0.820976     0.800972     0.763448     0.733767     0.704231     0.686954     0.677387     0.655523     0.628031     0.608752     0.562811     0.398312
38           0.956833     0.886779     0.865132     0.844776     0.833660     0.820976     0.800972     0.763448     0.733767     0.704231     0.686954     0.677387     0.655523     0.628031     0.608752     0.562811     0.398312
39           0.956833     0.886779     0.865132     0.844776     0.833660     0.820976     0.800972     0.763448     0.733767     0.704231     0.686954     0.677387     0.655523     0.628031     0.608752     0.562811     0.398312
40           0.956833     0.886779     0.865132     0.844776     0.833660     0.820976     0.800972     0.763448     0.733767     0.704231     0.686954     0.677387     0.655523     0.628031     0.608752     0.562811     0.398312
41           0.960734     0.906802     0.884192     0.867417     0.850549     0.835594     0.809182     0.771152     0.749374     0.720839     0.699883     0.693325     0.661309     0.638134     0.619677     0.563280     0.388962
42           0.962325     0.847613     0.819261     0.800653     0.778988     0.771464     0.743378     0.706473     0.688711     0.667011     0.647204     0.649305     0.619555     0.598790     0.578516     0.549285     0.408436
43           0.962325     0.847613     0.819261     0.800653     0.778988     0.771464     0.743378     0.706473     0.688711     0.667011     0.647204     0.649305     0.619555     0.598790     0.578516     0.549285     0.408436
44           0.962325     0.847613     0.819261     0.800653     0.778988     0.771464     0.743378     0.706473     0.688711     0.667011     0.647204     0.649305     0.619555     0.598790     0.578516     0.549285     0.408436
45           0.962325     0.847613     0.819261     0.800653     0.778988     0.771464     0.743378     0.706473     0.688711     0.667011     0.647204     0.649305     0.619555     0.598790     0.578516     0.549285     0.408436
46           0.962325     0.847613     0.819261     0.800653     0.778988     0.771464     0.743378     0.706473     0.688711     0.667011     0.647204     0.649305     0.619555     0.598790     0.578516     0.549285     0.408436
47           0.963028     0.821483     0.790596     0.771179     0.747396     0.743152     0.714327     0.677919     0.661930     0.643247     0.623947     0.629871     0.601122     0.581421     0.560345     0.543107     0.417033
48           0.967498     0.787850     0.747547     0.727534     0.700826     0.697874     0.673787     0.635642     0.621258     0.608711     0.586581     0.600029     0.570295     0.556271     0.537068     0.521381     0.422155
49           0.967498     0.787850     0.747547     0.727534     0.700826     0.697874     0.673787     0.635642     0.621258     0.608711     0.586581     0.600029     0.570295     0.556271     0.537068     0.521381     0.422155
50           0.967498     0.787850     0.747547     0.727534     0.700826     0.697874     0.673787     0.635642     0.621258     0.608711     0.586581     0.600029     0.570295     0.556271     0.537068     0.521381     0.422155
51                NaN          NaN          NaN          NaN          NaN          NaN          NaN          NaN          NaN          NaN          NaN          NaN          NaN          NaN          NaN          NaN          NaN
52           0.967498     0.787850     0.747547     0.727534     0.700826     0.697874     0.673787     0.635642     0.621258     0.608711     0.586581     0.600029     0.570295     0.556271     0.537068     0.521381     0.422155
53           0.967498     0.787850     0.747547     0.727534     0.700826     0.697874     0.673787     0.635642     0.621258     0.608711     0.586581     0.600029     0.570295     0.556271     0.537068     0.521381     0.422155
54           0.965900     0.792718     0.754071     0.733276     0.706696     0.704621     0.680540     0.637217     0.627488     0.614363     0.594737     0.605328     0.577503     0.562039     0.543221     0.525527     0.418104
55           0.978678     0.900750     0.879157     0.860625     0.840831     0.842795     0.818415     0.787525     0.773231     0.756240     0.747924     0.749920     0.723013     0.693479     0.681183     0.652105     0.538412
56           0.978678     0.900750     0.879157     0.860625     0.840831     0.842795     0.818415     0.787525     0.773231     0.756240     0.747924     0.749920     0.723013     0.693479     0.681183     0.652105     0.538412
57           0.978678     0.900750     0.879157     0.860625     0.840831     0.842795     0.818415     0.787525     0.773231     0.756240     0.747924     0.749920     0.723013     0.693479     0.681183     0.652105     0.538412
58           0.978678     0.900750     0.879157     0.860625     0.840831     0.842795     0.818415     0.787525     0.773231     0.756240     0.747924     0.749920     0.723013     0.693479     0.681183     0.652105     0.538412
59           0.978678     0.900750     0.879157     0.860625     0.840831     0.842795     0.818415     0.787525     0.773231     0.756240     0.747924     0.749920     0.723013     0.693479     0.681183     0.652105     0.538412
60           0.978678     0.900750     0.879157     0.860625     0.840831     0.842795     0.818415     0.787525     0.773231     0.756240     0.747924     0.749920     0.723013     0.693479     0.681183     0.652105     0.538412
61           0.976978     0.877415     0.846250     0.834551     0.816948     0.819639     0.792092     0.768410     0.751658     0.743121     0.723827     0.732326     0.715727     0.692421     0.687992     0.657904     0.529982
62           0.980101     0.913768     0.886776     0.875681     0.860770     0.862819     0.838770     0.812188     0.801296     0.790402     0.780040     0.784321     0.766051     0.747217     0.741890     0.716363     0.573805
63           0.980101     0.913768     0.886776     0.875681     0.860770     0.862819     0.838770     0.812188     0.801296     0.790402     0.780040     0.784321     0.766051     0.747217     0.741890     0.716363     0.573805
64           0.984131     0.964019     0.941871     0.931967     0.918392     0.919253     0.899608     0.869193     0.866297     0.855411     0.852054     0.853657     0.832786     0.817481     0.810911     0.791869     0.632694
65           0.978337     0.966890     0.947886     0.938055     0.923814     0.921631     0.899930     0.870915     0.864974     0.852257     0.848586     0.850704     0.831270     0.812964     0.808322     0.785197     0.623712
66           0.978337     0.966890     0.947886     0.938055     0.923814     0.921631     0.899930     0.870915     0.864974     0.852257     0.848586     0.850704     0.831270     0.812964     0.808322     0.785197     0.623712
67           0.978337     0.966890     0.947886     0.938055     0.923814     0.921631     0.899930     0.870915     0.864974     0.852257     0.848586     0.850704     0.831270     0.812964     0.808322     0.785197     0.623712
68           0.978337     0.966890     0.947886     0.938055     0.923814     0.921631     0.899930     0.870915     0.864974     0.852257     0.848586     0.850704     0.831270     0.812964     0.808322     0.785197     0.623712
69                NaN          NaN          NaN          NaN          NaN          NaN          NaN          NaN          NaN          NaN          NaN          NaN          NaN          NaN          NaN          NaN          NaN
70           0.978337     0.966890     0.947886     0.938055     0.923814     0.921631     0.899930     0.870915     0.864974     0.852257     0.848586     0.850704     0.831270     0.812964     0.808322     0.785197     0.623712
71                NaN          NaN          NaN          NaN          NaN          NaN          NaN          NaN          NaN          NaN          NaN          NaN          NaN          NaN          NaN          NaN          NaN
72                NaN          NaN          NaN          NaN          NaN          NaN          NaN          NaN          NaN          NaN          NaN          NaN          NaN          NaN          NaN          NaN          NaN
73           0.978337     0.966890     0.947886     0.938055     0.923814     0.921631     0.899930     0.870915     0.864974     0.852257     0.848586     0.850704     0.831270     0.812964     0.808322     0.785197     0.623712
74           0.978337     0.966890     0.947886     0.938055     0.923814     0.921631     0.899930     0.870915     0.864974     0.852257     0.848586     0.850704     0.831270     0.812964     0.808322     0.785197     0.623712
75           0.978337     0.966890     0.947886     0.938055     0.923814     0.921631     0.899930     0.870915     0.864974     0.852257     0.848586     0.850704     0.831270     0.812964     0.808322     0.785197     0.623712
76           0.978337     0.966890     0.947886     0.938055     0.923814     0.921631     0.899930     0.870915     0.864974     0.852257     0.848586     0.850704     0.831270     0.812964     0.808322     0.785197     0.623712
77           0.978337     0.966890     0.947886     0.938055     0.923814     0.921631     0.899930     0.870915     0.864974     0.852257     0.848586     0.850704     0.831270     0.812964     0.808322     0.785197     0.623712
78           0.978337     0.966890     0.947886     0.938055     0.923814     0.921631     0.899930     0.870915     0.864974     0.852257     0.848586     0.850704     0.831270     0.812964     0.808322     0.785197     0.623712
79           0.978337     0.966890     0.947886     0.938055     0.923814     0.921631     0.899930     0.870915     0.864974     0.852257     0.848586     0.850704     0.831270     0.812964     0.808322     0.785197     0.623712
80           0.978337     0.966890     0.947886     0.938055     0.923814     0.921631     0.899930     0.870915     0.864974     0.852257     0.848586     0.850704     0.831270     0.812964     0.808322     0.785197     0.623712
81           0.978337     0.966890     0.947886     0.938055     0.923814     0.921631     0.899930     0.870915     0.864974     0.852257     0.848586     0.850704     0.831270     0.812964     0.808322     0.785197     0.623712
82           0.978337     0.966890     0.947886     0.938055     0.923814     0.921631     0.899930     0.870915     0.864974     0.852257     0.848586     0.850704     0.831270     0.812964     0.808322     0.785197     0.623712
83           0.978337     0.966890     0.947886     0.938055     0.923814     0.921631     0.899930     0.870915     0.864974     0.852257     0.848586     0.850704     0.831270     0.812964     0.808322     0.785197     0.623712
84           0.978337     0.966890     0.947886     0.938055     0.923814     0.921631     0.899930     0.870915     0.864974     0.852257     0.848586     0.850704     0.831270     0.812964     0.808322     0.785197     0.623712
85           0.978337     0.966890     0.947886     0.938055     0.923814     0.921631     0.899930     0.870915     0.864974     0.852257     0.848586     0.850704     0.831270     0.812964     0.808322     0.785197     0.623712
86           0.978337     0.966890     0.947886     0.938055     0.923814     0.921631     0.899930     0.870915     0.864974     0.852257     0.848586     0.850704     0.831270     0.812964     0.808322     0.785197     0.623712
87           0.978337     0.966890     0.947886     0.938055     0.923814     0.921631     0.899930     0.870915     0.864974     0.852257     0.848586     0.850704     0.831270     0.812964     0.808322     0.785197     0.623712
88           0.978337     0.966890     0.947886     0.938055     0.923814     0.921631     0.899930     0.870915     0.864974     0.852257     0.848586     0.850704     0.831270     0.812964     0.808322     0.785197     0.623712
89           0.978337     0.966890     0.947886     0.938055     0.923814     0.921631     0.899930     0.870915     0.864974     0.852257     0.848586     0.850704     0.831270     0.812964     0.808322     0.785197     0.623712
90           0.976643     0.972155     0.953603     0.940632     0.927801     0.924216     0.905216     0.878117     0.869277     0.860229     0.853564     0.856597     0.835716     0.817557     0.809585     0.783575     0.627056
91           0.975857     0.955475     0.939942     0.929595     0.918399     0.912283     0.896274     0.883404     0.868279     0.867895     0.859387     0.867474     0.849669     0.834956     0.828007     0.829848     0.729005
92           0.981842     0.963540     0.949173     0.934339     0.921282     0.917627     0.901224     0.885048     0.880820     0.872660     0.866042     0.872881     0.853520     0.841149     0.834706     0.834158     0.738308
93           0.981842     0.963540     0.949173     0.934339     0.921282     0.917627     0.901224     0.885048     0.880820     0.872660     0.866042     0.872881     0.853520     0.841149     0.834706     0.834158     0.738308
94           0.981842     0.963540     0.949173     0.934339     0.921282     0.917627     0.901224     0.885048     0.880820     0.872660     0.866042     0.872881     0.853520     0.841149     0.834706     0.834158     0.738308
95           0.981842     0.963540     0.949173     0.934339     0.921282     0.917627     0.901224     0.885048     0.880820     0.872660     0.866042     0.872881     0.853520     0.841149     0.834706     0.834158     0.738308
96           0.981842     0.963540     0.949173     0.934339     0.921282     0.917627     0.901224     0.885048     0.880820     0.872660     0.866042     0.872881     0.853520     0.841149     0.834706     0.834158     0.738308
97           0.981842     0.963540     0.949173     0.934339     0.921282     0.917627     0.901224     0.885048     0.880820     0.872660     0.866042     0.872881     0.853520     0.841149     0.834706     0.834158     0.738308
98           0.981842     0.963540     0.949173     0.934339     0.921282     0.917627     0.901224     0.885048     0.880820     0.872660     0.866042     0.872881     0.853520     0.841149     0.834706     0.834158     0.738308
99           0.981842     0.963540     0.949173     0.934339     0.921282     0.917627     0.901224     0.885048     0.880820     0.872660     0.866042     0.872881     0.853520     0.841149     0.834706     0.834158     0.738308
100          0.981842     0.963540     0.949173     0.934339     0.921282     0.917627     0.901224     0.885048     0.880820     0.872660     0.866042     0.872881     0.853520     0.841149     0.834706     0.834158     0.738308
101          0.981842     0.963540     0.949173     0.934339     0.921282     0.917627     0.901224     0.885048     0.880820     0.872660     0.866042     0.872881     0.853520     0.841149     0.834706     0.834158     0.738308
102          0.981842     0.963540     0.949173     0.934339     0.921282     0.917627     0.901224     0.885048     0.880820     0.872660     0.866042     0.872881     0.853520     0.841149     0.834706     0.834158     0.738308
103          0.981842     0.963540     0.949173     0.934339     0.921282     0.917627     0.901224     0.885048     0.880820     0.872660     0.866042     0.872881     0.853520     0.841149     0.834706     0.834158     0.738308
104               NaN          NaN          NaN          NaN          NaN          NaN          NaN          NaN          NaN          NaN          NaN          NaN          NaN          NaN          NaN          NaN          NaN
105          0.976588     0.917008     0.899627     0.883929     0.869454     0.864442     0.843130     0.810964     0.801398     0.787573     0.774175     0.777126     0.752368     0.734224     0.726707     0.709121     0.623818
106          0.976770     0.919635     0.901531     0.884793     0.870419     0.866582     0.848440     0.815524     0.805472     0.794157     0.780294     0.783458     0.758272     0.740471     0.734758     0.718754     0.634293
107          0.976770     0.919635     0.901531     0.884793     0.870419     0.866582     0.848440     0.815524     0.805472     0.794157     0.780294     0.783458     0.758272     0.740471     0.734758     0.718754     0.634293
108          0.975973     0.926639     0.908504     0.893685     0.879461     0.876250     0.858704     0.827540     0.819477     0.809975     0.797214     0.802010     0.774860     0.759431     0.753349     0.740571     0.667962
109          0.975973     0.926639     0.908504     0.893685     0.879461     0.876250     0.858704     0.827540     0.819477     0.809975     0.797214     0.802010     0.774860     0.759431     0.753349     0.740571     0.667962
110          0.975973     0.926639     0.908504     0.893685     0.879461     0.876250     0.858704     0.827540     0.819477     0.809975     0.797214     0.802010     0.774860     0.759431     0.753349     0.740571     0.667962
111          0.975973     0.926639     0.908504     0.893685     0.879461     0.876250     0.858704     0.827540     0.819477     0.809975     0.797214     0.802010     0.774860     0.759431     0.753349     0.740571     0.667962
112          0.971881     0.935493     0.918069     0.904982     0.889369     0.889007     0.871110     0.843709     0.839946     0.830498     0.819103     0.832190     0.802165     0.787489     0.785483     0.780748     0.717065
113          0.972648     0.947576     0.925856     0.920209     0.902145     0.907514     0.892077     0.862639     0.866798     0.861371     0.852472     0.866781     0.834833     0.823516     0.821821     0.826414     0.788093
114          0.974179     0.942440     0.918753     0.914142     0.895214     0.901861     0.884541     0.856541     0.859299     0.857656     0.851588     0.861598     0.830617     0.820689     0.818224     0.825706     0.788684
115          0.974179     0.942440     0.918753     0.914142     0.895214     0.901861     0.884541     0.856541     0.859299     0.857656     0.851588     0.861598     0.830617     0.820689     0.818224     0.825706     0.788684
116          0.974179     0.942440     0.918753     0.914142     0.895214     0.901861     0.884541     0.856541     0.859299     0.857656     0.851588     0.861598     0.830617     0.820689     0.818224     0.825706     0.788684
117          0.974179     0.942440     0.918753     0.914142     0.895214     0.901861     0.884541     0.856541     0.859299     0.857656     0.851588     0.861598     0.830617     0.820689     0.818224     0.825706     0.788684
118          0.974179     0.942440     0.918753     0.914142     0.895214     0.901861     0.884541     0.856541     0.859299     0.857656     0.851588     0.861598     0.830617     0.820689     0.818224     0.825706     0.788684
119          0.974179     0.942440     0.918753     0.914142     0.895214     0.901861     0.884541     0.856541     0.859299     0.857656     0.851588     0.861598     0.830617     0.820689     0.818224     0.825706     0.788684
120          0.974179     0.942440     0.918753     0.914142     0.895214     0.901861     0.884541     0.856541     0.859299     0.857656     0.851588     0.861598     0.830617     0.820689     0.818224     0.825706     0.788684
121          0.974179     0.942440     0.918753     0.914142     0.895214     0.901861     0.884541     0.856541     0.859299     0.857656     0.851588     0.861598     0.830617     0.820689     0.818224     0.825706     0.788684
122          0.971147     0.873390     0.843690     0.822136     0.807259     0.801388     0.773626     0.736710     0.725712     0.716399     0.700702     0.706379     0.676282     0.674001     0.656553     0.660309     0.595210
123          0.972311     0.855460     0.822245     0.800792     0.781757     0.775226     0.746214     0.705273     0.692028     0.678102     0.663280     0.663398     0.636988     0.626367     0.612510     0.609599     0.542642
124          0.972311     0.855460     0.822245     0.800792     0.781757     0.775226     0.746214     0.705273     0.692028     0.678102     0.663280     0.663398     0.636988     0.626367     0.612510     0.609599     0.542642
125          0.972311     0.855460     0.822245     0.800792     0.781757     0.775226     0.746214     0.705273     0.692028     0.678102     0.663280     0.663398     0.636988     0.626367     0.612510     0.609599     0.542642
126          0.962069     0.824351     0.790191     0.766352     0.739789     0.732558     0.708644     0.662650     0.639388     0.616768     0.603119     0.599159     0.575205     0.557131     0.547108     0.524659     0.440154
127          0.973978     0.854058     0.825589     0.801559     0.778050     0.771225     0.746275     0.697882     0.678185     0.658865     0.650495     0.645943     0.621744     0.606571     0.594127     0.571191     0.488218
128          0.973978     0.854058     0.825589     0.801559     0.778050     0.771225     0.746275     0.697882     0.678185     0.658865     0.650495     0.645943     0.621744     0.606571     0.594127     0.571191     0.488218
129          0.973978     0.854058     0.825589     0.801559     0.778050     0.771225     0.746275     0.697882     0.678185     0.658865     0.650495     0.645943     0.621744     0.606571     0.594127     0.571191     0.488218
130          0.973978     0.854058     0.825589     0.801559     0.778050     0.771225     0.746275     0.697882     0.678185     0.658865     0.650495     0.645943     0.621744     0.606571     0.594127     0.571191     0.488218
131          0.973978     0.854058     0.825589     0.801559     0.778050     0.771225     0.746275     0.697882     0.678185     0.658865     0.650495     0.645943     0.621744     0.606571     0.594127     0.571191     0.488218
132          0.973978     0.854058     0.825589     0.801559     0.778050     0.771225     0.746275     0.697882     0.678185     0.658865     0.650495     0.645943     0.621744     0.606571     0.594127     0.571191     0.488218
133          0.973978     0.854058     0.825589     0.801559     0.778050     0.771225     0.746275     0.697882     0.678185     0.658865     0.650495     0.645943     0.621744     0.606571     0.594127     0.571191     0.488218
134          0.961201     0.833233     0.806046     0.780742     0.753410     0.746618     0.728282     0.684569     0.658010     0.634810     0.623967     0.618891     0.597833     0.579412     0.568827     0.532512     0.443995
135          0.969570     0.847016     0.820854     0.801982     0.780837     0.775587     0.755155     0.718233     0.697128     0.679629     0.669833     0.666247     0.644659     0.626363     0.618188     0.584575     0.496669
136          0.987500     0.877303     0.854095     0.843086     0.829757     0.825275     0.802522     0.774487     0.762203     0.749818     0.742413     0.739166     0.718214     0.698169     0.691377     0.660909     0.576650
137          0.987500     0.877303     0.854095     0.843086     0.829757     0.825275     0.802522     0.774487     0.762203     0.749818     0.742413     0.739166     0.718214     0.698169     0.691377     0.660909     0.576650
138          0.987500     0.877303     0.854095     0.843086     0.829757     0.825275     0.802522     0.774487     0.762203     0.749818     0.742413     0.739166     0.718214     0.698169     0.691377     0.660909     0.576650
139          0.985199     0.870797     0.847207     0.830443     0.819009     0.812246     0.791607     0.765662     0.752204     0.738705     0.733300     0.730893     0.708953     0.691693     0.687273     0.657537     0.582063
140          0.985199     0.870797     0.847207     0.830443     0.819009     0.812246     0.791607     0.765662     0.752204     0.738705     0.733300     0.730893     0.708953     0.691693     0.687273     0.657537     0.582063
141          0.985199     0.870797     0.847207     0.830443     0.819009     0.812246     0.791607     0.765662     0.752204     0.738705     0.733300     0.730893     0.708953     0.691693     0.687273     0.657537     0.582063
142               NaN          NaN          NaN          NaN          NaN          NaN          NaN          NaN          NaN          NaN          NaN          NaN          NaN          NaN          NaN          NaN          NaN
143          0.985199     0.870797     0.847207     0.830443     0.819009     0.812246     0.791607     0.765662     0.752204     0.738705     0.733300     0.730893     0.708953     0.691693     0.687273     0.657537     0.582063
144          0.985199     0.870797     0.847207     0.830443     0.819009     0.812246     0.791607     0.765662     0.752204     0.738705     0.733300     0.730893     0.708953     0.691693     0.687273     0.657537     0.582063
145          0.985199     0.870797     0.847207     0.830443     0.819009     0.812246     0.791607     0.765662     0.752204     0.738705     0.733300     0.730893     0.708953     0.691693     0.687273     0.657537     0.582063
146          0.985199     0.870797     0.847207     0.830443     0.819009     0.812246     0.791607     0.765662     0.752204     0.738705     0.733300     0.730893     0.708953     0.691693     0.687273     0.657537     0.582063
147          0.985199     0.870797     0.847207     0.830443     0.819009     0.812246     0.791607     0.765662     0.752204     0.738705     0.733300     0.730893     0.708953     0.691693     0.687273     0.657537     0.582063
148               NaN          NaN          NaN          NaN          NaN          NaN          NaN          NaN          NaN          NaN          NaN          NaN          NaN          NaN          NaN          NaN          NaN
149          0.985199     0.870797     0.847207     0.830443     0.819009     0.812246     0.791607     0.765662     0.752204     0.738705     0.733300     0.730893     0.708953     0.691693     0.687273     0.657537     0.582063
150          0.985199     0.870797     0.847207     0.830443     0.819009     0.812246     0.791607     0.765662     0.752204     0.738705     0.733300     0.730893     0.708953     0.691693     0.687273     0.657537     0.582063
151          0.985199     0.870797     0.847207     0.830443     0.819009     0.812246     0.791607     0.765662     0.752204     0.738705     0.733300     0.730893     0.708953     0.691693     0.687273     0.657537     0.582063
152          0.985199     0.870797     0.847207     0.830443     0.819009     0.812246     0.791607     0.765662     0.752204     0.738705     0.733300     0.730893     0.708953     0.691693     0.687273     0.657537     0.582063
153               NaN          NaN          NaN          NaN          NaN          NaN          NaN          NaN          NaN          NaN          NaN          NaN          NaN          NaN          NaN          NaN          NaN
154          0.985199     0.870797     0.847207     0.830443     0.819009     0.812246     0.791607     0.765662     0.752204     0.738705     0.733300     0.730893     0.708953     0.691693     0.687273     0.657537     0.582063
155          0.985199     0.870797     0.847207     0.830443     0.819009     0.812246     0.791607     0.765662     0.752204     0.738705     0.733300     0.730893     0.708953     0.691693     0.687273     0.657537     0.582063
156               NaN          NaN          NaN          NaN          NaN          NaN          NaN          NaN          NaN          NaN          NaN          NaN          NaN          NaN          NaN          NaN          NaN
157          0.985199     0.870797     0.847207     0.830443     0.819009     0.812246     0.791607     0.765662     0.752204     0.738705     0.733300     0.730893     0.708953     0.691693     0.687273     0.657537     0.582063
158          0.985199     0.870797     0.847207     0.830443     0.819009     0.812246     0.791607     0.765662     0.752204     0.738705     0.733300     0.730893     0.708953     0.691693     0.687273     0.657537     0.582063
159          0.985199     0.870797     0.847207     0.830443     0.819009     0.812246     0.791607     0.765662     0.752204     0.738705     0.733300     0.730893     0.708953     0.691693     0.687273     0.657537     0.582063
160          0.985199     0.870797     0.847207     0.830443     0.819009     0.812246     0.791607     0.765662     0.752204     0.738705     0.733300     0.730893     0.708953     0.691693     0.687273     0.657537     0.582063
161          0.993152     0.835575     0.805049     0.806229     0.792169     0.791529     0.767029     0.739029     0.724843     0.717767     0.698481     0.710125     0.687652     0.670163     0.662305     0.634387     0.557356
162          0.993152     0.835575     0.805049     0.806229     0.792169     0.791529     0.767029     0.739029     0.724843     0.717767     0.698481     0.710125     0.687652     0.670163     0.662305     0.634387     0.557356