exposure  0.06000      4.98000      9.96000      19.98000     30.00000     39.96000     60.00000     150.00000    300.00000    600.00000    900.00006    1200.00000   1800.00012   2700.00024   3600.00024   9000.00000   86400.00732
r_number                                                                                                                                                                                                                             
-22          0.037653     0.030331     0.024946     0.024975     0.022862     0.031205     0.031911     0.023179     0.033737     0.028971     0.036517     0.022174     0.021676     0.026282     0.022749     0.020129     0.025565
-21          0.037653     0.030331     0.024946     0.024975     0.022862     0.031205     0.031911     0.023179     0.033737     0.028971     0.036517     0.022174     0.021676     0.026282     0.022749     0.020129     0.025565
-20          0.037653     0.030331     0.024946     0.024975     0.022862     0.031205     0.031911     0.023179     0.033737     0.028971     0.036517     0.022174     0.021676     0.026282     0.022749     0.020129     0.025565
-19          0.037653     0.030331     0.024946     0.024975     0.022862     0.031205     0.031911     0.023179     0.033737     0.028971     0.036517     0.022174     0.021676     0.026282     0.022749     0.020129     0.025565
-18          0.037653     0.030331     0.024946     0.024975     0.022862     0.031205     0.031911     0.023179     0.033737     0.028971     0.036517     0.022174     0.021676     0.026282     0.022749     0.020129     0.025565
-17          0.037653     0.030331     0.024946     0.024975     0.022862     0.031205     0.031911     0.023179     0.033737     0.028971     0.036517     0.022174     0.021676     0.026282     0.022749     0.020129     0.025565
-16          0.023599     0.018881     0.015149     0.015396     0.014977     0.019935     0.020435     0.015567     0.021284     0.017640     0.023879     0.013510     0.018882     0.015735     0.017080     0.014587     0.017494
-15          0.023599     0.018881     0.015149     0.015396     0.014977     0.019935     0.020435     0.015567     0.021284     0.017640     0.023879     0.013510     0.018882     0.015735     0.017080     0.014587     0.017494
-14          0.028428     0.021818     0.018681     0.017427     0.018614     0.024111     0.024645     0.019162     0.023007     0.017917     0.026465     0.015387     0.024283     0.016189     0.020277     0.018536     0.020220
-13          0.020176     0.015353     0.009556     0.011516     0.016158     0.019147     0.019878     0.018357     0.019010     0.011523     0.025575     0.008894     0.033752     0.007725     0.025792     0.020726     0.021810
-12          0.020176     0.015353     0.009556     0.011516     0.016158     0.019147     0.019878     0.018357     0.019010     0.011523     0.025575     0.008894     0.033752     0.007725     0.025792     0.020726     0.021810
-11          0.020176     0.015353     0.009556     0.011516     0.016158     0.019147     0.019878     0.018357     0.019010     0.011523     0.025575     0.008894     0.033752     0.007725     0.025792     0.020726     0.021810
-10          0.019336     0.021651     0.017421     0.016152     0.020120     0.021660     0.015627     0.018008     0.022056     0.016857     0.028562     0.021068     0.025991     0.021005     0.013891     0.015052     0.030793
-9           0.011088     0.012473     0.012916     0.009754     0.012227     0.012107     0.009530     0.010321     0.012446     0.010105     0.020355     0.013588     0.017175     0.015297     0.008543     0.009142     0.016065
-8           0.011088     0.012473     0.012916     0.009754     0.012227     0.012107     0.009530     0.010321     0.012446     0.010105     0.020355     0.013588     0.017175     0.015297     0.008543     0.009142     0.016065
-7           0.009091     0.010334     0.010602     0.008137     0.009982     0.010109     0.008019     0.008388     0.010815     0.008379     0.016704     0.011924     0.015042     0.013073     0.007452     0.007829     0.013115
-6           0.009091     0.010334     0.010602     0.008137     0.009982     0.010109     0.008019     0.008388     0.010815     0.008379     0.016704     0.011924     0.015042     0.013073     0.007452     0.007829     0.013115
-5           0.009091     0.010334     0.010602     0.008137     0.009982     0.010109     0.008019     0.008388     0.010815     0.008379     0.016704     0.011924     0.015042     0.013073     0.007452     0.007829     0.013115
-4                NaN          NaN          NaN          NaN          NaN          NaN          NaN          NaN          NaN          NaN          NaN          NaN          NaN          NaN          NaN          NaN          NaN
-3           0.009091     0.010334     0.010602     0.008137     0.009982     0.010109     0.008019     0.008388     0.010815     0.008379     0.016704     0.011924     0.015042     0.013073     0.007452     0.007829     0.013115
-2           0.009091     0.010334     0.010602     0.008137     0.009982     0.010109     0.008019     0.008388     0.010815     0.008379     0.016704     0.011924     0.015042     0.013073     0.007452     0.007829     0.013115
-1           0.009091     0.010334     0.010602     0.008137     0.009982     0.010109     0.008019     0.008388     0.010815     0.008379     0.016704     0.011924     0.015042     0.013073     0.007452     0.007829     0.013115
0            0.010208     0.012228     0.010876     0.010770     0.011821     0.013425     0.011392     0.011330     0.017125     0.010300     0.019067     0.017662     0.018480     0.017289     0.011201     0.011654     0.013523
1            0.012271     0.011731     0.011405     0.011280     0.010798     0.011118     0.010773     0.010405     0.014247     0.010725     0.014926     0.013564     0.011694     0.010890     0.010967     0.011453     0.010505
2            0.012271     0.011731     0.011405     0.011280     0.010798     0.011118     0.010773     0.010405     0.014247     0.010725     0.014926     0.013564     0.011694     0.010890     0.010967     0.011453     0.010505
3            0.012271     0.011731     0.011405     0.011280     0.010798     0.011118     0.010773     0.010405     0.014247     0.010725     0.014926     0.013564     0.011694     0.010890     0.010967     0.011453     0.010505
4            0.012271     0.011731     0.011405     0.011280     0.010798     0.011118     0.010773     0.010405     0.014247     0.010725     0.014926     0.013564     0.011694     0.010890     0.010967     0.011453     0.010505
5                 NaN          NaN          NaN          NaN          NaN          NaN          NaN          NaN          NaN          NaN          NaN          NaN          NaN          NaN          NaN          NaN          NaN
6            0.012271     0.011731     0.011405     0.011280     0.010798     0.011118     0.010773     0.010405     0.014247     0.010725     0.014926     0.013564     0.011694     0.010890     0.010967     0.011453     0.010505
7            0.012271     0.011731     0.011405     0.011280     0.010798     0.011118     0.010773     0.010405     0.014247     0.010725     0.014926     0.013564     0.011694     0.010890     0.010967     0.011453     0.010505
8            0.012271     0.011731     0.011405     0.011280     0.010798     0.011118     0.010773     0.010405     0.014247     0.010725     0.014926     0.013564     0.011694     0.010890     0.010967     0.011453     0.010505
9            0.018012     0.014923     0.014835     0.016094     0.013463     0.013727     0.014274     0.012535     0.015637     0.011996     0.017017     0.019395     0.013608     0.014022     0.013451     0.019896     0.018753
10           0.013001     0.014570     0.012041     0.013176     0.011076     0.014737     0.012049     0.011424     0.013245     0.009430     0.012204     0.016793     0.012809     0.010307     0.011395     0.015683     0.014378
11           0.011524     0.011493     0.009946     0.010346     0.010774     0.015233     0.011734     0.014539     0.010796     0.008124     0.011095     0.012596     0.010087     0.009476     0.014429     0.014282     0.011989
12           0.011524     0.011493     0.009946     0.010346     0.010774     0.015233     0.011734     0.014539     0.010796     0.008124     0.011095     0.012596     0.010087     0.009476     0.014429     0.014282     0.011989
13           0.011524     0.011493     0.009946     0.010346     0.010774     0.015233     0.011734     0.014539     0.010796     0.008124     0.011095     0.012596     0.010087     0.009476     0.014429     0.014282     0.011989
14           0.011524     0.011493     0.009946     0.010346     0.010774     0.015233     0.011734     0.014539     0.010796     0.008124     0.011095     0.012596     0.010087     0.009476     0.014429     0.014282     0.011989
15           0.011524     0.011493     0.009946     0.010346     0.010774     0.015233     0.011734     0.014539     0.010796     0.008124     0.011095     0.012596     0.010087     0.009476     0.014429     0.014282     0.011989
16           0.012733     0.013443     0.011312     0.011747     0.012508     0.018197     0.013805     0.017378     0.012657     0.009197     0.013112     0.013695     0.011877     0.010872     0.017181     0.016581     0.013075
17           0.012733     0.013443     0.011312     0.011747     0.012508     0.018197     0.013805     0.017378     0.012657     0.009197     0.013112     0.013695     0.011877     0.010872     0.017181     0.016581     0.013075
18           0.022545     0.024810     0.022234     0.024958     0.019930     0.022530     0.023886     0.020074     0.028304     0.017076     0.032916     0.019028     0.024456     0.022275     0.021322     0.032822     0.020321
19           0.010082     0.013302     0.011198     0.010595     0.010221     0.010878     0.012058     0.012209     0.012643     0.010538     0.010602     0.009856     0.015303     0.010889     0.015805     0.022220     0.013573
20           0.008087     0.009895     0.008780     0.008020     0.008465     0.008213     0.008635     0.010311     0.011212     0.008506     0.009080     0.007796     0.011598     0.009534     0.012865     0.018502     0.010917
21           0.006897     0.008565     0.007632     0.007132     0.007244     0.006773     0.007314     0.009042     0.009538     0.007118     0.008603     0.007051     0.010288     0.008195     0.011650     0.015461     0.010370
22           0.005900     0.007078     0.006370     0.005637     0.005893     0.005745     0.005939     0.007016     0.007254     0.005905     0.007554     0.005944     0.008734     0.006853     0.009841     0.012826     0.008013
23           0.005900     0.007078     0.006370     0.005637     0.005893     0.005745     0.005939     0.007016     0.007254     0.005905     0.007554     0.005944     0.008734     0.006853     0.009841     0.012826     0.008013
24           0.005900     0.007078     0.006370     0.005637     0.005893     0.005745     0.005939     0.007016     0.007254     0.005905     0.007554     0.005944     0.008734     0.006853     0.009841     0.012826     0.008013
25           0.005900     0.007078     0.006370     0.005637     0.005893     0.005745     0.005939     0.007016     0.007254     0.005905     0.007554     0.005944     0.008734     0.006853     0.009841     0.012826     0.008013
26                NaN          NaN          NaN          NaN          NaN          NaN          NaN          NaN          NaN          NaN          NaN          NaN          NaN          NaN          NaN          NaN          NaN
27           0.005900     0.007078     0.006370     0.005637     0.005893     0.005745     0.005939     0.007016     0.007254     0.005905     0.007554     0.005944     0.008734     0.006853     0.009841     0.012826     0.008013
28           0.005900     0.007078     0.006370     0.005637     0.005893     0.005745     0.005939     0.007016     0.007254     0.005905     0.007554     0.005944     0.008734     0.006853     0.009841     0.012826     0.008013
29           0.005900     0.007078     0.006370     0.005637     0.005893     0.005745     0.005939     0.007016     0.007254     0.005905     0.007554     0.005944     0.008734     0.006853     0.009841     0.012826     0.008013
30           0.005900     0.007078     0.006370     0.005637     0.005893     0.005745     0.005939     0.007016     0.007254     0.005905     0.007554     0.005944     0.008734     0.006853     0.009841     0.012826     0.008013
31           0.005900     0.007078     0.006370     0.005637     0.005893     0.005745     0.005939     0.007016     0.007254     0.005905     0.007554     0.005944     0.008734     0.006853     0.009841     0.012826     0.008013
32           0.007317     0.008552     0.007586     0.006985     0.007152     0.007165     0.007246     0.008409     0.009450     0.006591     0.009252     0.006529     0.011732     0.008554     0.012693     0.016154     0.010293
33           0.012503     0.015983     0.012180     0.014646     0.013470     0.015580     0.017308     0.015965     0.018619     0.009084     0.019950     0.009600     0.022317     0.011343     0.022812     0.025312     0.011423
34           0.009258     0.010264     0.008347     0.009607     0.008726     0.010663     0.012071     0.010070     0.012716     0.006456     0.011316     0.006400     0.014379     0.009169     0.016543     0.018007     0.010451
35           0.009769     0.010673     0.008735     0.010249     0.009291     0.011645     0.013320     0.011004     0.013983     0.006610     0.012365     0.006147     0.015901     0.009954     0.018475     0.019811     0.011471
36           0.010690     0.012409     0.010001     0.012170     0.010830     0.013105     0.015851     0.012320     0.016152     0.007368     0.014635     0.006441     0.017691     0.010937     0.021509     0.022022     0.013374
37           0.010690     0.012409     0.010001     0.012170     0.010830     0.013105     0.015851     0.012320     0.016152     0.007368     0.014635     0.006441     0.017691     0.010937     0.021509     0.022022     0.013374
38           0.010690     0.012409     0.010001     0.012170     0.010830     0.013105     0.015851     0.012320     0.016152     0.007368     0.014635     0.006441     0.017691     0.010937     0.021509     0.022022     0.013374
39           0.010690     0.012409     0.010001     0.012170     0.010830     0.013105     0.015851     0.012320     0.016152     0.007368     0.014635     0.006441     0.017691     0.010937     0.021509     0.022022     0.013374
40           0.010690     0.012409     0.010001     0.012170     0.010830     0.013105     0.015851     0.012320     0.016152     0.007368     0.014635     0.006441     0.017691     0.010937     0.021509     0.022022     0.013374
41           0.016704     0.023499     0.019352     0.017480     0.022042     0.026193     0.023928     0.017463     0.030091     0.015459     0.010275     0.011050     0.020523     0.020270     0.026199     0.013981     0.013319
42           0.014759     0.018722     0.013506     0.014323     0.015691     0.017072     0.015349     0.012797     0.016657     0.010749     0.020665     0.014114     0.014044     0.015444     0.016575     0.016267     0.009441
43           0.014759     0.018722     0.013506     0.014323     0.015691     0.017072     0.015349     0.012797     0.016657     0.010749     0.020665     0.014114     0.014044     0.015444     0.016575     0.016267     0.009441
44           0.014759     0.018722     0.013506     0.014323     0.015691     0.017072     0.015349     0.012797     0.016657     0.010749     0.020665     0.014114     0.014044     0.015444     0.016575     0.016267     0.009441
45           0.014759     0.018722     0.013506     0.014323     0.015691     0.017072     0.015349     0.012797     0.016657     0.010749     0.020665     0.014114     0.014044     0.015444     0.016575     0.016267     0.009441
46           0.014759     0.018722     0.013506     0.014323     0.015691     0.017072     0.015349     0.012797     0.016657     0.010749     0.020665     0.014114     0.014044     0.015444     0.016575     0.016267     0.009441
47           0.019955     0.024913     0.017494     0.019150     0.020419     0.021722     0.019441     0.016758     0.020001     0.013910     0.029441     0.019752     0.018103     0.020385     0.020906     0.022622     0.012273
48           0.009489     0.009350     0.008899     0.007317     0.011983     0.007251     0.006699     0.010029     0.007098     0.006184     0.015836     0.008268     0.010893     0.008530     0.008549     0.007778     0.006974
49           0.009489     0.009350     0.008899     0.007317     0.011983     0.007251     0.006699     0.010029     0.007098     0.006184     0.015836     0.008268     0.010893     0.008530     0.008549     0.007778     0.006974
50           0.009489     0.009350     0.008899     0.007317     0.011983     0.007251     0.006699     0.010029     0.007098     0.006184     0.015836     0.008268     0.010893     0.008530     0.008549     0.007778     0.006974
51                NaN          NaN          NaN          NaN          NaN          NaN          NaN          NaN          NaN          NaN          NaN          NaN          NaN          NaN          NaN          NaN          NaN
52           0.009489     0.009350     0.008899     0.007317     0.011983     0.007251     0.006699     0.010029     0.007098     0.006184     0.015836     0.008268     0.010893     0.008530     0.008549     0.007778     0.006974
53           0.009489     0.009350     0.008899     0.007317     0.011983     0.007251     0.006699     0.010029     0.007098     0.006184     0.015836     0.008268     0.010893     0.008530     0.008549     0.007778     0.006974
54           0.010502     0.012069     0.008963     0.008328     0.012819     0.009554     0.007916     0.015651     0.010028     0.006703     0.019299     0.011250     0.011591     0.010265     0.011414     0.010674     0.007949
55           0.012739     0.014012     0.017977     0.009306     0.016605     0.009325     0.011132     0.010562     0.011843     0.007335     0.016521     0.011646     0.008919     0.012180     0.016882     0.012245     0.016940
56           0.012739     0.014012     0.017977     0.009306     0.016605     0.009325     0.011132     0.010562     0.011843     0.007335     0.016521     0.011646     0.008919     0.012180     0.016882     0.012245     0.016940
57           0.012739     0.014012     0.017977     0.009306     0.016605     0.009325     0.011132     0.010562     0.011843     0.007335     0.016521     0.011646     0.008919     0.012180     0.016882     0.012245     0.016940
58           0.012739     0.014012     0.017977     0.009306     0.016605     0.009325     0.011132     0.010562     0.011843     0.007335     0.016521     0.011646     0.008919     0.012180     0.016882     0.012245     0.016940
59           0.012739     0.014012     0.017977     0.009306     0.016605     0.009325     0.011132     0.010562     0.011843     0.007335     0.016521     0.011646     0.008919     0.012180     0.016882     0.012245     0.016940
60           0.012739     0.014012     0.017977     0.009306     0.016605     0.009325     0.011132     0.010562     0.011843     0.007335     0.016521     0.011646     0.008919     0.012180     0.016882     0.012245     0.016940
61           0.013086     0.019435     0.013123     0.013599     0.015998     0.016097     0.014603     0.011632     0.017964     0.009205     0.019112     0.009324     0.016538     0.016250     0.021632     0.029578     0.017353
62           0.009073     0.013746     0.009033     0.009974     0.011965     0.012235     0.010598     0.009137     0.012655     0.007282     0.014173     0.007463     0.012293     0.011000     0.015312     0.020252     0.011803
63           0.009073     0.013746     0.009033     0.009974     0.011965     0.012235     0.010598     0.009137     0.012655     0.007282     0.014173     0.007463     0.012293     0.011000     0.015312     0.020252     0.011803
64           0.012040     0.016506     0.011414     0.013459     0.014794     0.016044     0.014151     0.013207     0.015850     0.010670     0.018806     0.011347     0.016037     0.012699     0.018727     0.024202     0.013105
65           0.009827     0.013137     0.010185     0.010628     0.011140     0.013091     0.011070     0.009900     0.012641     0.008813     0.014351     0.008831     0.012791     0.010048     0.016055     0.019447     0.010125
66           0.009827     0.013137     0.010185     0.010628     0.011140     0.013091     0.011070     0.009900     0.012641     0.008813     0.014351     0.008831     0.012791     0.010048     0.016055     0.019447     0.010125
67           0.009827     0.013137     0.010185     0.010628     0.011140     0.013091     0.011070     0.009900     0.012641     0.008813     0.014351     0.008831     0.012791     0.010048     0.016055     0.019447     0.010125
68           0.009827     0.013137     0.010185     0.010628     0.011140     0.013091     0.011070     0.009900     0.012641     0.008813     0.014351     0.008831     0.012791     0.010048     0.016055     0.019447     0.010125
69                NaN          NaN          NaN          NaN          NaN          NaN          NaN          NaN          NaN          NaN          NaN          NaN          NaN          NaN          NaN          NaN          NaN
70           0.009827     0.013137     0.010185     0.010628     0.011140     0.013091     0.011070     0.009900     0.012641     0.008813     0.014351     0.008831     0.012791     0.010048     0.016055     0.019447     0.010125
71                NaN          NaN          NaN          NaN          NaN          NaN          NaN          NaN          NaN          NaN          NaN          NaN          NaN          NaN          NaN          NaN          NaN
72                NaN          NaN          NaN          NaN          NaN          NaN          NaN          NaN          NaN          NaN          NaN          NaN          NaN          NaN          NaN          NaN          NaN
73           0.009827     0.013137     0.010185     0.010628     0.011140     0.013091     0.011070     0.009900     0.012641     0.008813     0.014351     0.008831     0.012791     0.010048     0.016055     0.019447     0.010125
74           0.009827     0.013137     0.010185     0.010628     0.011140     0.013091     0.011070     0.009900     0.012641     0.008813     0.014351     0.008831     0.012791     0.010048     0.016055     0.019447     0.010125
75           0.009827     0.013137     0.010185     0.010628     0.011140     0.013091     0.011070     0.009900     0.012641     0.008813     0.014351     0.008831     0.012791     0.010048     0.016055     0.019447     0.010125
76           0.009827     0.013137     0.010185     0.010628     0.011140     0.013091     0.011070     0.009900     0.012641     0.008813     0.014351     0.008831     0.012791     0.010048     0.016055     0.019447     0.010125
77           0.009827     0.013137     0.010185     0.010628     0.011140     0.013091     0.011070     0.009900     0.012641     0.008813     0.014351     0.008831     0.012791     0.010048     0.016055     0.019447     0.010125
78           0.009827     0.013137     0.010185     0.010628     0.011140     0.013091     0.011070     0.009900     0.012641     0.008813     0.014351     0.008831     0.012791     0.010048     0.016055     0.019447     0.010125
79           0.009827     0.013137     0.010185     0.010628     0.011140     0.013091     0.011070     0.009900     0.012641     0.008813     0.014351     0.008831     0.012791     0.010048     0.016055     0.019447     0.010125
80           0.009827     0.013137     0.010185     0.010628     0.011140     0.013091     0.011070     0.009900     0.012641     0.008813     0.014351     0.008831     0.012791     0.010048     0.016055     0.019447     0.010125
81           0.009827     0.013137     0.010185     0.010628     0.011140     0.013091     0.011070     0.009900     0.012641     0.008813     0.014351     0.008831     0.012791     0.010048     0.016055     0.019447     0.010125
82           0.009827     0.013137     0.010185     0.010628     0.011140     0.013091     0.011070     0.009900     0.012641     0.008813     0.014351     0.008831     0.012791     0.010048     0.016055     0.019447     0.010125
83           0.009827     0.013137     0.010185     0.010628     0.011140     0.013091     0.011070     0.009900     0.012641     0.008813     0.014351     0.008831     0.012791     0.010048     0.016055     0.019447     0.010125
84           0.009827     0.013137     0.010185     0.010628     0.011140     0.013091     0.011070     0.009900     0.012641     0.008813     0.014351     0.008831     0.012791     0.010048     0.016055     0.019447     0.010125
85           0.009827     0.013137     0.010185     0.010628     0.011140     0.013091     0.011070     0.009900     0.012641     0.008813     0.014351     0.008831     0.012791     0.010048     0.016055     0.019447     0.010125
86           0.009827     0.013137     0.010185     0.010628     0.011140     0.013091     0.011070     0.009900     0.012641     0.008813     0.014351     0.008831     0.012791     0.010048     0.016055     0.019447     0.010125
87           0.009827     0.013137     0.010185     0.010628     0.011140     0.013091     0.011070     0.009900     0.012641     0.008813     0.014351     0.008831     0.012791     0.010048     0.016055     0.019447     0.010125
88           0.009827     0.013137     0.010185     0.010628     0.011140     0.013091     0.011070     0.009900     0.012641     0.008813     0.014351     0.008831     0.012791     0.010048     0.016055     0.019447     0.010125
89           0.009827     0.013137     0.010185     0.010628     0.011140     0.013091     0.011070     0.009900     0.012641     0.008813     0.014351     0.008831     0.012791     0.010048     0.016055     0.019447     0.010125
90           0.014360     0.016858     0.014745     0.015735     0.014921     0.016598     0.015828     0.014214     0.018464     0.012160     0.019093     0.012973     0.018141     0.014384     0.022275     0.027411     0.013928
91           0.023436     0.028594     0.018744     0.025342     0.021501     0.030094     0.025936     0.021225     0.029204     0.019439     0.036444     0.018357     0.020144     0.027522     0.021391     0.039429     0.025181
92           0.018599     0.022193     0.016459     0.019282     0.016696     0.020778     0.021110     0.016008     0.022731     0.015482     0.027649     0.014715     0.015281     0.020592     0.016962     0.026937     0.019893
93           0.018599     0.022193     0.016459     0.019282     0.016696     0.020778     0.021110     0.016008     0.022731     0.015482     0.027649     0.014715     0.015281     0.020592     0.016962     0.026937     0.019893
94           0.018599     0.022193     0.016459     0.019282     0.016696     0.020778     0.021110     0.016008     0.022731     0.015482     0.027649     0.014715     0.015281     0.020592     0.016962     0.026937     0.019893
95           0.018599     0.022193     0.016459     0.019282     0.016696     0.020778     0.021110     0.016008     0.022731     0.015482     0.027649     0.014715     0.015281     0.020592     0.016962     0.026937     0.019893
96           0.018599     0.022193     0.016459     0.019282     0.016696     0.020778     0.021110     0.016008     0.022731     0.015482     0.027649     0.014715     0.015281     0.020592     0.016962     0.026937     0.019893
97           0.018599     0.022193     0.016459     0.019282     0.016696     0.020778     0.021110     0.016008     0.022731     0.015482     0.027649     0.014715     0.015281     0.020592     0.016962     0.026937     0.019893
98           0.018599     0.022193     0.016459     0.019282     0.016696     0.020778     0.021110     0.016008     0.022731     0.015482     0.027649     0.014715     0.015281     0.020592     0.016962     0.026937     0.019893
99           0.018599     0.022193     0.016459     0.019282     0.016696     0.020778     0.021110     0.016008     0.022731     0.015482     0.027649     0.014715     0.015281     0.020592     0.016962     0.026937     0.019893
100          0.018599     0.022193     0.016459     0.019282     0.016696     0.020778     0.021110     0.016008     0.022731     0.015482     0.027649     0.014715     0.015281     0.020592     0.016962     0.026937     0.019893
101          0.018599     0.022193     0.016459     0.019282     0.016696     0.020778     0.021110     0.016008     0.022731     0.015482     0.027649     0.014715     0.015281     0.020592     0.016962     0.026937     0.019893
102          0.018599     0.022193     0.016459     0.019282     0.016696     0.020778     0.021110     0.016008     0.022731     0.015482     0.027649     0.014715     0.015281     0.020592     0.016962     0.026937     0.019893
103          0.018599     0.022193     0.016459     0.019282     0.016696     0.020778     0.021110     0.016008     0.022731     0.015482     0.027649     0.014715     0.015281     0.020592     0.016962     0.026937     0.019893
104               NaN          NaN          NaN          NaN          NaN          NaN          NaN          NaN          NaN          NaN          NaN          NaN          NaN          NaN          NaN          NaN          NaN
105          0.008798     0.009779     0.014043     0.009214     0.011864     0.010122     0.009127     0.011655     0.011280     0.010597     0.016255     0.006668     0.011356     0.013136     0.012385     0.011077     0.010713
106          0.008365     0.008962     0.012556     0.008561     0.010724     0.009121     0.008250     0.010406     0.010319     0.009366     0.014765     0.007457     0.010581     0.011837     0.011307     0.010221     0.009517
107          0.008365     0.008962     0.012556     0.008561     0.010724     0.009121     0.008250     0.010406     0.010319     0.009366     0.014765     0.007457     0.010581     0.011837     0.011307     0.010221     0.009517
108          0.008548     0.009208     0.011767     0.008777     0.010328     0.009350     0.008652     0.010400     0.010695     0.009144     0.014303     0.007943     0.010133     0.011754     0.010855     0.010084     0.010090
109          0.008548     0.009208     0.011767     0.008777     0.010328     0.009350     0.008652     0.010400     0.010695     0.009144     0.014303     0.007943     0.010133     0.011754     0.010855     0.010084     0.010090
110          0.008548     0.009208     0.011767     0.008777     0.010328     0.009350     0.008652     0.010400     0.010695     0.009144     0.014303     0.007943     0.010133     0.011754     0.010855     0.010084     0.010090
111          0.008548     0.009208     0.011767     0.008777     0.010328     0.009350     0.008652     0.010400     0.010695     0.009144     0.014303     0.007943     0.010133     0.011754     0.010855     0.010084     0.010090
112          0.009470     0.011160     0.010482     0.010817     0.011969     0.011541     0.010278     0.010364     0.013440     0.008453     0.015492     0.009188     0.010274     0.012519     0.013254     0.012678     0.010554
113          0.012712     0.014135     0.013364     0.013882     0.013342     0.014797     0.013613     0.014304     0.016304     0.012238     0.016762     0.012201     0.012782     0.015922     0.015572     0.013932     0.012986
114          0.010036     0.011519     0.009949     0.010785     0.011038     0.011864     0.010741     0.011597     0.013349     0.009505     0.013014     0.009427     0.010179     0.012749     0.012106     0.010980     0.010478
115          0.010036     0.011519     0.009949     0.010785     0.011038     0.011864     0.010741     0.011597     0.013349     0.009505     0.013014     0.009427     0.010179     0.012749     0.012106     0.010980     0.010478
116          0.010036     0.011519     0.009949     0.010785     0.011038     0.011864     0.010741     0.011597     0.013349     0.009505     0.013014     0.009427     0.010179     0.012749     0.012106     0.010980     0.010478
117          0.010036     0.011519     0.009949     0.010785     0.011038     0.011864     0.010741     0.011597     0.013349     0.009505     0.013014     0.009427     0.010179     0.012749     0.012106     0.010980     0.010478
118          0.010036     0.011519     0.009949     0.010785     0.011038     0.011864     0.010741     0.011597     0.013349     0.009505     0.013014     0.009427     0.010179     0.012749     0.012106     0.010980     0.010478
119          0.010036     0.011519     0.009949     0.010785     0.011038     0.011864     0.010741     0.011597     0.013349     0.009505     0.013014     0.009427     0.010179     0.012749     0.012106     0.010980     0.010478
120          0.010036     0.011519     0.009949     0.010785     0.011038     0.011864     0.010741     0.011597     0.013349     0.009505     0.013014     0.009427     0.010179     0.012749     0.012106     0.010980     0.010478
121          0.010036     0.011519     0.009949     0.010785     0.011038     0.011864     0.010741     0.011597     0.013349     0.009505     0.013014     0.009427     0.010179     0.012749     0.012106     0.010980     0.010478
122          0.013718     0.012201     0.007523     0.008168     0.015423     0.011662     0.010817     0.015644     0.014890     0.008249     0.015263     0.008034     0.016263     0.013447     0.012260     0.013289     0.012371
123          0.010716     0.010900     0.007214     0.007249     0.011683     0.009354     0.008569     0.012253     0.012288     0.006857     0.011539     0.007505     0.011845     0.011006     0.009636     0.010136     0.010294
124          0.010716     0.010900     0.007214     0.007249     0.011683     0.009354     0.008569     0.012253     0.012288     0.006857     0.011539     0.007505     0.011845     0.011006     0.009636     0.010136     0.010294
125          0.010716     0.010900     0.007214     0.007249     0.011683     0.009354     0.008569     0.012253     0.012288     0.006857     0.011539     0.007505     0.011845     0.011006     0.009636     0.010136     0.010294
126          0.012313     0.014650     0.009540     0.011842     0.010670     0.011030     0.012398     0.010002     0.015308     0.008397     0.012202     0.008549     0.009614     0.012240     0.008857     0.010717     0.010472
127          0.013623     0.016126     0.011082     0.011364     0.014879     0.011036     0.012266     0.010380     0.014153     0.009308     0.014504     0.009144     0.011710     0.010732     0.011905     0.013148     0.010916
128          0.013623     0.016126     0.011082     0.011364     0.014879     0.011036     0.012266     0.010380     0.014153     0.009308     0.014504     0.009144     0.011710     0.010732     0.011905     0.013148     0.010916
129          0.013623     0.016126     0.011082     0.011364     0.014879     0.011036     0.012266     0.010380     0.014153     0.009308     0.014504     0.009144     0.011710     0.010732     0.011905     0.013148     0.010916
130          0.013623     0.016126     0.011082     0.011364     0.014879     0.011036     0.012266     0.010380     0.014153     0.009308     0.014504     0.009144     0.011710     0.010732     0.011905     0.013148     0.010916
131          0.013623     0.016126     0.011082     0.011364     0.014879     0.011036     0.012266     0.010380     0.014153     0.009308     0.014504     0.009144     0.011710     0.010732     0.011905     0.013148     0.010916
132          0.013623     0.016126     0.011082     0.011364     0.014879     0.011036     0.012266     0.010380     0.014153     0.009308     0.014504     0.009144     0.011710     0.010732     0.011905     0.013148     0.010916
133          0.013623     0.016126     0.011082     0.011364     0.014879     0.011036     0.012266     0.010380     0.014153     0.009308     0.014504     0.009144     0.011710     0.010732     0.011905     0.013148     0.010916
134          0.017372     0.019430     0.012079     0.016800     0.013366     0.014556     0.018023     0.010387     0.020304     0.010649     0.017138     0.009674     0.013533     0.014908     0.011438     0.014849     0.011652
135          0.011337     0.013197     0.009088     0.011001     0.010114     0.010360     0.012023     0.007828     0.013868     0.007400     0.012681     0.007252     0.010266     0.010479     0.010271     0.011296     0.009080
136          0.011817     0.013001     0.011382     0.009522     0.012681     0.012151     0.011924     0.010352     0.014422     0.008911     0.016869     0.008900     0.014069     0.011382     0.016251     0.015933     0.011973
137          0.011817     0.013001     0.011382     0.009522     0.012681     0.012151     0.011924     0.010352     0.014422     0.008911     0.016869     0.008900     0.014069     0.011382     0.016251     0.015933     0.011973
138          0.011817     0.013001     0.011382     0.009522     0.012681     0.012151     0.011924     0.010352     0.014422     0.008911     0.016869     0.008900     0.014069     0.011382     0.016251     0.015933     0.011973
139          0.024164     0.018579     0.016968     0.016087     0.017025     0.017401     0.017227     0.016436     0.018030     0.015099     0.020270     0.015163     0.016502     0.016449     0.018868     0.016867     0.015050
140          0.024164     0.018579     0.016968     0.016087     0.017025     0.017401     0.017227     0.016436     0.018030     0.015099     0.020270     0.015163     0.016502     0.016449     0.018868     0.016867     0.015050
141          0.024164     0.018579     0.016968     0.016087     0.017025     0.017401     0.017227     0.016436     0.018030     0.015099     0.020270     0.015163     0.016502     0.016449     0.018868     0.016867     0.015050
142               NaN          NaN          NaN          NaN          NaN          NaN          NaN          NaN          NaN          NaN          NaN          NaN          NaN          NaN          NaN          NaN          NaN
143          0.024164     0.018579     0.016968     0.016087     0.017025     0.017401     0.017227     0.016436     0.018030     0.015099     0.020270     0.015163     0.016502     0.016449     0.018868     0.016867     0.015050
144          0.024164     0.018579     0.016968     0.016087     0.017025     0.017401     0.017227     0.016436     0.018030     0.015099     0.020270     0.015163     0.016502     0.016449     0.018868     0.016867     0.015050
145          0.024164     0.018579     0.016968     0.016087     0.017025     0.017401     0.017227     0.016436     0.018030     0.015099     0.020270     0.015163     0.016502     0.016449     0.018868     0.016867     0.015050
146          0.024164     0.018579     0.016968     0.016087     0.017025     0.017401     0.017227     0.016436     0.018030     0.015099     0.020270     0.015163     0.016502     0.016449     0.018868     0.016867     0.015050
147          0.024164     0.018579     0.016968     0.016087     0.017025     0.017401     0.017227     0.016436     0.018030     0.015099     0.020270     0.015163     0.016502     0.016449     0.018868     0.016867     0.015050
148               NaN          NaN          NaN          NaN          NaN          NaN          NaN          NaN          NaN          NaN          NaN          NaN          NaN          NaN          NaN          NaN          NaN
149          0.024164     0.018579     0.016968     0.016087     0.017025     0.017401     0.017227     0.016436     0.018030     0.015099     0.020270     0.015163     0.016502     0.016449     0.018868     0.016867     0.015050
150          0.024164     0.018579     0.016968     0.016087     0.017025     0.017401     0.017227     0.016436     0.018030     0.015099     0.020270     0.015163     0.016502     0.016449     0.018868     0.016867     0.015050
151          0.024164     0.018579     0.016968     0.016087     0.017025     0.017401     0.017227     0.016436     0.018030     0.015099     0.020270     0.015163     0.016502     0.016449     0.018868     0.016867     0.015050
152          0.024164     0.018579     0.016968     0.016087     0.017025     0.017401     0.017227     0.016436     0.018030     0.015099     0.020270     0.015163     0.016502     0.016449     0.018868     0.016867     0.015050
153               NaN          NaN          NaN          NaN          NaN          NaN          NaN          NaN          NaN          NaN          NaN          NaN          NaN          NaN          NaN          NaN          NaN
154          0.024164     0.018579     0.016968     0.016087     0.017025     0.017401     0.017227     0.016436     0.018030     0.015099     0.020270     0.015163     0.016502     0.016449     0.018868     0.016867     0.015050
155          0.024164     0.018579     0.016968     0.016087     0.017025     0.017401     0.017227     0.016436     0.018030     0.015099     0.020270     0.015163     0.016502     0.016449     0.018868     0.016867     0.015050
156               NaN          NaN          NaN          NaN          NaN          NaN          NaN          NaN          NaN          NaN          NaN          NaN          NaN          NaN          NaN          NaN          NaN
157          0.024164     0.018579     0.016968     0.016087     0.017025     0.017401     0.017227     0.016436     0.018030     0.015099     0.020270     0.015163     0.016502     0.016449     0.018868     0.016867     0.015050
158          0.024164     0.018579     0.016968     0.016087     0.017025     0.017401     0.017227     0.016436     0.018030     0.015099     0.020270     0.015163     0.016502     0.016449     0.018868     0.016867     0.015050
159          0.024164     0.018579     0.016968     0.016087     0.017025     0.017401     0.017227     0.016436     0.018030     0.015099     0.020270     0.015163     0.016502     0.016449     0.018868     0.016867     0.015050
160          0.024164     0.018579     0.016968     0.016087     0.017025     0.017401     0.017227     0.016436     0.018030     0.015099     0.020270     0.015163     0.016502     0.016449     0.018868     0.016867     0.015050
161          0.002984     0.014200     0.016788     0.004420     0.014371     0.014850     0.013187     0.011567     0.021344     0.003175     0.028742     0.013754     0.016639     0.016188     0.022175     0.023361     0.005598
162          0.002984     0.014200     0.016788     0.004420     0.014371     0.014850     0.013187     0.011567     0.021344     0.003175     0.028742     0.013754     0.016639     0.016188     0.022175     0.023361     0.005598