exposure  0.06000      4.98000      10.02000     19.98000     30.00000     39.96000     60.00000     150.00000    300.00000    600.00000    900.00006    1200.00000   1800.00012   2700.00024   3600.00024   10800.00090  86400.00732
r_number                                                                                                                                                                                                                             
-28          0.966472     0.668348     0.663898     0.664985     0.675410     0.682126     0.669033     0.611956     0.642788     0.641838     0.620547     0.653268     0.617484     0.616648     0.599166     0.609538     0.621148
-27          0.966472     0.668348     0.663898     0.664985     0.675410     0.682126     0.669033     0.611956     0.642788     0.641838     0.620547     0.653268     0.617484     0.616648     0.599166     0.609538     0.621148
-26          0.966472     0.668348     0.663898     0.664985     0.675410     0.682126     0.669033     0.611956     0.642788     0.641838     0.620547     0.653268     0.617484     0.616648     0.599166     0.609538     0.621148
-25          0.966472     0.668348     0.663898     0.664985     0.675410     0.682126     0.669033     0.611956     0.642788     0.641838     0.620547     0.653268     0.617484     0.616648     0.599166     0.609538     0.621148
-24          0.966472     0.668348     0.663898     0.664985     0.675410     0.682126     0.669033     0.611956     0.642788     0.641838     0.620547     0.653268     0.617484     0.616648     0.599166     0.609538     0.621148
-23          0.966472     0.668348     0.663898     0.664985     0.675410     0.682126     0.669033     0.611956     0.642788     0.641838     0.620547     0.653268     0.617484     0.616648     0.599166     0.609538     0.621148
-22          0.883653     0.479024     0.476476     0.460699     0.459733     0.462645     0.467520     0.428193     0.441437     0.443910     0.419404     0.437464     0.429235     0.424956     0.413748     0.428006     0.425954
-21          0.843089     0.386294     0.384678     0.360640     0.354095     0.355145     0.368820     0.338186     0.342816     0.346965     0.320885     0.331764     0.337031     0.331066     0.322931     0.339093     0.330349
-20          0.820163     0.354030     0.341272     0.323386     0.317369     0.319845     0.328717     0.305484     0.310381     0.315177     0.292720     0.306792     0.312896     0.306215     0.303675     0.312183     0.311086
-19          0.820163     0.354030     0.341272     0.323386     0.317369     0.319845     0.328717     0.305484     0.310381     0.315177     0.292720     0.306792     0.312896     0.306215     0.303675     0.312183     0.311086
-18          0.820163     0.354030     0.341272     0.323386     0.317369     0.319845     0.328717     0.305484     0.310381     0.315177     0.292720     0.306792     0.312896     0.306215     0.303675     0.312183     0.311086
-17          0.820163     0.354030     0.341272     0.323386     0.317369     0.319845     0.328717     0.305484     0.310381     0.315177     0.292720     0.306792     0.312896     0.306215     0.303675     0.312183     0.311086
-16          0.790713     0.291731     0.267370     0.252208     0.238347     0.249888     0.253234     0.242596     0.246463     0.253780     0.235706     0.242122     0.252860     0.242875     0.247664     0.241493     0.229611
-15          0.790713     0.291731     0.267370     0.252208     0.238347     0.249888     0.253234     0.242596     0.246463     0.253780     0.235706     0.242122     0.252860     0.242875     0.247664     0.241493     0.229611
-14               NaN          NaN          NaN          NaN          NaN          NaN          NaN          NaN          NaN          NaN          NaN          NaN          NaN          NaN          NaN          NaN          NaN
-13          0.997688     0.861057     0.852319     0.846261     0.835219     0.835512     0.845113     0.846309     0.842455     0.844937     0.851272     0.847339     0.827451     0.837636     0.840247     0.847967     0.828400
-12          0.992820     0.865179     0.861613     0.857373     0.847123     0.847345     0.855761     0.843294     0.855036     0.856049     0.846342     0.854911     0.837085     0.845936     0.842141     0.849807     0.833912
-11          0.992820     0.865179     0.861613     0.857373     0.847123     0.847345     0.855761     0.843294     0.855036     0.856049     0.846342     0.854911     0.837085     0.845936     0.842141     0.849807     0.833912
-10               NaN          NaN          NaN          NaN          NaN          NaN          NaN          NaN          NaN          NaN          NaN          NaN          NaN          NaN          NaN          NaN          NaN
-9           0.982238     0.858064     0.855488     0.851791     0.841119     0.840591     0.849318     0.834208     0.844452     0.844408     0.835726     0.841618     0.826123     0.832371     0.827946     0.832245     0.809542
-8           0.982238     0.858064     0.855488     0.851791     0.841119     0.840591     0.849318     0.834208     0.844452     0.844408     0.835726     0.841618     0.826123     0.832371     0.827946     0.832245     0.809542
-7           0.973534     0.856378     0.857273     0.854907     0.844442     0.843452     0.851687     0.827390     0.845577     0.844110     0.826967     0.838395     0.825376     0.829405     0.821015     0.823387     0.798917
-6           0.981554     0.862565     0.860083     0.854925     0.846404     0.841813     0.854887     0.827201     0.844172     0.840416     0.828194     0.833131     0.816250     0.819016     0.809393     0.804335     0.763003
-5           0.968693     0.842387     0.834671     0.828624     0.818771     0.815605     0.830933     0.794643     0.805859     0.794728     0.788652     0.784538     0.768990     0.772919     0.757444     0.743998     0.676811
-4           0.952583     0.808986     0.800549     0.790987     0.782110     0.773615     0.793223     0.754105     0.759033     0.742268     0.742045     0.730590     0.718914     0.716496     0.699139     0.680332     0.603277
-3           0.952583     0.808986     0.800549     0.790987     0.782110     0.773615     0.793223     0.754105     0.759033     0.742268     0.742045     0.730590     0.718914     0.716496     0.699139     0.680332     0.603277
-2           0.952583     0.808986     0.800549     0.790987     0.782110     0.773615     0.793223     0.754105     0.759033     0.742268     0.742045     0.730590     0.718914     0.716496     0.699139     0.680332     0.603277
-1                NaN          NaN          NaN          NaN          NaN          NaN          NaN          NaN          NaN          NaN          NaN          NaN          NaN          NaN          NaN          NaN          NaN
0            0.952583     0.808986     0.800549     0.790987     0.782110     0.773615     0.793223     0.754105     0.759033     0.742268     0.742045     0.730590     0.718914     0.716496     0.699139     0.680332     0.603277
1            0.952583     0.808986     0.800549     0.790987     0.782110     0.773615     0.793223     0.754105     0.759033     0.742268     0.742045     0.730590     0.718914     0.716496     0.699139     0.680332     0.603277
2            0.952583     0.808986     0.800549     0.790987     0.782110     0.773615     0.793223     0.754105     0.759033     0.742268     0.742045     0.730590     0.718914     0.716496     0.699139     0.680332     0.603277
3            0.924568     0.746092     0.751154     0.740588     0.734638     0.719549     0.744550     0.691219     0.697164     0.675817     0.675521     0.661711     0.651406     0.649081     0.628836     0.604348     0.526914
4            0.923656     0.724703     0.742530     0.744827     0.723485     0.707156     0.735035     0.665842     0.691241     0.662523     0.671748     0.639356     0.640326     0.645961     0.618954     0.595767     0.500878
5            0.923656     0.724703     0.742530     0.744827     0.723485     0.707156     0.735035     0.665842     0.691241     0.662523     0.671748     0.639356     0.640326     0.645961     0.618954     0.595767     0.500878
6            0.923656     0.724703     0.742530     0.744827     0.723485     0.707156     0.735035     0.665842     0.691241     0.662523     0.671748     0.639356     0.640326     0.645961     0.618954     0.595767     0.500878
7            0.923656     0.724703     0.742530     0.744827     0.723485     0.707156     0.735035     0.665842     0.691241     0.662523     0.671748     0.639356     0.640326     0.645961     0.618954     0.595767     0.500878
8            0.899023     0.682814     0.702582     0.697660     0.677701     0.654184     0.684508     0.619291     0.643475     0.612552     0.625143     0.595811     0.591977     0.596217     0.572100     0.550798     0.447234
9            0.899023     0.682814     0.702582     0.697660     0.677701     0.654184     0.684508     0.619291     0.643475     0.612552     0.625143     0.595811     0.591977     0.596217     0.572100     0.550798     0.447234
10           0.839179     0.590890     0.609145     0.590250     0.576284     0.546449     0.574527     0.522490     0.529091     0.497201     0.513094     0.489617     0.479091     0.471648     0.461649     0.437130     0.332990
11           0.839179     0.590890     0.609145     0.590250     0.576284     0.546449     0.574527     0.522490     0.529091     0.497201     0.513094     0.489617     0.479091     0.471648     0.461649     0.437130     0.332990
12           0.839179     0.590890     0.609145     0.590250     0.576284     0.546449     0.574527     0.522490     0.529091     0.497201     0.513094     0.489617     0.479091     0.471648     0.461649     0.437130     0.332990
13           0.839179     0.590890     0.609145     0.590250     0.576284     0.546449     0.574527     0.522490     0.529091     0.497201     0.513094     0.489617     0.479091     0.471648     0.461649     0.437130     0.332990
14                NaN          NaN          NaN          NaN          NaN          NaN          NaN          NaN          NaN          NaN          NaN          NaN          NaN          NaN          NaN          NaN          NaN
15           0.979706     0.836847     0.826833     0.802163     0.787485     0.783447     0.781639     0.733227     0.726265     0.696846     0.700329     0.675061     0.655842     0.657480     0.640716     0.599147     0.485643
16           0.979706     0.836847     0.826833     0.802163     0.787485     0.783447     0.781639     0.733227     0.726265     0.696846     0.700329     0.675061     0.655842     0.657480     0.640716     0.599147     0.485643
17           0.979706     0.836847     0.826833     0.802163     0.787485     0.783447     0.781639     0.733227     0.726265     0.696846     0.700329     0.675061     0.655842     0.657480     0.640716     0.599147     0.485643
18           0.979706     0.836847     0.826833     0.802163     0.787485     0.783447     0.781639     0.733227     0.726265     0.696846     0.700329     0.675061     0.655842     0.657480     0.640716     0.599147     0.485643
19           0.979706     0.836847     0.826833     0.802163     0.787485     0.783447     0.781639     0.733227     0.726265     0.696846     0.700329     0.675061     0.655842     0.657480     0.640716     0.599147     0.485643
20                NaN          NaN          NaN          NaN          NaN          NaN          NaN          NaN          NaN          NaN          NaN          NaN          NaN          NaN          NaN          NaN          NaN
21           0.979706     0.836847     0.826833     0.802163     0.787485     0.783447     0.781639     0.733227     0.726265     0.696846     0.700329     0.675061     0.655842     0.657480     0.640716     0.599147     0.485643
22           0.979706     0.836847     0.826833     0.802163     0.787485     0.783447     0.781639     0.733227     0.726265     0.696846     0.700329     0.675061     0.655842     0.657480     0.640716     0.599147     0.485643
23           0.979706     0.836847     0.826833     0.802163     0.787485     0.783447     0.781639     0.733227     0.726265     0.696846     0.700329     0.675061     0.655842     0.657480     0.640716     0.599147     0.485643
24           0.979706     0.836847     0.826833     0.802163     0.787485     0.783447     0.781639     0.733227     0.726265     0.696846     0.700329     0.675061     0.655842     0.657480     0.640716     0.599147     0.485643
25           0.972308     0.812074     0.801136     0.773454     0.757107     0.750999     0.749420     0.703639     0.700006     0.674484     0.674856     0.651507     0.631923     0.634302     0.618747     0.576118     0.468058
26           0.972308     0.812074     0.801136     0.773454     0.757107     0.750999     0.749420     0.703639     0.700006     0.674484     0.674856     0.651507     0.631923     0.634302     0.618747     0.576118     0.468058
27           0.959404     0.796212     0.793832     0.774294     0.757788     0.748440     0.745271     0.701839     0.698719     0.675102     0.675072     0.650122     0.631375     0.633683     0.617421     0.572925     0.465036
28           0.929480     0.751681     0.739495     0.714205     0.698780     0.688526     0.675329     0.647422     0.649864     0.634104     0.626699     0.608686     0.590248     0.591357     0.574588     0.547925     0.424116
29           0.929480     0.751681     0.739495     0.714205     0.698780     0.688526     0.675329     0.647422     0.649864     0.634104     0.626699     0.608686     0.590248     0.591357     0.574588     0.547925     0.424116
30                NaN          NaN          NaN          NaN          NaN          NaN          NaN          NaN          NaN          NaN          NaN          NaN          NaN          NaN          NaN          NaN          NaN
31           0.927540     0.765148     0.748514     0.729307     0.713306     0.697308     0.689843     0.618113     0.617585     0.587758     0.596106     0.569425     0.562879     0.548184     0.547200     0.488513     0.428212
32           0.927540     0.765148     0.748514     0.729307     0.713306     0.697308     0.689843     0.618113     0.617585     0.587758     0.596106     0.569425     0.562879     0.548184     0.547200     0.488513     0.428212
33           0.946526     0.762727     0.743887     0.722215     0.715095     0.694532     0.705902     0.632866     0.640486     0.613854     0.619069     0.593462     0.583283     0.578736     0.575057     0.535459     0.466216
34           0.946526     0.762727     0.743887     0.722215     0.715095     0.694532     0.705902     0.632866     0.640486     0.613854     0.619069     0.593462     0.583283     0.578736     0.575057     0.535459     0.466216
35           0.952012     0.717228     0.724478     0.705040     0.690067     0.665920     0.682348     0.604812     0.607113     0.569643     0.577245     0.550419     0.538709     0.533589     0.524350     0.485689     0.393581
36           0.952012     0.717228     0.724478     0.705040     0.690067     0.665920     0.682348     0.604812     0.607113     0.569643     0.577245     0.550419     0.538709     0.533589     0.524350     0.485689     0.393581
37           0.944705     0.708564     0.715473     0.696382     0.681370     0.659175     0.672988     0.598557     0.598040     0.564223     0.570268     0.545043     0.533795     0.529002     0.518414     0.481740     0.391238
38           0.944705     0.708564     0.715473     0.696382     0.681370     0.659175     0.672988     0.598557     0.598040     0.564223     0.570268     0.545043     0.533795     0.529002     0.518414     0.481740     0.391238
39           0.948505     0.708875     0.713688     0.694359     0.680167     0.657533     0.671243     0.595336     0.597208     0.565785     0.570551     0.547431     0.536367     0.530727     0.520221     0.487122     0.398843
40           0.951570     0.717624     0.716242     0.697789     0.682872     0.661390     0.674879     0.599927     0.602161     0.571166     0.577375     0.556107     0.543526     0.541009     0.528311     0.498048     0.412594
41           0.951570     0.717624     0.716242     0.697789     0.682872     0.661390     0.674879     0.599927     0.602161     0.571166     0.577375     0.556107     0.543526     0.541009     0.528311     0.498048     0.412594
42           0.951570     0.717624     0.716242     0.697789     0.682872     0.661390     0.674879     0.599927     0.602161     0.571166     0.577375     0.556107     0.543526     0.541009     0.528311     0.498048     0.412594
43           0.951570     0.717624     0.716242     0.697789     0.682872     0.661390     0.674879     0.599927     0.602161     0.571166     0.577375     0.556107     0.543526     0.541009     0.528311     0.498048     0.412594
44           0.951150     0.717911     0.714842     0.696856     0.682069     0.661444     0.674977     0.600351     0.603277     0.574835     0.579782     0.560496     0.547280     0.544877     0.531985     0.504148     0.421219
45           0.951753     0.723215     0.718428     0.699519     0.685076     0.665385     0.678902     0.604767     0.607326     0.579903     0.583942     0.565379     0.551028     0.548659     0.535941     0.508623     0.423567
46           0.952500     0.724387     0.722560     0.701820     0.687048     0.669333     0.683387     0.608267     0.610444     0.584937     0.587767     0.569555     0.554729     0.549780     0.538689     0.511636     0.425626
47           0.956428     0.740569     0.735463     0.714648     0.698961     0.682243     0.695449     0.620875     0.622755     0.597298     0.601109     0.581404     0.566698     0.562423     0.549882     0.523105     0.434087
48           0.955918     0.750172     0.741610     0.720469     0.703982     0.690193     0.701694     0.628918     0.627290     0.602509     0.607352     0.587438     0.571820     0.569142     0.555850     0.528019     0.438221
49           0.985188     0.840598     0.821416     0.798869     0.780698     0.766810     0.784524     0.713193     0.717124     0.689601     0.697116     0.671269     0.650673     0.653235     0.633843     0.606814     0.489096
50           0.989684     0.862427     0.842094     0.821473     0.804303     0.789852     0.809612     0.740080     0.744588     0.718991     0.725320     0.699310     0.678986     0.682341     0.661946     0.633040     0.514808
51           0.994220     0.882340     0.860946     0.840189     0.823178     0.809580     0.829603     0.761801     0.767681     0.742905     0.748745     0.722908     0.701228     0.705756     0.684879     0.655677     0.532933
52           0.994220     0.882340     0.860946     0.840189     0.823178     0.809580     0.829603     0.761801     0.767681     0.742905     0.748745     0.722908     0.701228     0.705756     0.684879     0.655677     0.532933
53           0.994220     0.882340     0.860946     0.840189     0.823178     0.809580     0.829603     0.761801     0.767681     0.742905     0.748745     0.722908     0.701228     0.705756     0.684879     0.655677     0.532933
54           0.994220     0.882340     0.860946     0.840189     0.823178     0.809580     0.829603     0.761801     0.767681     0.742905     0.748745     0.722908     0.701228     0.705756     0.684879     0.655677     0.532933
55           0.994220     0.882340     0.860946     0.840189     0.823178     0.809580     0.829603     0.761801     0.767681     0.742905     0.748745     0.722908     0.701228     0.705756     0.684879     0.655677     0.532933
56                NaN          NaN          NaN          NaN          NaN          NaN          NaN          NaN          NaN          NaN          NaN          NaN          NaN          NaN          NaN          NaN          NaN
57           0.994220     0.882340     0.860946     0.840189     0.823178     0.809580     0.829603     0.761801     0.767681     0.742905     0.748745     0.722908     0.701228     0.705756     0.684879     0.655677     0.532933
58           0.994220     0.882340     0.860946     0.840189     0.823178     0.809580     0.829603     0.761801     0.767681     0.742905     0.748745     0.722908     0.701228     0.705756     0.684879     0.655677     0.532933
59           0.994220     0.882340     0.860946     0.840189     0.823178     0.809580     0.829603     0.761801     0.767681     0.742905     0.748745     0.722908     0.701228     0.705756     0.684879     0.655677     0.532933
60           1.001683     0.917854     0.900654     0.880524     0.869074     0.851868     0.876996     0.810783     0.815360     0.795181     0.798456     0.772753     0.754091     0.763097     0.738170     0.703754     0.588918
61           1.003521     0.943221     0.926930     0.910019     0.902100     0.893220     0.913822     0.856954     0.866170     0.843341     0.847979     0.828031     0.805226     0.811088     0.786912     0.760031     0.631078
62           1.004536     0.957240     0.941452     0.926320     0.920353     0.916074     0.934175     0.882471     0.894252     0.869958     0.875350     0.858581     0.833488     0.837612     0.813852     0.791135     0.654379
63           1.007902     0.965001     0.941682     0.926214     0.914474     0.908328     0.931216     0.878402     0.888952     0.863160     0.870380     0.850500     0.821850     0.825305     0.806668     0.778220     0.628705
64           1.007902     0.965001     0.941682     0.926214     0.914474     0.908328     0.931216     0.878402     0.888952     0.863160     0.870380     0.850500     0.821850     0.825305     0.806668     0.778220     0.628705
65           1.007902     0.965001     0.941682     0.926214     0.914474     0.908328     0.931216     0.878402     0.888952     0.863160     0.870380     0.850500     0.821850     0.825305     0.806668     0.778220     0.628705
66                NaN          NaN          NaN          NaN          NaN          NaN          NaN          NaN          NaN          NaN          NaN          NaN          NaN          NaN          NaN          NaN          NaN
67           1.007902     0.965001     0.941682     0.926214     0.914474     0.908328     0.931216     0.878402     0.888952     0.863160     0.870380     0.850500     0.821850     0.825305     0.806668     0.778220     0.628705
68           1.007902     0.965001     0.941682     0.926214     0.914474     0.908328     0.931216     0.878402     0.888952     0.863160     0.870380     0.850500     0.821850     0.825305     0.806668     0.778220     0.628705
69           1.007408     0.966855     0.943938     0.925227     0.916076     0.912108     0.931895     0.876326     0.888513     0.863142     0.870137     0.849662     0.827419     0.827868     0.807308     0.776978     0.632245
70           1.006404     0.960120     0.934083     0.913991     0.905076     0.899759     0.918491     0.863141     0.871187     0.845192     0.852191     0.830500     0.808705     0.809237     0.788870     0.756123     0.614912
71           1.006404     0.960120     0.934083     0.913991     0.905076     0.899759     0.918491     0.863141     0.871187     0.845192     0.852191     0.830500     0.808705     0.809237     0.788870     0.756123     0.614912
72           1.006404     0.960120     0.934083     0.913991     0.905076     0.899759     0.918491     0.863141     0.871187     0.845192     0.852191     0.830500     0.808705     0.809237     0.788870     0.756123     0.614912
73           1.006465     0.951250     0.922072     0.905668     0.894052     0.887348     0.908692     0.849529     0.857820     0.831554     0.838900     0.815795     0.792599     0.795168     0.775068     0.742103     0.606978
74           1.006465     0.951250     0.922072     0.905668     0.894052     0.887348     0.908692     0.849529     0.857820     0.831554     0.838900     0.815795     0.792599     0.795168     0.775068     0.742103     0.606978
75           1.006465     0.951250     0.922072     0.905668     0.894052     0.887348     0.908692     0.849529     0.857820     0.831554     0.838900     0.815795     0.792599     0.795168     0.775068     0.742103     0.606978
76           1.006465     0.951250     0.922072     0.905668     0.894052     0.887348     0.908692     0.849529     0.857820     0.831554     0.838900     0.815795     0.792599     0.795168     0.775068     0.742103     0.606978
77           1.007353     0.946364     0.914556     0.894348     0.882614     0.872847     0.887333     0.832575     0.833792     0.806719     0.813686     0.787889     0.763645     0.765413     0.745904     0.706381     0.572909
78           1.007353     0.946364     0.914556     0.894348     0.882614     0.872847     0.887333     0.832575     0.833792     0.806719     0.813686     0.787889     0.763645     0.765413     0.745904     0.706381     0.572909
79           1.007353     0.946364     0.914556     0.894348     0.882614     0.872847     0.887333     0.832575     0.833792     0.806719     0.813686     0.787889     0.763645     0.765413     0.745904     0.706381     0.572909
80           1.007353     0.946364     0.914556     0.894348     0.882614     0.872847     0.887333     0.832575     0.833792     0.806719     0.813686     0.787889     0.763645     0.765413     0.745904     0.706381     0.572909
81           1.007353     0.946364     0.914556     0.894348     0.882614     0.872847     0.887333     0.832575     0.833792     0.806719     0.813686     0.787889     0.763645     0.765413     0.745904     0.706381     0.572909
82           1.007353     0.946364     0.914556     0.894348     0.882614     0.872847     0.887333     0.832575     0.833792     0.806719     0.813686     0.787889     0.763645     0.765413     0.745904     0.706381     0.572909
83           1.001757     0.935724     0.901964     0.881299     0.869563     0.861299     0.874929     0.824070     0.819158     0.792625     0.794195     0.771945     0.749659     0.745682     0.726393     0.688751     0.565179
84           0.996473     0.871260     0.849725     0.831822     0.821200     0.811479     0.830746     0.785419     0.785777     0.765748     0.761386     0.755541     0.737758     0.735588     0.721844     0.699310     0.644639
85           0.989307     0.849704     0.827023     0.809332     0.796715     0.788500     0.806883     0.759533     0.759592     0.740240     0.735172     0.728539     0.710735     0.709638     0.695075     0.679270     0.623152
86           0.989307     0.849704     0.827023     0.809332     0.796715     0.788500     0.806883     0.759533     0.759592     0.740240     0.735172     0.728539     0.710735     0.709638     0.695075     0.679270     0.623152
87           0.989307     0.849704     0.827023     0.809332     0.796715     0.788500     0.806883     0.759533     0.759592     0.740240     0.735172     0.728539     0.710735     0.709638     0.695075     0.679270     0.623152
88           0.989307     0.849704     0.827023     0.809332     0.796715     0.788500     0.806883     0.759533     0.759592     0.740240     0.735172     0.728539     0.710735     0.709638     0.695075     0.679270     0.623152
89           0.989307     0.849704     0.827023     0.809332     0.796715     0.788500     0.806883     0.759533     0.759592     0.740240     0.735172     0.728539     0.710735     0.709638     0.695075     0.679270     0.623152
90                NaN          NaN          NaN          NaN          NaN          NaN          NaN          NaN          NaN          NaN          NaN          NaN          NaN          NaN          NaN          NaN          NaN
91           0.989307     0.849704     0.827023     0.809332     0.796715     0.788500     0.806883     0.759533     0.759592     0.740240     0.735172     0.728539     0.710735     0.709638     0.695075     0.679270     0.623152
92           0.989307     0.849704     0.827023     0.809332     0.796715     0.788500     0.806883     0.759533     0.759592     0.740240     0.735172     0.728539     0.710735     0.709638     0.695075     0.679270     0.623152
93           0.989307     0.849704     0.827023     0.809332     0.796715     0.788500     0.806883     0.759533     0.759592     0.740240     0.735172     0.728539     0.710735     0.709638     0.695075     0.679270     0.623152
94           0.978716     0.812053     0.789456     0.772570     0.755069     0.750622     0.762466     0.712003     0.714019     0.693889     0.687945     0.683094     0.662394     0.665984     0.649311     0.644055     0.581635
95           0.948461     0.686785     0.666957     0.647687     0.639187     0.631761     0.642394     0.599796     0.594508     0.572237     0.568356     0.562433     0.541989     0.547331     0.531098     0.519479     0.489055
96           0.948461     0.686785     0.666957     0.647687     0.639187     0.631761     0.642394     0.599796     0.594508     0.572237     0.568356     0.562433     0.541989     0.547331     0.531098     0.519479     0.489055
97           0.936254     0.642105     0.622620     0.601706     0.595143     0.584648     0.596802     0.555097     0.547361     0.525809     0.522116     0.514547     0.494460     0.501118     0.484292     0.473173     0.450334
98           0.921468     0.587345     0.569402     0.547577     0.543047     0.532120     0.543532     0.504676     0.493490     0.471777     0.468181     0.460115     0.440200     0.447234     0.430728     0.419794     0.406361
99           0.921468     0.587345     0.569402     0.547577     0.543047     0.532120     0.543532     0.504676     0.493490     0.471777     0.468181     0.460115     0.440200     0.447234     0.430728     0.419794     0.406361
100          0.921468     0.587345     0.569402     0.547577     0.543047     0.532120     0.543532     0.504676     0.493490     0.471777     0.468181     0.460115     0.440200     0.447234     0.430728     0.419794     0.406361
101               NaN          NaN          NaN          NaN          NaN          NaN          NaN          NaN          NaN          NaN          NaN          NaN          NaN          NaN          NaN          NaN          NaN
102          0.999958     0.852221     0.849125     0.838261     0.834218     0.828491     0.843476     0.805716     0.800193     0.777089     0.767992     0.760186     0.740040     0.751511     0.731874     0.711414     0.626859
103          0.999958     0.852221     0.849125     0.838261     0.834218     0.828491     0.843476     0.805716     0.800193     0.777089     0.767992     0.760186     0.740040     0.751511     0.731874     0.711414     0.626859
104          0.999958     0.852221     0.849125     0.838261     0.834218     0.828491     0.843476     0.805716     0.800193     0.777089     0.767992     0.760186     0.740040     0.751511     0.731874     0.711414     0.626859
105          0.999958     0.852221     0.849125     0.838261     0.834218     0.828491     0.843476     0.805716     0.800193     0.777089     0.767992     0.760186     0.740040     0.751511     0.731874     0.711414     0.626859
106          0.999958     0.852221     0.849125     0.838261     0.834218     0.828491     0.843476     0.805716     0.800193     0.777089     0.767992     0.760186     0.740040     0.751511     0.731874     0.711414     0.626859
107          0.999958     0.852221     0.849125     0.838261     0.834218     0.828491     0.843476     0.805716     0.800193     0.777089     0.767992     0.760186     0.740040     0.751511     0.731874     0.711414     0.626859
108          0.994623     0.904996     0.890569     0.877376     0.870561     0.860954     0.874878     0.847217     0.833173     0.814018     0.811832     0.800860     0.776931     0.783086     0.760583     0.728202     0.636202
109          0.997612     0.907866     0.895760     0.880179     0.871935     0.862722     0.876330     0.839904     0.830100     0.811504     0.812107     0.797490     0.771427     0.778944     0.756161     0.723837     0.612113
110               NaN          NaN          NaN          NaN          NaN          NaN          NaN          NaN          NaN          NaN          NaN          NaN          NaN          NaN          NaN          NaN          NaN
111          0.973031     0.778884     0.762280     0.744630     0.740385     0.735138     0.733596     0.724463     0.718568     0.711596     0.705831     0.704700     0.701395     0.691525     0.691354     0.694757     0.694627
112          0.973031     0.778884     0.762280     0.744630     0.740385     0.735138     0.733596     0.724463     0.718568     0.711596     0.705831     0.704700     0.701395     0.691525     0.691354     0.694757     0.694627
113          0.973031     0.778884     0.762280     0.744630     0.740385     0.735138     0.733596     0.724463     0.718568     0.711596     0.705831     0.704700     0.701395     0.691525     0.691354     0.694757     0.694627
114          0.973031     0.778884     0.762280     0.744630     0.740385     0.735138     0.733596     0.724463     0.718568     0.711596     0.705831     0.704700     0.701395     0.691525     0.691354     0.694757     0.694627
115          0.973031     0.778884     0.762280     0.744630     0.740385     0.735138     0.733596     0.724463     0.718568     0.711596     0.705831     0.704700     0.701395     0.691525     0.691354     0.694757     0.694627
116          0.911021     0.612683     0.583828     0.555026     0.541098     0.524122     0.518939     0.482397     0.480665     0.472070     0.462160     0.464245     0.461314     0.457251     0.450153     0.449712     0.428499
117          0.911021     0.612683     0.583828     0.555026     0.541098     0.524122     0.518939     0.482397     0.480665     0.472070     0.462160     0.464245     0.461314     0.457251     0.450153     0.449712     0.428499
118          0.911021     0.612683     0.583828     0.555026     0.541098     0.524122     0.518939     0.482397     0.480665     0.472070     0.462160     0.464245     0.461314     0.457251     0.450153     0.449712     0.428499
119          0.911021     0.612683     0.583828     0.555026     0.541098     0.524122     0.518939     0.482397     0.480665     0.472070     0.462160     0.464245     0.461314     0.457251     0.450153     0.449712     0.428499
120          0.888760     0.553021     0.519768     0.486963     0.469559     0.448372     0.441883     0.395502     0.395264     0.386086     0.374689     0.377928     0.375131     0.373153     0.363568     0.361747     0.332965
121          0.888760     0.553021     0.519768     0.486963     0.469559     0.448372     0.441883     0.395502     0.395264     0.386086     0.374689     0.377928     0.375131     0.373153     0.363568     0.361747     0.332965
122          0.851686     0.532936     0.508793     0.468937     0.460747     0.430141     0.426815     0.365253     0.373426     0.376520     0.357578     0.364680     0.358279     0.359777     0.348745     0.351112     0.326392
123          0.894471     0.709590     0.689339     0.697729     0.696035     0.679605     0.695526     0.627001     0.642615     0.621994     0.606780     0.603089     0.570539     0.569119     0.568646     0.523650     0.501495
124          0.901909     0.742838     0.724759     0.720855     0.710352     0.695613     0.705380     0.648495     0.656835     0.640900     0.627121     0.619361     0.595533     0.591253     0.585791     0.550933     0.501817
125          0.901909     0.742838     0.724759     0.720855     0.710352     0.695613     0.705380     0.648495     0.656835     0.640900     0.627121     0.619361     0.595533     0.591253     0.585791     0.550933     0.501817
126          0.901909     0.742838     0.724759     0.720855     0.710352     0.695613     0.705380     0.648495     0.656835     0.640900     0.627121     0.619361     0.595533     0.591253     0.585791     0.550933     0.501817
127          0.901909     0.742838     0.724759     0.720855     0.710352     0.695613     0.705380     0.648495     0.656835     0.640900     0.627121     0.619361     0.595533     0.591253     0.585791     0.550933     0.501817
128          0.901909     0.742838     0.724759     0.720855     0.710352     0.695613     0.705380     0.648495     0.656835     0.640900     0.627121     0.619361     0.595533     0.591253     0.585791     0.550933     0.501817
129          0.901909     0.742838     0.724759     0.720855     0.710352     0.695613     0.705380     0.648495     0.656835     0.640900     0.627121     0.619361     0.595533     0.591253     0.585791     0.550933     0.501817
130          0.901552     0.759190     0.738356     0.726421     0.710712     0.697401     0.703948     0.656580     0.660332     0.647369     0.634337     0.626999     0.606317     0.605539     0.592043     0.573933     0.502252
131          0.946585     0.812033     0.805881     0.781282     0.763672     0.741124     0.737089     0.683944     0.686878     0.660126     0.655743     0.628625     0.610153     0.600122     0.589460     0.543231     0.428288
132          0.946585     0.812033     0.805881     0.781282     0.763672     0.741124     0.737089     0.683944     0.686878     0.660126     0.655743     0.628625     0.610153     0.600122     0.589460     0.543231     0.428288
133          0.946585     0.812033     0.805881     0.781282     0.763672     0.741124     0.737089     0.683944     0.686878     0.660126     0.655743     0.628625     0.610153     0.600122     0.589460     0.543231     0.428288
134          0.946585     0.812033     0.805881     0.781282     0.763672     0.741124     0.737089     0.683944     0.686878     0.660126     0.655743     0.628625     0.610153     0.600122     0.589460     0.543231     0.428288
135          0.957753     0.825409     0.821254     0.789979     0.772329     0.745721     0.743443     0.685640     0.688172     0.655808     0.654395     0.624712     0.603745     0.595952     0.581634     0.534337     0.401787
136          0.960849     0.840491     0.834838     0.807233     0.789716     0.765495     0.768003     0.710044     0.716030     0.685121     0.685861     0.657111     0.634766     0.630698     0.615512     0.572300     0.440626
137          0.976686     0.917644     0.904324     0.895493     0.878657     0.866647     0.893641     0.834880     0.858539     0.835069     0.846819     0.822846     0.793452     0.808439     0.788809     0.766495     0.639304
138          0.994199     0.952350     0.927566     0.924488     0.912850     0.908510     0.933491     0.900223     0.906488     0.894930     0.892317     0.884960     0.857982     0.871273     0.850611     0.842109     0.737387
139          0.994199     0.952350     0.927566     0.924488     0.912850     0.908510     0.933491     0.900223     0.906488     0.894930     0.892317     0.884960     0.857982     0.871273     0.850611     0.842109     0.737387
140          0.994199     0.952350     0.927566     0.924488     0.912850     0.908510     0.933491     0.900223     0.906488     0.894930     0.892317     0.884960     0.857982     0.871273     0.850611     0.842109     0.737387
141          0.991403     0.945112     0.918848     0.915867     0.904077     0.897817     0.921770     0.885312     0.895536     0.876844     0.877581     0.870122     0.841813     0.855946     0.835098     0.820177     0.705276
142          0.991403     0.945112     0.918848     0.915867     0.904077     0.897817     0.921770     0.885312     0.895536     0.876844     0.877581     0.870122     0.841813     0.855946     0.835098     0.820177     0.705276
143          0.991403     0.945112     0.918848     0.915867     0.904077     0.897817     0.921770     0.885312     0.895536     0.876844     0.877581     0.870122     0.841813     0.855946     0.835098     0.820177     0.705276
144          0.991403     0.945112     0.918848     0.915867     0.904077     0.897817     0.921770     0.885312     0.895536     0.876844     0.877581     0.870122     0.841813     0.855946     0.835098     0.820177     0.705276
145          0.991403     0.945112     0.918848     0.915867     0.904077     0.897817     0.921770     0.885312     0.895536     0.876844     0.877581     0.870122     0.841813     0.855946     0.835098     0.820177     0.705276
146          0.991403     0.945112     0.918848     0.915867     0.904077     0.897817     0.921770     0.885312     0.895536     0.876844     0.877581     0.870122     0.841813     0.855946     0.835098     0.820177     0.705276
147          0.991403     0.945112     0.918848     0.915867     0.904077     0.897817     0.921770     0.885312     0.895536     0.876844     0.877581     0.870122     0.841813     0.855946     0.835098     0.820177     0.705276
148          0.991403     0.945112     0.918848     0.915867     0.904077     0.897817     0.921770     0.885312     0.895536     0.876844     0.877581     0.870122     0.841813     0.855946     0.835098     0.820177     0.705276
149          0.987075     0.939505     0.911651     0.907242     0.896760     0.888680     0.913502     0.870841     0.881186     0.855946     0.860348     0.849731     0.820317     0.835396     0.813168     0.793868     0.668154
150               NaN          NaN          NaN          NaN          NaN          NaN          NaN          NaN          NaN          NaN          NaN          NaN          NaN          NaN          NaN          NaN          NaN
151          0.963068     0.901473     0.890094     0.873297     0.868609     0.856540     0.881861     0.839572     0.842434     0.813942     0.820093     0.807357     0.781270     0.785035     0.767371     0.739376     0.615340
152          0.963068     0.901473     0.890094     0.873297     0.868609     0.856540     0.881861     0.839572     0.842434     0.813942     0.820093     0.807357     0.781270     0.785035     0.767371     0.739376     0.615340
153          0.963068     0.901473     0.890094     0.873297     0.868609     0.856540     0.881861     0.839572     0.842434     0.813942     0.820093     0.807357     0.781270     0.785035     0.767371     0.739376     0.615340
154          0.940982     0.868193     0.870828     0.846844     0.841118     0.827520     0.850425     0.802016     0.803180     0.771119     0.782025     0.760428     0.735892     0.734228     0.720537     0.684760     0.559454
155          0.940982     0.868193     0.870828     0.846844     0.841118     0.827520     0.850425     0.802016     0.803180     0.771119     0.782025     0.760428     0.735892     0.734228     0.720537     0.684760     0.559454
156          0.940982     0.868193     0.870828     0.846844     0.841118     0.827520     0.850425     0.802016     0.803180     0.771119     0.782025     0.760428     0.735892     0.734228     0.720537     0.684760     0.559454
157          0.940982     0.868193     0.870828     0.846844     0.841118     0.827520     0.850425     0.802016     0.803180     0.771119     0.782025     0.760428     0.735892     0.734228     0.720537     0.684760     0.559454
158               NaN          NaN          NaN          NaN          NaN          NaN          NaN          NaN          NaN          NaN          NaN          NaN          NaN          NaN          NaN          NaN          NaN
159          1.004765     0.931707     0.934077     0.931786     0.925002     0.931697     0.937345     0.927113     0.928557     0.916044     0.913584     0.912398     0.903166     0.901954     0.887046     0.894784     0.848203
160          1.004765     0.931707     0.934077     0.931786     0.925002     0.931697     0.937345     0.927113     0.928557     0.916044     0.913584     0.912398     0.903166     0.901954     0.887046     0.894784     0.848203
161          1.004765     0.931707     0.934077     0.931786     0.925002     0.931697     0.937345     0.927113     0.928557     0.916044     0.913584     0.912398     0.903166     0.901954     0.887046     0.894784     0.848203
162          1.004765     0.931707     0.934077     0.931786     0.925002     0.931697     0.937345     0.927113     0.928557     0.916044     0.913584     0.912398     0.903166     0.901954     0.887046     0.894784     0.848203
163          1.004765     0.931707     0.934077     0.931786     0.925002     0.931697     0.937345     0.927113     0.928557     0.916044     0.913584     0.912398     0.903166     0.901954     0.887046     0.894784     0.848203
164          1.004765     0.931707     0.934077     0.931786     0.925002     0.931697     0.937345     0.927113     0.928557     0.916044     0.913584     0.912398     0.903166     0.901954     0.887046     0.894784     0.848203