2	0.334157613	0.774388815	0.79842461	0.828887787	0.844846189	0.836641427	0.869585267	0.923794462	0.947999108	0.975364516	0.990770405	1	1
3	0.323572666	0.757914801	0.784942584	0.815411688	0.832386472	0.824635187	0.857565136	0.914822922	0.938223546	0.971168136	0.988395706	1	1
4	0.323572666	0.757914801	0.784942584	0.815411688	0.832386472	0.824635187	0.857565136	0.914822922	0.938223546	0.971168136	0.988395706	1	1
5	0.323572666	0.757914801	0.784942584	0.815411688	0.832386472	0.824635187	0.857565136	0.914822922	0.938223546	0.971168136	0.988395706	1	1
6	0.323572666	0.757914801	0.784942584	0.815411688	0.832386472	0.824635187	0.857565136	0.914822922	0.938223546	0.971168136	0.988395706	1	1
7	0.323572666	0.757914801	0.784942584	0.815411688	0.832386472	0.824635187	0.857565136	0.914822922	0.938223546	0.971168136	0.988395706	1	1
8	0.323572666	0.757914801	0.784942584	0.815411688	0.832386472	0.824635187	0.857565136	0.914822922	0.938223546	0.971168136	0.988395706	1	1
9	0.323572666	0.757914801	0.784942584	0.815411688	0.832386472	0.824635187	0.857565136	0.914822922	0.938223546	0.971168136	0.988395706	1	1
10	0.323572666	0.757914801	0.784942584	0.815411688	0.832386472	0.824635187	0.857565136	0.914822922	0.938223546	0.971168136	0.988395706	1	1
11	0.323572666	0.757914801	0.784942584	0.815411688	0.832386472	0.824635187	0.857565136	0.914822922	0.938223546	0.971168136	0.988395706	1	1
12	0.32594871	0.756903572	0.782876708	0.810310499	0.82932313	0.819398737	0.85139562	0.911447551	0.933020725	0.969199614	0.984215534	1	1
13	0.32594871	0.756903572	0.782876708	0.810310499	0.82932313	0.819398737	0.85139562	0.911447551	0.933020725	0.969199614	0.984215534	1	1
14	0.32594871	0.756903572	0.782876708	0.810310499	0.82932313	0.819398737	0.85139562	0.911447551	0.933020725	0.969199614	0.984215534	1	1
15	0.32594871	0.756903572	0.782876708	0.810310499	0.82932313	0.819398737	0.85139562	0.911447551	0.933020725	0.969199614	0.984215534	1	1
16	0.319719219	0.737645876	0.76507226	0.792203113	0.811746076	0.802456426	0.835231032	0.899249156	0.924066655	0.964280074	0.981353502	1	1
17	0.289526418	0.711666277	0.736974797	0.757180628	0.781985097	0.778469432	0.811144896	0.874556499	0.904970883	0.953922533	0.974346407	0.997892305	1
18	0.289526418	0.711666277	0.736974797	0.757180628	0.781985097	0.778469432	0.811144896	0.874556499	0.904970883	0.953922533	0.974346407	0.997892305	1
19	0.289526418	0.711666277	0.736974797	0.757180628	0.781985097	0.778469432	0.811144896	0.874556499	0.904970883	0.953922533	0.974346407	0.997892305	1
20	0.289526418	0.711666277	0.736974797	0.757180628	0.781985097	0.778469432	0.811144896	0.874556499	0.904970883	0.953922533	0.974346407	0.997892305	1
21	0	0	0	0	0	0	0	0	0	0	0	0	0
22	0.289526418	0.711666277	0.736974797	0.757180628	0.781985097	0.778469432	0.811144896	0.874556499	0.904970883	0.953922533	0.974346407	0.997892305	1
23	0.289526418	0.711666277	0.736974797	0.757180628	0.781985097	0.778469432	0.811144896	0.874556499	0.904970883	0.953922533	0.974346407	0.997892305	1
24	0.289526418	0.711666277	0.736974797	0.757180628	0.781985097	0.778469432	0.811144896	0.874556499	0.904970883	0.953922533	0.974346407	0.997892305	1
25	0.289526418	0.711666277	0.736974797	0.757180628	0.781985097	0.778469432	0.811144896	0.874556499	0.904970883	0.953922533	0.974346407	0.997892305	1
26	0.289526418	0.711666277	0.736974797	0.757180628	0.781985097	0.778469432	0.811144896	0.874556499	0.904970883	0.953922533	0.974346407	0.997892305	1
27	0.28608197	0.708764861	0.73489207	0.754509879	0.779632515	0.776106158	0.809652565	0.872400059	0.903766134	0.953824089	0.973684263	0.998486469	1
28	0.28608197	0.708764861	0.73489207	0.754509879	0.779632515	0.776106158	0.809652565	0.872400059	0.903766134	0.953824089	0.973684263	0.998486469	1
29	0.295807356	0.725211179	0.753763443	0.770664577	0.797702319	0.792650407	0.826802814	0.88808586	0.914251862	0.957831015	0.976925005	0.993414305	1
30	0.291897455	0.729656891	0.760340814	0.793057622	0.810758291	0.795662472	0.830102766	0.897485592	0.924959201	0.964619152	0.984056422	1	1
31	0.260074502	0.751048291	0.775188105	0.821419853	0.831429778	0.815097368	0.851849484	0.917327738	0.945762592	0.972928848	0.99093896	1	1
32	0.268223226	0.748073892	0.770106779	0.809586567	0.823040128	0.810284013	0.847166542	0.907603756	0.936159985	0.965050118	0.984968765	1	1
33	0.268223226	0.748073892	0.770106779	0.809586567	0.823040128	0.810284013	0.847166542	0.907603756	0.936159985	0.965050118	0.984968765	1	1
34	0.268223226	0.748073892	0.770106779	0.809586567	0.823040128	0.810284013	0.847166542	0.907603756	0.936159985	0.965050118	0.984968765	1	1
35	0.268223226	0.748073892	0.770106779	0.809586567	0.823040128	0.810284013	0.847166542	0.907603756	0.936159985	0.965050118	0.984968765	1	1
36	0.268223226	0.748073892	0.770106779	0.809586567	0.823040128	0.810284013	0.847166542	0.907603756	0.936159985	0.965050118	0.984968765	1	1
37	0.272351831	0.743892536	0.768210564	0.800492558	0.813080527	0.802556044	0.838694325	0.898820832	0.924422903	0.957332862	0.978386281	1	1
38	0.272351831	0.743892536	0.768210564	0.800492558	0.813080527	0.802556044	0.838694325	0.898820832	0.924422903	0.957332862	0.978386281	1	1
39	0.272351831	0.743892536	0.768210564	0.800492558	0.813080527	0.802556044	0.838694325	0.898820832	0.924422903	0.957332862	0.978386281	1	1
40	0.272351831	0.743892536	0.768210564	0.800492558	0.813080527	0.802556044	0.838694325	0.898820832	0.924422903	0.957332862	0.978386281	1	1
41	0.272351831	0.743892536	0.768210564	0.800492558	0.813080527	0.802556044	0.838694325	0.898820832	0.924422903	0.957332862	0.978386281	1	1
42	0.279965158	0.736008412	0.762227528	0.784591105	0.793819572	0.788089422	0.823150163	0.881730476	0.904594312	0.943812955	0.97026018	1	1
43	0.262172309	0.72684222	0.763124832	0.771334555	0.784298885	0.773739694	0.810936708	0.884043228	0.899736841	0.937775694	0.965886175	1	1
44	0.262172309	0.72684222	0.763124832	0.771334555	0.784298885	0.773739694	0.810936708	0.884043228	0.899736841	0.937775694	0.965886175	1	1
45	0.262172309	0.72684222	0.763124832	0.771334555	0.784298885	0.773739694	0.810936708	0.884043228	0.899736841	0.937775694	0.965886175	1	1
46	0.262172309	0.72684222	0.763124832	0.771334555	0.784298885	0.773739694	0.810936708	0.884043228	0.899736841	0.937775694	0.965886175	1	1
47	0.273047562	0.734317551	0.772127377	0.778776861	0.792599852	0.781855636	0.820657754	0.891925343	0.905962689	0.943038729	0.970663394	1	1
48	0.271526917	0.731976592	0.775766876	0.77800844	0.792242461	0.783192629	0.820318285	0.895404931	0.905615668	0.943817117	0.970748048	1	1
49	0.260815823	0.701710372	0.766349062	0.743050942	0.77023278	0.753981913	0.802051793	0.881307461	0.898560684	0.942449582	0.975384788	1	1
50	0.262127871	0.542823416	0.592725528	0.5800715	0.623915304	0.604642301	0.687272508	0.784025641	0.829611006	0.905625463	0.954870013	1	1
51	0.262127871	0.542823416	0.592725528	0.5800715	0.623915304	0.604642301	0.687272508	0.784025641	0.829611006	0.905625463	0.954870013	1	1
52	0.262127871	0.542823416	0.592725528	0.5800715	0.623915304	0.604642301	0.687272508	0.784025641	0.829611006	0.905625463	0.954870013	1	1
53	0.262127871	0.542823416	0.592725528	0.5800715	0.623915304	0.604642301	0.687272508	0.784025641	0.829611006	0.905625463	0.954870013	1	1
54	0.262127871	0.542823416	0.592725528	0.5800715	0.623915304	0.604642301	0.687272508	0.784025641	0.829611006	0.905625463	0.954870013	1	1
55	0.262127871	0.542823416	0.592725528	0.5800715	0.623915304	0.604642301	0.687272508	0.784025641	0.829611006	0.905625463	0.954870013	1	1
56	0.262127871	0.542823416	0.592725528	0.5800715	0.623915304	0.604642301	0.687272508	0.784025641	0.829611006	0.905625463	0.954870013	1	1
57	0	0	0	0	0	0	0	0	0	0	0	0	0
58	0.262127871	0.542823416	0.592725528	0.5800715	0.623915304	0.604642301	0.687272508	0.784025641	0.829611006	0.905625463	0.954870013	1	1
59	0.262127871	0.542823416	0.592725528	0.5800715	0.623915304	0.604642301	0.687272508	0.784025641	0.829611006	0.905625463	0.954870013	1	1
60	0.262127871	0.542823416	0.592725528	0.5800715	0.623915304	0.604642301	0.687272508	0.784025641	0.829611006	0.905625463	0.954870013	1	1
61	0.262127871	0.542823416	0.592725528	0.5800715	0.623915304	0.604642301	0.687272508	0.784025641	0.829611006	0.905625463	0.954870013	1	1
62	0.262127871	0.542823416	0.592725528	0.5800715	0.623915304	0.604642301	0.687272508	0.784025641	0.829611006	0.905625463	0.954870013	1	1
63	0.262127871	0.542823416	0.592725528	0.5800715	0.623915304	0.604642301	0.687272508	0.784025641	0.829611006	0.905625463	0.954870013	1	1
64	0.262127871	0.542823416	0.592725528	0.5800715	0.623915304	0.604642301	0.687272508	0.784025641	0.829611006	0.905625463	0.954870013	1	1
65	0.262127871	0.542823416	0.592725528	0.5800715	0.623915304	0.604642301	0.687272508	0.784025641	0.829611006	0.905625463	0.954870013	1	1
66	0.262127871	0.542823416	0.592725528	0.5800715	0.623915304	0.604642301	0.687272508	0.784025641	0.829611006	0.905625463	0.954870013	1	1
67	0	0	0	0	0	0	0	0	0	0	0	0	0
68	0.191173429	0.407776702	0.454103976	0.441843263	0.494566294	0.472414082	0.5658793	0.685715049	0.756120051	0.856221732	0.918545069	1	1
69	0.191173429	0.407776702	0.454103976	0.441843263	0.494566294	0.472414082	0.5658793	0.685715049	0.756120051	0.856221732	0.918545069	1	1
70	0.191173429	0.407776702	0.454103976	0.441843263	0.494566294	0.472414082	0.5658793	0.685715049	0.756120051	0.856221732	0.918545069	1	1
71	0.191173429	0.407776702	0.454103976	0.441843263	0.494566294	0.472414082	0.5658793	0.685715049	0.756120051	0.856221732	0.918545069	1	1
72	0.191173429	0.407776702	0.454103976	0.441843263	0.494566294	0.472414082	0.5658793	0.685715049	0.756120051	0.856221732	0.918545069	1	1
73	0.191173429	0.407776702	0.454103976	0.441843263	0.494566294	0.472414082	0.5658793	0.685715049	0.756120051	0.856221732	0.918545069	1	1
74	0.191173429	0.407776702	0.454103976	0.441843263	0.494566294	0.472414082	0.5658793	0.685715049	0.756120051	0.856221732	0.918545069	1	1
75	0.191173429	0.407776702	0.454103976	0.441843263	0.494566294	0.472414082	0.5658793	0.685715049	0.756120051	0.856221732	0.918545069	1	1
76	0.191173429	0.407776702	0.454103976	0.441843263	0.494566294	0.472414082	0.5658793	0.685715049	0.756120051	0.856221732	0.918545069	1	1
77	0.191173429	0.407776702	0.454103976	0.441843263	0.494566294	0.472414082	0.5658793	0.685715049	0.756120051	0.856221732	0.918545069	1	1
78	0.191173429	0.407776702	0.454103976	0.441843263	0.494566294	0.472414082	0.5658793	0.685715049	0.756120051	0.856221732	0.918545069	1	1
79	0.191173429	0.407776702	0.454103976	0.441843263	0.494566294	0.472414082	0.5658793	0.685715049	0.756120051	0.856221732	0.918545069	1	1
80	0.191173429	0.407776702	0.454103976	0.441843263	0.494566294	0.472414082	0.5658793	0.685715049	0.756120051	0.856221732	0.918545069	1	1
81	0.191173429	0.407776702	0.454103976	0.441843263	0.494566294	0.472414082	0.5658793	0.685715049	0.756120051	0.856221732	0.918545069	1	1
82	0.191173429	0.407776702	0.454103976	0.441843263	0.494566294	0.472414082	0.5658793	0.685715049	0.756120051	0.856221732	0.918545069	1	1
83	0.191173429	0.407776702	0.454103976	0.441843263	0.494566294	0.472414082	0.5658793	0.685715049	0.756120051	0.856221732	0.918545069	1	1
84	0.170984214	0.403769493	0.44467756	0.437730173	0.48847803	0.469247459	0.56042683	0.681364709	0.755061388	0.851754307	0.914216418	1	1
85	0.206747253	0.514954827	0.543159398	0.528115195	0.56946804	0.564810848	0.642291098	0.745399776	0.790803222	0.879355869	0.932367	1	1
86	0.225329062	0.570305363	0.587425161	0.571794367	0.60851503	0.60760374	0.67901998	0.772047484	0.800585167	0.87875278	0.928307584	1	1
87	0.230665297	0.597778831	0.613621	0.601031736	0.632948448	0.634086948	0.696911817	0.785696173	0.809288898	0.870981408	0.918991361	1	1
88	0.230665297	0.597778831	0.613621	0.601031736	0.632948448	0.634086948	0.696911817	0.785696173	0.809288898	0.870981408	0.918991361	1	1
89	0.230665297	0.597778831	0.613621	0.601031736	0.632948448	0.634086948	0.696911817	0.785696173	0.809288898	0.870981408	0.918991361	1	1
90	0.230665297	0.597778831	0.613621	0.601031736	0.632948448	0.634086948	0.696911817	0.785696173	0.809288898	0.870981408	0.918991361	1	1
91	0	0	0	0	0	0	0	0	0	0	0	0	0
92	0.230665297	0.597778831	0.613621	0.601031736	0.632948448	0.634086948	0.696911817	0.785696173	0.809288898	0.870981408	0.918991361	1	1
93	0.230665297	0.597778831	0.613621	0.601031736	0.632948448	0.634086948	0.696911817	0.785696173	0.809288898	0.870981408	0.918991361	1	1
94	0.230665297	0.597778831	0.613621	0.601031736	0.632948448	0.634086948	0.696911817	0.785696173	0.809288898	0.870981408	0.918991361	1	1
95	0.230665297	0.597778831	0.613621	0.601031736	0.632948448	0.634086948	0.696911817	0.785696173	0.809288898	0.870981408	0.918991361	1	1
96	0.230665297	0.597778831	0.613621	0.601031736	0.632948448	0.634086948	0.696911817	0.785696173	0.809288898	0.870981408	0.918991361	1	1
97	0.230665297	0.597778831	0.613621	0.601031736	0.632948448	0.634086948	0.696911817	0.785696173	0.809288898	0.870981408	0.918991361	1	1
98	0.230665297	0.597778831	0.613621	0.601031736	0.632948448	0.634086948	0.696911817	0.785696173	0.809288898	0.870981408	0.918991361	1	1
99	0.243619181	0.651522774	0.664372298	0.661962177	0.671122503	0.68582003	0.735079101	0.813840404	0.836807292	0.867482935	0.912088458	1	1
100	0.302717814	0.72242482	0.723720311	0.748139892	0.761177104	0.750087053	0.787662357	0.864582604	0.874670622	0.919964161	0.952544957	1	1
101	0.293230002	0.691395243	0.69648112	0.725776988	0.735306136	0.729663983	0.764483209	0.833772574	0.856982682	0.903332234	0.937536694	1	1
102	0.293230002	0.691395243	0.69648112	0.725776988	0.735306136	0.729663983	0.764483209	0.833772574	0.856982682	0.903332234	0.937536694	1	1
103	0.293230002	0.691395243	0.69648112	0.725776988	0.735306136	0.729663983	0.764483209	0.833772574	0.856982682	0.903332234	0.937536694	1	1
104	0.262229096	0.643177738	0.649728965	0.675854099	0.684202898	0.681323976	0.723139101	0.802887192	0.831230301	0.888601576	0.925331178	1	1
105	0.262229096	0.643177738	0.649728965	0.675854099	0.684202898	0.681323976	0.723139101	0.802887192	0.831230301	0.888601576	0.925331178	1	1
106	0.262229096	0.643177738	0.649728965	0.675854099	0.684202898	0.681323976	0.723139101	0.802887192	0.831230301	0.888601576	0.925331178	1	1
107	0.251121088	0.620498268	0.625588892	0.652257045	0.657146694	0.656517853	0.70127381	0.781257278	0.814760828	0.875001165	0.913436991	1	1
108	0.235100981	0.577170182	0.584556329	0.614786009	0.614791439	0.617720349	0.665415884	0.746327345	0.79152719	0.856975535	0.89847378	1	1
109	0.203874284	0.525079135	0.538917283	0.568122448	0.568278172	0.575413073	0.624418534	0.709363148	0.763743936	0.83708297	0.881247726	1	1
110	0.203874284	0.525079135	0.538917283	0.568122448	0.568278172	0.575413073	0.624418534	0.709363148	0.763743936	0.83708297	0.881247726	1	1
111	0	0	0	0	0	0	0	0	0	0	0	0	0
112	0.241836017	0.786099103	0.812984361	0.767541529	0.819190888	0.775424964	0.858060656	0.987276563	0.937872231	1	1	1	1
113	0.241836017	0.786099103	0.812984361	0.767541529	0.819190888	0.775424964	0.858060656	0.987276563	0.937872231	1	1	1	1
114	0.248697898	0.766470222	0.784592411	0.754030229	0.79797506	0.763867463	0.834431902	0.951720348	0.920544318	0.988720829	1	1	1
115	0.245174829	0.73810189	0.756802598	0.733940276	0.776008237	0.74519423	0.806940746	0.925213713	0.901751029	0.968670688	1	1	1
116	0.245174829	0.73810189	0.756802598	0.733940276	0.776008237	0.74519423	0.806940746	0.925213713	0.901751029	0.968670688	1	1	1
117	0.230139119	0.694554917	0.716358504	0.703687191	0.740183534	0.720302269	0.776651005	0.890092666	0.877923415	0.946581935	0.992377594	1	1
118	0.230139119	0.694554917	0.716358504	0.703687191	0.740183534	0.720302269	0.776651005	0.890092666	0.877923415	0.946581935	0.992377594	1	1
119	0.230139119	0.694554917	0.716358504	0.703687191	0.740183534	0.720302269	0.776651005	0.890092666	0.877923415	0.946581935	0.992377594	1	1
120	0.221367491	0.670811919	0.690031167	0.686856334	0.722964733	0.707785932	0.753132596	0.858762638	0.863955033	0.935616054	0.978404251	1	1
121	0.227546615	0.641153127	0.660660036	0.666293037	0.693222186	0.687043328	0.725213438	0.828813174	0.839960879	0.914274206	0.956266337	1	1
122	0.227546615	0.641153127	0.660660036	0.666293037	0.693222186	0.687043328	0.725213438	0.828813174	0.839960879	0.914274206	0.956266337	1	1
123	0	0	0	0	0	0	0	0	0	0	0	0	0
124	0.42344601	0.822056506	0.86157472	0.881475543	0.896450965	0.873613085	0.90556113	0.980761827	0.957511336	0.984244938	1	1	1
125	0.416853673	0.795249038	0.833872236	0.848589079	0.862666961	0.850764872	0.89414662	0.96367785	0.938110356	0.964088924	0.993126088	1	1
126	0.416853673	0.795249038	0.833872236	0.848589079	0.862666961	0.850764872	0.89414662	0.96367785	0.938110356	0.964088924	0.993126088	1	1
127	0.416853673	0.795249038	0.833872236	0.848589079	0.862666961	0.850764872	0.89414662	0.96367785	0.938110356	0.964088924	0.993126088	1	1
128	0.416853673	0.795249038	0.833872236	0.848589079	0.862666961	0.850764872	0.89414662	0.96367785	0.938110356	0.964088924	0.993126088	1	1
129	0.416853673	0.795249038	0.833872236	0.848589079	0.862666961	0.850764872	0.89414662	0.96367785	0.938110356	0.964088924	0.993126088	1	1
130	0.416853673	0.795249038	0.833872236	0.848589079	0.862666961	0.850764872	0.89414662	0.96367785	0.938110356	0.964088924	0.993126088	1	1
131	0.396682429	0.749317683	0.78412823	0.789158084	0.814725438	0.792056458	0.844822998	0.91041857	0.889891715	0.920996443	0.948771803	1	1
132	0.303662551	0.51586047	0.549373869	0.563994522	0.587540872	0.574139053	0.649229076	0.713440033	0.75170272	0.794511255	0.839515022	0.952731671	1
133	0.28486991	0.494836081	0.528999144	0.535872003	0.570983591	0.554650352	0.630699754	0.70993564	0.750244059	0.808333206	0.857853353	0.971630839	1
134	0.28486991	0.494836081	0.528999144	0.535872003	0.570983591	0.554650352	0.630699754	0.70993564	0.750244059	0.808333206	0.857853353	0.971630839	1
135	0.28486991	0.494836081	0.528999144	0.535872003	0.570983591	0.554650352	0.630699754	0.70993564	0.750244059	0.808333206	0.857853353	0.971630839	1
136	0.28486991	0.494836081	0.528999144	0.535872003	0.570983591	0.554650352	0.630699754	0.70993564	0.750244059	0.808333206	0.857853353	0.971630839	1
137	0.28486991	0.494836081	0.528999144	0.535872003	0.570983591	0.554650352	0.630699754	0.70993564	0.750244059	0.808333206	0.857853353	0.971630839	1
138	0.28486991	0.494836081	0.528999144	0.535872003	0.570983591	0.554650352	0.630699754	0.70993564	0.750244059	0.808333206	0.857853353	0.971630839	1
139	0.28486991	0.494836081	0.528999144	0.535872003	0.570983591	0.554650352	0.630699754	0.70993564	0.750244059	0.808333206	0.857853353	0.971630839	1
140	0.28486991	0.494836081	0.528999144	0.535872003	0.570983591	0.554650352	0.630699754	0.70993564	0.750244059	0.808333206	0.857853353	0.971630839	1
141	0.28486991	0.494836081	0.528999144	0.535872003	0.570983591	0.554650352	0.630699754	0.70993564	0.750244059	0.808333206	0.857853353	0.971630839	1
142	0.28486991	0.494836081	0.528999144	0.535872003	0.570983591	0.554650352	0.630699754	0.70993564	0.750244059	0.808333206	0.857853353	0.971630839	1
143	0.28486991	0.494836081	0.528999144	0.535872003	0.570983591	0.554650352	0.630699754	0.70993564	0.750244059	0.808333206	0.857853353	0.971630839	1
144	0.28486991	0.494836081	0.528999144	0.535872003	0.570983591	0.554650352	0.630699754	0.70993564	0.750244059	0.808333206	0.857853353	0.971630839	1
145	0.28486991	0.494836081	0.528999144	0.535872003	0.570983591	0.554650352	0.630699754	0.70993564	0.750244059	0.808333206	0.857853353	0.971630839	1
146	0.28486991	0.494836081	0.528999144	0.535872003	0.570983591	0.554650352	0.630699754	0.70993564	0.750244059	0.808333206	0.857853353	0.971630839	1
147	0.28486991	0.494836081	0.528999144	0.535872003	0.570983591	0.554650352	0.630699754	0.70993564	0.750244059	0.808333206	0.857853353	0.971630839	1
148	0.306757659	0.512626037	0.560374878	0.567696552	0.600417238	0.576944619	0.648422121	0.733548074	0.779968126	0.832125564	0.875587829	0.97672105	1
149	0.306757659	0.512626037	0.560374878	0.567696552	0.600417238	0.576944619	0.648422121	0.733548074	0.779968126	0.832125564	0.875587829	0.97672105	1
150	0.306757659	0.512626037	0.560374878	0.567696552	0.600417238	0.576944619	0.648422121	0.733548074	0.779968126	0.832125564	0.875587829	0.97672105	1
151	0	0	0	0	0	0	0	0	0	0	0	0	0
152	0.306757659	0.512626037	0.560374878	0.567696552	0.600417238	0.576944619	0.648422121	0.733548074	0.779968126	0.832125564	0.875587829	0.97672105	1
153	0.306757659	0.512626037	0.560374878	0.567696552	0.600417238	0.576944619	0.648422121	0.733548074	0.779968126	0.832125564	0.875587829	0.97672105	1
154	0.333243007	0.537362756	0.587097809	0.599554428	0.628445952	0.604900665	0.672449731	0.753972564	0.8042728	0.846075988	0.886181893	0.980291077	1
155	0.333243007	0.537362756	0.587097809	0.599554428	0.628445952	0.604900665	0.672449731	0.753972564	0.8042728	0.846075988	0.886181893	0.980291077	1
156	0.333243007	0.537362756	0.587097809	0.599554428	0.628445952	0.604900665	0.672449731	0.753972564	0.8042728	0.846075988	0.886181893	0.980291077	1
157	0.333243007	0.537362756	0.587097809	0.599554428	0.628445952	0.604900665	0.672449731	0.753972564	0.8042728	0.846075988	0.886181893	0.980291077	1
158	0.333243007	0.537362756	0.587097809	0.599554428	0.628445952	0.604900665	0.672449731	0.753972564	0.8042728	0.846075988	0.886181893	0.980291077	1
159	0.31270554	0.558904056	0.582512184	0.601996532	0.635721798	0.627655164	0.692916558	0.760722894	0.803823684	0.845601214	0.904249465	1	1
160	0.31270554	0.558904056	0.582512184	0.601996532	0.635721798	0.627655164	0.692916558	0.760722894	0.803823684	0.845601214	0.904249465	1	1
161	0.31270554	0.558904056	0.582512184	0.601996532	0.635721798	0.627655164	0.692916558	0.760722894	0.803823684	0.845601214	0.904249465	1	1
