exposure  0.60000     4.98000     10.02000    19.98000    30.00000    40.02000    60.00000    150.00000   300.00000   600.00000   900.00000   1200.00000  1800.00012
r_number                                                                                                                                                            
1           0.015709    0.018453    0.017396    0.018466    0.015837    0.026219    0.024846    0.015598    0.019932    0.026945    0.018913    0.021723    0.023777
2           0.015709    0.018453    0.017396    0.018466    0.015837    0.026219    0.024846    0.015598    0.019932    0.026945    0.018913    0.021723    0.023777
3           0.015709    0.018453    0.017396    0.018466    0.015837    0.026219    0.024846    0.015598    0.019932    0.026945    0.018913    0.021723    0.023777
4           0.015709    0.018453    0.017396    0.018466    0.015837    0.026219    0.024846    0.015598    0.019932    0.026945    0.018913    0.021723    0.023777
5                NaN         NaN         NaN         NaN         NaN         NaN         NaN         NaN         NaN         NaN         NaN         NaN         NaN
6           0.015709    0.018453    0.017396    0.018466    0.015837    0.026219    0.024846    0.015598    0.019932    0.026945    0.018913    0.021723    0.023777
7           0.015709    0.018453    0.017396    0.018466    0.015837    0.026219    0.024846    0.015598    0.019932    0.026945    0.018913    0.021723    0.023777
8           0.015709    0.018453    0.017396    0.018466    0.015837    0.026219    0.024846    0.015598    0.019932    0.026945    0.018913    0.021723    0.023777
9           0.014044    0.011553    0.013710    0.010718    0.008598    0.010927    0.013277    0.007715    0.010336    0.014402    0.010026    0.014417    0.011241
10          0.018776    0.012201    0.013618    0.011476    0.019498    0.014990    0.014078    0.009678    0.014544    0.020146    0.012141    0.019542    0.014275
11          0.018776    0.012201    0.013618    0.011476    0.019498    0.014990    0.014078    0.009678    0.014544    0.020146    0.012141    0.019542    0.014275
12          0.018776    0.012201    0.013618    0.011476    0.019498    0.014990    0.014078    0.009678    0.014544    0.020146    0.012141    0.019542    0.014275
13          0.018776    0.012201    0.013618    0.011476    0.019498    0.014990    0.014078    0.009678    0.014544    0.020146    0.012141    0.019542    0.014275
14          0.018776    0.012201    0.013618    0.011476    0.019498    0.014990    0.014078    0.009678    0.014544    0.020146    0.012141    0.019542    0.014275
15          0.018776    0.012201    0.013618    0.011476    0.019498    0.014990    0.014078    0.009678    0.014544    0.020146    0.012141    0.019542    0.014275
16          0.022013    0.013222    0.015674    0.012854    0.023410    0.017270    0.016220    0.011364    0.017036    0.023518    0.014133    0.022597    0.016785
17          0.022013    0.013222    0.015674    0.012854    0.023410    0.017270    0.016220    0.011364    0.017036    0.023518    0.014133    0.022597    0.016785
18          0.016343    0.011298    0.016230    0.011003    0.009610    0.012258    0.017512    0.008155    0.011079    0.015381    0.010793    0.015660    0.012154
19          0.013636    0.011402    0.011970    0.009378    0.007968    0.009556    0.013800    0.004658    0.006978    0.011737    0.006596    0.010050    0.006834
20          0.011263    0.010185    0.011719    0.008453    0.009469    0.008805    0.011692    0.005579    0.006644    0.010660    0.007143    0.009931    0.008301
21          0.010806    0.009295    0.010898    0.007727    0.008489    0.008107    0.010549    0.004902    0.005859    0.009530    0.006289    0.009457    0.007241
22          0.009368    0.008240    0.009559    0.006870    0.007805    0.006866    0.011095    0.004165    0.006310    0.008454    0.005403    0.008606    0.006155
23          0.009368    0.008240    0.009559    0.006870    0.007805    0.006866    0.011095    0.004165    0.006310    0.008454    0.005403    0.008606    0.006155
24          0.009368    0.008240    0.009559    0.006870    0.007805    0.006866    0.011095    0.004165    0.006310    0.008454    0.005403    0.008606    0.006155
25          0.009368    0.008240    0.009559    0.006870    0.007805    0.006866    0.011095    0.004165    0.006310    0.008454    0.005403    0.008606    0.006155
26               NaN         NaN         NaN         NaN         NaN         NaN         NaN         NaN         NaN         NaN         NaN         NaN         NaN
27          0.009368    0.008240    0.009559    0.006870    0.007805    0.006866    0.011095    0.004165    0.006310    0.008454    0.005403    0.008606    0.006155
28          0.009368    0.008240    0.009559    0.006870    0.007805    0.006866    0.011095    0.004165    0.006310    0.008454    0.005403    0.008606    0.006155
29          0.009368    0.008240    0.009559    0.006870    0.007805    0.006866    0.011095    0.004165    0.006310    0.008454    0.005403    0.008606    0.006155
30          0.009368    0.008240    0.009559    0.006870    0.007805    0.006866    0.011095    0.004165    0.006310    0.008454    0.005403    0.008606    0.006155
31          0.009368    0.008240    0.009559    0.006870    0.007805    0.006866    0.011095    0.004165    0.006310    0.008454    0.005403    0.008606    0.006155
32          0.012171    0.009896    0.011278    0.007720    0.008919    0.007404    0.009718    0.004461    0.005884    0.009420    0.005986    0.010504    0.006495
33          0.033699    0.026695    0.022854    0.025113    0.022966    0.020535    0.022718    0.021375    0.021683    0.023553    0.023567    0.026397    0.024397
34          0.021150    0.016547    0.014319    0.015290    0.013395    0.012676    0.015450    0.012301    0.012907    0.014535    0.013630    0.016242    0.014328
35          0.028249    0.021792    0.018525    0.020155    0.016537    0.017144    0.020693    0.016550    0.017364    0.018672    0.018147    0.021039    0.018799
36          0.028249    0.021792    0.018525    0.020155    0.016537    0.017144    0.020693    0.016550    0.017364    0.018672    0.018147    0.021039    0.018799
37          0.028249    0.021792    0.018525    0.020155    0.016537    0.017144    0.020693    0.016550    0.017364    0.018672    0.018147    0.021039    0.018799
38          0.028249    0.021792    0.018525    0.020155    0.016537    0.017144    0.020693    0.016550    0.017364    0.018672    0.018147    0.021039    0.018799
39          0.028249    0.021792    0.018525    0.020155    0.016537    0.017144    0.020693    0.016550    0.017364    0.018672    0.018147    0.021039    0.018799
40          0.028249    0.021792    0.018525    0.020155    0.016537    0.017144    0.020693    0.016550    0.017364    0.018672    0.018147    0.021039    0.018799
41          0.036860    0.028132    0.028340    0.021811    0.014205    0.011621    0.023406    0.008503    0.022039    0.029988    0.014633    0.030465    0.012120
42          0.028650    0.021130    0.021017    0.014304    0.011695    0.011027    0.014740    0.006431    0.010112    0.014820    0.008203    0.013724    0.009088
43          0.028650    0.021130    0.021017    0.014304    0.011695    0.011027    0.014740    0.006431    0.010112    0.014820    0.008203    0.013724    0.009088
44          0.028650    0.021130    0.021017    0.014304    0.011695    0.011027    0.014740    0.006431    0.010112    0.014820    0.008203    0.013724    0.009088
45          0.028650    0.021130    0.021017    0.014304    0.011695    0.011027    0.014740    0.006431    0.010112    0.014820    0.008203    0.013724    0.009088
46          0.028650    0.021130    0.021017    0.014304    0.011695    0.011027    0.014740    0.006431    0.010112    0.014820    0.008203    0.013724    0.009088
47          0.037957    0.027811    0.027591    0.018232    0.015648    0.015044    0.018565    0.008476    0.010855    0.016766    0.009903    0.014507    0.011958
48          0.029535    0.019146    0.024495    0.018439    0.014273    0.028155    0.029395    0.012667    0.025157    0.025129    0.023145    0.023151    0.019986
49          0.029535    0.019146    0.024495    0.018439    0.014273    0.028155    0.029395    0.012667    0.025157    0.025129    0.023145    0.023151    0.019986
50          0.029535    0.019146    0.024495    0.018439    0.014273    0.028155    0.029395    0.012667    0.025157    0.025129    0.023145    0.023151    0.019986
51               NaN         NaN         NaN         NaN         NaN         NaN         NaN         NaN         NaN         NaN         NaN         NaN         NaN
52          0.029535    0.019146    0.024495    0.018439    0.014273    0.028155    0.029395    0.012667    0.025157    0.025129    0.023145    0.023151    0.019986
53          0.029535    0.019146    0.024495    0.018439    0.014273    0.028155    0.029395    0.012667    0.025157    0.025129    0.023145    0.023151    0.019986
54          0.023959    0.018636    0.021759    0.013999    0.013329    0.016325    0.023915    0.008981    0.015358    0.019011    0.015877    0.015942    0.013270
55          0.039156    0.040547    0.035870    0.030807    0.032267    0.030446    0.030449    0.032010    0.035105    0.042171    0.034701    0.038809    0.042710
56          0.029358    0.030299    0.027859    0.022920    0.026359    0.023333    0.023899    0.025204    0.027412    0.033604    0.030995    0.030551    0.034448
57          0.029358    0.030299    0.027859    0.022920    0.026359    0.023333    0.023899    0.025204    0.027412    0.033604    0.030995    0.030551    0.034448
58          0.029358    0.030299    0.027859    0.022920    0.026359    0.023333    0.023899    0.025204    0.027412    0.033604    0.030995    0.030551    0.034448
59          0.029358    0.030299    0.027859    0.022920    0.026359    0.023333    0.023899    0.025204    0.027412    0.033604    0.030995    0.030551    0.034448
60          0.029358    0.030299    0.027859    0.022920    0.026359    0.023333    0.023899    0.025204    0.027412    0.033604    0.030995    0.030551    0.034448
61          0.025681    0.026263    0.028305    0.018892    0.028215    0.021535    0.024325    0.024475    0.026279    0.034636    0.037335    0.030647    0.035578
62          0.023206    0.023760    0.025646    0.016997    0.025313    0.019373    0.021917    0.021902    0.023564    0.031141    0.033351    0.027781    0.031855
63          0.023206    0.023760    0.025646    0.016997    0.025313    0.019373    0.021917    0.021902    0.023564    0.031141    0.033351    0.027781    0.031855
64          0.016934    0.019927    0.018247    0.011319    0.011379    0.011762    0.018816    0.009238    0.012650    0.019938    0.011017    0.022736    0.014700
65          0.015050    0.016734    0.016432    0.010375    0.009765    0.009863    0.014550    0.007928    0.009917    0.015933    0.009138    0.018087    0.012397
66          0.014030    0.015475    0.015094    0.009532    0.009125    0.008911    0.013093    0.007278    0.009058    0.014474    0.008531    0.016224    0.011332
67          0.014030    0.015475    0.015094    0.009532    0.009125    0.008911    0.013093    0.007278    0.009058    0.014474    0.008531    0.016224    0.011332
68          0.014030    0.015475    0.015094    0.009532    0.009125    0.008911    0.013093    0.007278    0.009058    0.014474    0.008531    0.016224    0.011332
69               NaN         NaN         NaN         NaN         NaN         NaN         NaN         NaN         NaN         NaN         NaN         NaN         NaN
70          0.014030    0.015475    0.015094    0.009532    0.009125    0.008911    0.013093    0.007278    0.009058    0.014474    0.008531    0.016224    0.011332
71               NaN         NaN         NaN         NaN         NaN         NaN         NaN         NaN         NaN         NaN         NaN         NaN         NaN
72               NaN         NaN         NaN         NaN         NaN         NaN         NaN         NaN         NaN         NaN         NaN         NaN         NaN
73          0.014030    0.015475    0.015094    0.009532    0.009125    0.008911    0.013093    0.007278    0.009058    0.014474    0.008531    0.016224    0.011332
74          0.014030    0.015475    0.015094    0.009532    0.009125    0.008911    0.013093    0.007278    0.009058    0.014474    0.008531    0.016224    0.011332
75          0.014030    0.015475    0.015094    0.009532    0.009125    0.008911    0.013093    0.007278    0.009058    0.014474    0.008531    0.016224    0.011332
76          0.014030    0.015475    0.015094    0.009532    0.009125    0.008911    0.013093    0.007278    0.009058    0.014474    0.008531    0.016224    0.011332
77          0.014030    0.015475    0.015094    0.009532    0.009125    0.008911    0.013093    0.007278    0.009058    0.014474    0.008531    0.016224    0.011332
78          0.014030    0.015475    0.015094    0.009532    0.009125    0.008911    0.013093    0.007278    0.009058    0.014474    0.008531    0.016224    0.011332
79          0.014030    0.015475    0.015094    0.009532    0.009125    0.008911    0.013093    0.007278    0.009058    0.014474    0.008531    0.016224    0.011332
80          0.014030    0.015475    0.015094    0.009532    0.009125    0.008911    0.013093    0.007278    0.009058    0.014474    0.008531    0.016224    0.011332
81          0.014030    0.015475    0.015094    0.009532    0.009125    0.008911    0.013093    0.007278    0.009058    0.014474    0.008531    0.016224    0.011332
82          0.014030    0.015475    0.015094    0.009532    0.009125    0.008911    0.013093    0.007278    0.009058    0.014474    0.008531    0.016224    0.011332
83          0.014030    0.015475    0.015094    0.009532    0.009125    0.008911    0.013093    0.007278    0.009058    0.014474    0.008531    0.016224    0.011332
84          0.014030    0.015475    0.015094    0.009532    0.009125    0.008911    0.013093    0.007278    0.009058    0.014474    0.008531    0.016224    0.011332
85          0.014030    0.015475    0.015094    0.009532    0.009125    0.008911    0.013093    0.007278    0.009058    0.014474    0.008531    0.016224    0.011332
86          0.014030    0.015475    0.015094    0.009532    0.009125    0.008911    0.013093    0.007278    0.009058    0.014474    0.008531    0.016224    0.011332
87          0.014030    0.015475    0.015094    0.009532    0.009125    0.008911    0.013093    0.007278    0.009058    0.014474    0.008531    0.016224    0.011332
88          0.014030    0.015475    0.015094    0.009532    0.009125    0.008911    0.013093    0.007278    0.009058    0.014474    0.008531    0.016224    0.011332
89          0.014030    0.015475    0.015094    0.009532    0.009125    0.008911    0.013093    0.007278    0.009058    0.014474    0.008531    0.016224    0.011332
90          0.016611    0.018350    0.018827    0.010717    0.011632    0.010958    0.016148    0.008635    0.010609    0.018690    0.010198    0.019356    0.013396
91          0.036208    0.067814    0.057844    0.050204    0.042926    0.051799    0.066538    0.044712    0.070186    0.090262    0.054298    0.089466    0.073267
92          0.027788    0.049460    0.041245    0.038183    0.029374    0.037412    0.044192    0.030772    0.049651    0.062921    0.038985    0.060818    0.050916
93          0.027788    0.049460    0.041245    0.038183    0.029374    0.037412    0.044192    0.030772    0.049651    0.062921    0.038985    0.060818    0.050916
94          0.020377    0.042097    0.045341    0.034213    0.028093    0.040731    0.038362    0.032146    0.057488    0.065629    0.047177    0.061269    0.055779
95          0.020377    0.042097    0.045341    0.034213    0.028093    0.040731    0.038362    0.032146    0.057488    0.065629    0.047177    0.061269    0.055779
96          0.020377    0.042097    0.045341    0.034213    0.028093    0.040731    0.038362    0.032146    0.057488    0.065629    0.047177    0.061269    0.055779
97          0.020377    0.042097    0.045341    0.034213    0.028093    0.040731    0.038362    0.032146    0.057488    0.065629    0.047177    0.061269    0.055779
98          0.020377    0.042097    0.045341    0.034213    0.028093    0.040731    0.038362    0.032146    0.057488    0.065629    0.047177    0.061269    0.055779
99          0.020377    0.042097    0.045341    0.034213    0.028093    0.040731    0.038362    0.032146    0.057488    0.065629    0.047177    0.061269    0.055779
100         0.020377    0.042097    0.045341    0.034213    0.028093    0.040731    0.038362    0.032146    0.057488    0.065629    0.047177    0.061269    0.055779
101         0.020377    0.042097    0.045341    0.034213    0.028093    0.040731    0.038362    0.032146    0.057488    0.065629    0.047177    0.061269    0.055779
102         0.020377    0.042097    0.045341    0.034213    0.028093    0.040731    0.038362    0.032146    0.057488    0.065629    0.047177    0.061269    0.055779
103         0.020377    0.042097    0.045341    0.034213    0.028093    0.040731    0.038362    0.032146    0.057488    0.065629    0.047177    0.061269    0.055779
104              NaN         NaN         NaN         NaN         NaN         NaN         NaN         NaN         NaN         NaN         NaN         NaN         NaN
105         0.034667    0.033780    0.029513    0.025914    0.020115    0.018201    0.023728    0.015236    0.018863    0.020333    0.017263    0.020426    0.022547
106         0.034667    0.033780    0.029513    0.025914    0.020115    0.018201    0.023728    0.015236    0.018863    0.020333    0.017263    0.020426    0.022547
107         0.034667    0.033780    0.029513    0.025914    0.020115    0.018201    0.023728    0.015236    0.018863    0.020333    0.017263    0.020426    0.022547
108         0.034505    0.035259    0.030507    0.025568    0.020700    0.018113    0.022784    0.015723    0.018771    0.021577    0.017805    0.022688    0.023823
109         0.034505    0.035259    0.030507    0.025568    0.020700    0.018113    0.022784    0.015723    0.018771    0.021577    0.017805    0.022688    0.023823
110         0.034505    0.035259    0.030507    0.025568    0.020700    0.018113    0.022784    0.015723    0.018771    0.021577    0.017805    0.022688    0.023823
111         0.038013    0.040557    0.034691    0.027786    0.021825    0.021656    0.020891    0.020454    0.022120    0.027723    0.022813    0.029960    0.031274
112         0.055932    0.060060    0.055568    0.038671    0.035222    0.032652    0.028173    0.022350    0.023230    0.041157    0.023712    0.030352    0.032898
113         0.196608    0.199859    0.183872    0.147594    0.124396    0.145619    0.162510    0.165696    0.133377    0.142613    0.136793    0.156253    0.154004
114         0.171241    0.191179    0.153635    0.132036    0.116522    0.123169    0.135612    0.134724    0.122941    0.142770    0.118259    0.151156    0.149039
115         0.171241    0.191179    0.153635    0.132036    0.116522    0.123169    0.135612    0.134724    0.122941    0.142770    0.118259    0.151156    0.149039
116         0.171241    0.191179    0.153635    0.132036    0.116522    0.123169    0.135612    0.134724    0.122941    0.142770    0.118259    0.151156    0.149039
117         0.171241    0.191179    0.153635    0.132036    0.116522    0.123169    0.135612    0.134724    0.122941    0.142770    0.118259    0.151156    0.149039
118         0.171241    0.191179    0.153635    0.132036    0.116522    0.123169    0.135612    0.134724    0.122941    0.142770    0.118259    0.151156    0.149039
119         0.171241    0.191179    0.153635    0.132036    0.116522    0.123169    0.135612    0.134724    0.122941    0.142770    0.118259    0.151156    0.149039
120         0.171241    0.191179    0.153635    0.132036    0.116522    0.123169    0.135612    0.134724    0.122941    0.142770    0.118259    0.151156    0.149039
121         0.171241    0.191179    0.153635    0.132036    0.116522    0.123169    0.135612    0.134724    0.122941    0.142770    0.118259    0.151156    0.149039
122         0.066818    0.055881    0.052155    0.046165    0.030266    0.045845    0.040054    0.034253    0.039975    0.047453    0.039566    0.046442    0.047489
123         0.060659    0.049639    0.046346    0.041460    0.026887    0.040997    0.035884    0.030860    0.035919    0.041726    0.035490    0.041311    0.042883
124         0.060659    0.049639    0.046346    0.041460    0.026887    0.040997    0.035884    0.030860    0.035919    0.041726    0.035490    0.041311    0.042883
125         0.060659    0.049639    0.046346    0.041460    0.026887    0.040997    0.035884    0.030860    0.035919    0.041726    0.035490    0.041311    0.042883
126         0.049564    0.034216    0.033759    0.028320    0.020590    0.020445    0.023519    0.021009    0.022562    0.028846    0.022064    0.028314    0.030766
127         0.029621    0.019988    0.021279    0.016885    0.013300    0.014899    0.018600    0.013661    0.016517    0.020002    0.015046    0.019589    0.020542
128         0.029621    0.019988    0.021279    0.016885    0.013300    0.014899    0.018600    0.013661    0.016517    0.020002    0.015046    0.019589    0.020542
129         0.029621    0.019988    0.021279    0.016885    0.013300    0.014899    0.018600    0.013661    0.016517    0.020002    0.015046    0.019589    0.020542
130         0.029621    0.019988    0.021279    0.016885    0.013300    0.014899    0.018600    0.013661    0.016517    0.020002    0.015046    0.019589    0.020542
131         0.029621    0.019988    0.021279    0.016885    0.013300    0.014899    0.018600    0.013661    0.016517    0.020002    0.015046    0.019589    0.020542
132         0.029621    0.019988    0.021279    0.016885    0.013300    0.014899    0.018600    0.013661    0.016517    0.020002    0.015046    0.019589    0.020542
133         0.029621    0.019988    0.021279    0.016885    0.013300    0.014899    0.018600    0.013661    0.016517    0.020002    0.015046    0.019589    0.020542
134         0.032261    0.024669    0.035694    0.021982    0.018613    0.019922    0.020444    0.014825    0.021932    0.028383    0.016603    0.034289    0.022721
135         0.022747    0.022276    0.021960    0.014811    0.012965    0.014903    0.016080    0.011396    0.015274    0.022286    0.014207    0.024397    0.018065
136         0.022747    0.022276    0.021960    0.014811    0.012965    0.014903    0.016080    0.011396    0.015274    0.022286    0.014207    0.024397    0.018065
137         0.022747    0.022276    0.021960    0.014811    0.012965    0.014903    0.016080    0.011396    0.015274    0.022286    0.014207    0.024397    0.018065
138         0.022747    0.022276    0.021960    0.014811    0.012965    0.014903    0.016080    0.011396    0.015274    0.022286    0.014207    0.024397    0.018065
139         0.017261    0.020484    0.018308    0.014232    0.012950    0.016658    0.020321    0.012963    0.020033    0.028474    0.017083    0.027446    0.020950
140         0.017261    0.020484    0.018308    0.014232    0.012950    0.016658    0.020321    0.012963    0.020033    0.028474    0.017083    0.027446    0.020950
141         0.017261    0.020484    0.018308    0.014232    0.012950    0.016658    0.020321    0.012963    0.020033    0.028474    0.017083    0.027446    0.020950
142              NaN         NaN         NaN         NaN         NaN         NaN         NaN         NaN         NaN         NaN         NaN         NaN         NaN
143         0.017261    0.020484    0.018308    0.014232    0.012950    0.016658    0.020321    0.012963    0.020033    0.028474    0.017083    0.027446    0.020950
144         0.017261    0.020484    0.018308    0.014232    0.012950    0.016658    0.020321    0.012963    0.020033    0.028474    0.017083    0.027446    0.020950
145         0.017261    0.020484    0.018308    0.014232    0.012950    0.016658    0.020321    0.012963    0.020033    0.028474    0.017083    0.027446    0.020950
146         0.017261    0.020484    0.018308    0.014232    0.012950    0.016658    0.020321    0.012963    0.020033    0.028474    0.017083    0.027446    0.020950
147         0.017261    0.020484    0.018308    0.014232    0.012950    0.016658    0.020321    0.012963    0.020033    0.028474    0.017083    0.027446    0.020950
148              NaN         NaN         NaN         NaN         NaN         NaN         NaN         NaN         NaN         NaN         NaN         NaN         NaN
149         0.017261    0.020484    0.018308    0.014232    0.012950    0.016658    0.020321    0.012963    0.020033    0.028474    0.017083    0.027446    0.020950
150         0.017261    0.020484    0.018308    0.014232    0.012950    0.016658    0.020321    0.012963    0.020033    0.028474    0.017083    0.027446    0.020950
151         0.017261    0.020484    0.018308    0.014232    0.012950    0.016658    0.020321    0.012963    0.020033    0.028474    0.017083    0.027446    0.020950
152         0.017261    0.020484    0.018308    0.014232    0.012950    0.016658    0.020321    0.012963    0.020033    0.028474    0.017083    0.027446    0.020950
153              NaN         NaN         NaN         NaN         NaN         NaN         NaN         NaN         NaN         NaN         NaN         NaN         NaN
154         0.017261    0.020484    0.018308    0.014232    0.012950    0.016658    0.020321    0.012963    0.020033    0.028474    0.017083    0.027446    0.020950
155         0.017261    0.020484    0.018308    0.014232    0.012950    0.016658    0.020321    0.012963    0.020033    0.028474    0.017083    0.027446    0.020950
156              NaN         NaN         NaN         NaN         NaN         NaN         NaN         NaN         NaN         NaN         NaN         NaN         NaN
157         0.017261    0.020484    0.018308    0.014232    0.012950    0.016658    0.020321    0.012963    0.020033    0.028474    0.017083    0.027446    0.020950
158         0.017261    0.020484    0.018308    0.014232    0.012950    0.016658    0.020321    0.012963    0.020033    0.028474    0.017083    0.027446    0.020950
159         0.017261    0.020484    0.018308    0.014232    0.012950    0.016658    0.020321    0.012963    0.020033    0.028474    0.017083    0.027446    0.020950
160         0.017261    0.020484    0.018308    0.014232    0.012950    0.016658    0.020321    0.012963    0.020033    0.028474    0.017083    0.027446    0.020950
161         0.035153    0.037932    0.035621    0.028188    0.023413    0.028817    0.022471    0.021197    0.024843    0.037218    0.026291    0.045019    0.034000
162         0.035153    0.037932    0.035621    0.028188    0.023413    0.028817    0.022471    0.021197    0.024843    0.037218    0.026291    0.045019    0.034000