exposure  0.60      4.98      10.02     19.98     40.02     60.00     150.00    300.00    600.00    900.00    1200.00   1800.00   2700.00   3600.00   10800.00  57600.00
r_number                                                                                                                                                                
1         0.032402  0.309831  0.393664  0.425298  0.530958  0.528262  0.570387  0.579777  0.688449  0.703217  0.636026  0.745166  0.832898  0.813389  0.875609  0.864849
2         0.032402  0.309831  0.393664  0.425298  0.530958  0.528262  0.570387  0.579777  0.688449  0.703217  0.636026  0.745166  0.832898  0.813389  0.875609  0.864849
3         0.032402  0.309831  0.393664  0.425298  0.530958  0.528262  0.570387  0.579777  0.688449  0.703217  0.636026  0.745166  0.832898  0.813389  0.875609  0.864849
4         0.032402  0.309831  0.393664  0.425298  0.530958  0.528262  0.570387  0.579777  0.688449  0.703217  0.636026  0.745166  0.832898  0.813389  0.875609  0.864849
5              NaN       NaN       NaN       NaN       NaN       NaN       NaN       NaN       NaN       NaN       NaN       NaN       NaN       NaN       NaN       NaN
6         0.032402  0.309831  0.393664  0.425298  0.530958  0.528262  0.570387  0.579777  0.688449  0.703217  0.636026  0.745166  0.832898  0.813389  0.875609  0.864849
7         0.032402  0.309831  0.393664  0.425298  0.530958  0.528262  0.570387  0.579777  0.688449  0.703217  0.636026  0.745166  0.832898  0.813389  0.875609  0.864849
8         0.032402  0.309831  0.393664  0.425298  0.530958  0.528262  0.570387  0.579777  0.688449  0.703217  0.636026  0.745166  0.832898  0.813389  0.875609  0.864849
9         0.041519  0.316260  0.377469  0.409377  0.505567  0.497007  0.571548  0.566279  0.657129  0.683558  0.655479  0.744618  0.822854  0.804219  0.876191  0.870739
10        0.060649  0.350922  0.389397  0.413987  0.517695  0.518292  0.587143  0.582988  0.667996  0.690897  0.672116  0.741301  0.839028  0.832957  0.900957  0.898212
11        0.060649  0.350922  0.389397  0.413987  0.517695  0.518292  0.587143  0.582988  0.667996  0.690897  0.672116  0.741301  0.839028  0.832957  0.900957  0.898212
12        0.060649  0.350922  0.389397  0.413987  0.517695  0.518292  0.587143  0.582988  0.667996  0.690897  0.672116  0.741301  0.839028  0.832957  0.900957  0.898212
13        0.060649  0.350922  0.389397  0.413987  0.517695  0.518292  0.587143  0.582988  0.667996  0.690897  0.672116  0.741301  0.839028  0.832957  0.900957  0.898212
14        0.060649  0.350922  0.389397  0.413987  0.517695  0.518292  0.587143  0.582988  0.667996  0.690897  0.672116  0.741301  0.839028  0.832957  0.900957  0.898212
15        0.060649  0.350922  0.389397  0.413987  0.517695  0.518292  0.587143  0.582988  0.667996  0.690897  0.672116  0.741301  0.839028  0.832957  0.900957  0.898212
16        0.070895  0.358489  0.391104  0.411356  0.515735  0.517881  0.592327  0.585679  0.667499  0.689002  0.676771  0.741430  0.839925  0.840700  0.900185  0.898785
17        0.070895  0.358489  0.391104  0.411356  0.515735  0.517881  0.592327  0.585679  0.667499  0.689002  0.676771  0.741430  0.839925  0.840700  0.900185  0.898785
18        0.044751  0.324690  0.376612  0.415178  0.495081  0.482728  0.585320  0.571732  0.661419  0.687124  0.665150  0.756602  0.826601  0.808509  0.880084  0.880054
19        0.047629  0.258200  0.310441  0.332106  0.414338  0.431683  0.498698  0.499627  0.577084  0.613746  0.610487  0.698941  0.781407  0.786722  0.888370  0.886658
20        0.040780  0.226258  0.281961  0.304460  0.387710  0.397284  0.464280  0.466422  0.542019  0.585872  0.585964  0.676997  0.764503  0.779469  0.893626  0.887658
21        0.036747  0.226418  0.280982  0.302016  0.386037  0.394311  0.462533  0.465402  0.538894  0.585611  0.584027  0.675553  0.765005  0.780145  0.895278  0.888372
22        0.038636  0.232979  0.283831  0.306952  0.389924  0.393839  0.465009  0.467759  0.541179  0.590701  0.587952  0.681263  0.771819  0.787081  0.919975  0.920665
23        0.038636  0.232979  0.283831  0.306952  0.389924  0.393839  0.465009  0.467759  0.541179  0.590701  0.587952  0.681263  0.771819  0.787081  0.919975  0.920665
24        0.038636  0.232979  0.283831  0.306952  0.389924  0.393839  0.465009  0.467759  0.541179  0.590701  0.587952  0.681263  0.771819  0.787081  0.919975  0.920665
25        0.038636  0.232979  0.283831  0.306952  0.389924  0.393839  0.465009  0.467759  0.541179  0.590701  0.587952  0.681263  0.771819  0.787081  0.919975  0.920665
26             NaN       NaN       NaN       NaN       NaN       NaN       NaN       NaN       NaN       NaN       NaN       NaN       NaN       NaN       NaN       NaN
27        0.038636  0.232979  0.283831  0.306952  0.389924  0.393839  0.465009  0.467759  0.541179  0.590701  0.587952  0.681263  0.771819  0.787081  0.919975  0.920665
28        0.038636  0.232979  0.283831  0.306952  0.389924  0.393839  0.465009  0.467759  0.541179  0.590701  0.587952  0.681263  0.771819  0.787081  0.919975  0.920665
29        0.038636  0.232979  0.283831  0.306952  0.389924  0.393839  0.465009  0.467759  0.541179  0.590701  0.587952  0.681263  0.771819  0.787081  0.919975  0.920665
30        0.038636  0.232979  0.283831  0.306952  0.389924  0.393839  0.465009  0.467759  0.541179  0.590701  0.587952  0.681263  0.771819  0.787081  0.919975  0.920665
31        0.038636  0.232979  0.283831  0.306952  0.389924  0.393839  0.465009  0.467759  0.541179  0.590701  0.587952  0.681263  0.771819  0.787081  0.919975  0.920665
32        0.039099  0.232782  0.287999  0.311011  0.396724  0.398693  0.471497  0.471331  0.543400  0.595606  0.590445  0.684362  0.773110  0.789651  0.926969  0.924606
33        0.047128  0.267043  0.321861  0.343186  0.437387  0.432289  0.509088  0.510538  0.576684  0.619794  0.617401  0.701712  0.786475  0.800249  0.956274  0.958707
34        0.040083  0.272876  0.322340  0.349110  0.442533  0.435637  0.514881  0.514293  0.583734  0.629330  0.625404  0.703684  0.788492  0.801574  0.931381  0.937401
35        0.034649  0.292874  0.334497  0.361542  0.458470  0.449564  0.529808  0.529960  0.597381  0.645491  0.640460  0.709909  0.791384  0.806099  0.912201  0.922822
36        0.031688  0.297243  0.337761  0.366618  0.467722  0.457469  0.538366  0.538434  0.602917  0.652469  0.648672  0.709987  0.792164  0.805639  0.878084  0.890235
37        0.031688  0.297243  0.337761  0.366618  0.467722  0.457469  0.538366  0.538434  0.602917  0.652469  0.648672  0.709987  0.792164  0.805639  0.878084  0.890235
38        0.031688  0.297243  0.337761  0.366618  0.467722  0.457469  0.538366  0.538434  0.602917  0.652469  0.648672  0.709987  0.792164  0.805639  0.878084  0.890235
39        0.031688  0.297243  0.337761  0.366618  0.467722  0.457469  0.538366  0.538434  0.602917  0.652469  0.648672  0.709987  0.792164  0.805639  0.878084  0.890235
40        0.031688  0.297243  0.337761  0.366618  0.467722  0.457469  0.538366  0.538434  0.602917  0.652469  0.648672  0.709987  0.792164  0.805639  0.878084  0.890235
41             NaN       NaN       NaN       NaN       NaN       NaN       NaN       NaN       NaN       NaN       NaN       NaN       NaN       NaN       NaN       NaN
42       -0.024676  0.165960  0.255663  0.293712  0.375689  0.352276  0.432158  0.421796  0.512202  0.553737  0.535187  0.635498  0.736136  0.755547  0.845073  0.859649
43       -0.024676  0.165960  0.255663  0.293712  0.375689  0.352276  0.432158  0.421796  0.512202  0.553737  0.535187  0.635498  0.736136  0.755547  0.845073  0.859649
44       -0.024676  0.165960  0.255663  0.293712  0.375689  0.352276  0.432158  0.421796  0.512202  0.553737  0.535187  0.635498  0.736136  0.755547  0.845073  0.859649
45       -0.024676  0.165960  0.255663  0.293712  0.375689  0.352276  0.432158  0.421796  0.512202  0.553737  0.535187  0.635498  0.736136  0.755547  0.845073  0.859649
46       -0.024676  0.165960  0.255663  0.293712  0.375689  0.352276  0.432158  0.421796  0.512202  0.553737  0.535187  0.635498  0.736136  0.755547  0.845073  0.859649
47       -0.024676  0.165960  0.255663  0.293712  0.375689  0.352276  0.432158  0.421796  0.512202  0.553737  0.535187  0.635498  0.736136  0.755547  0.845073  0.859649
48        0.022368  0.237048  0.299537  0.319287  0.401761  0.400100  0.479995  0.469822  0.546949  0.597887  0.582707  0.681216  0.768278  0.788901  0.858309  0.859388
49        0.022368  0.237048  0.299537  0.319287  0.401761  0.400100  0.479995  0.469822  0.546949  0.597887  0.582707  0.681216  0.768278  0.788901  0.858309  0.859388
50        0.022368  0.237048  0.299537  0.319287  0.401761  0.400100  0.479995  0.469822  0.546949  0.597887  0.582707  0.681216  0.768278  0.788901  0.858309  0.859388
51             NaN       NaN       NaN       NaN       NaN       NaN       NaN       NaN       NaN       NaN       NaN       NaN       NaN       NaN       NaN       NaN
52        0.022368  0.237048  0.299537  0.319287  0.401761  0.400100  0.479995  0.469822  0.546949  0.597887  0.582707  0.681216  0.768278  0.788901  0.858309  0.859388
53        0.022368  0.237048  0.299537  0.319287  0.401761  0.400100  0.479995  0.469822  0.546949  0.597887  0.582707  0.681216  0.768278  0.788901  0.858309  0.859388
54        0.005072  0.218443  0.291906  0.321762  0.398873  0.390629  0.465613  0.455530  0.540326  0.582918  0.567354  0.661652  0.753711  0.770519  0.867871  0.868674
55       -0.016165  0.142898  0.206811  0.218811  0.265374  0.276227  0.327977  0.318601  0.408089  0.473173  0.456968  0.568568  0.690928  0.717866  0.877468  0.865079
56        0.004135  0.136181  0.204933  0.221189  0.230078  0.258186  0.311414  0.299123  0.400170  0.463701  0.434482  0.574902  0.694509  0.738604  0.876181  0.875155
57        0.004135  0.136181  0.204933  0.221189  0.230078  0.258186  0.311414  0.299123  0.400170  0.463701  0.434482  0.574902  0.694509  0.738604  0.876181  0.875155
58        0.004135  0.136181  0.204933  0.221189  0.230078  0.258186  0.311414  0.299123  0.400170  0.463701  0.434482  0.574902  0.694509  0.738604  0.876181  0.875155
59        0.004135  0.136181  0.204933  0.221189  0.230078  0.258186  0.311414  0.299123  0.400170  0.463701  0.434482  0.574902  0.694509  0.738604  0.876181  0.875155
60        0.004135  0.136181  0.204933  0.221189  0.230078  0.258186  0.311414  0.299123  0.400170  0.463701  0.434482  0.574902  0.694509  0.738604  0.876181  0.875155
61        0.032257  0.143401  0.218475  0.246038  0.203913  0.251438  0.310303  0.294880  0.408156  0.467016  0.420324  0.599825  0.716021  0.768673  0.863635  0.892614
62        0.034043  0.141756  0.211066  0.235775  0.195478  0.242992  0.300334  0.284962  0.395455  0.458216  0.416399  0.597159  0.713252  0.763132  0.861997  0.884934
63        0.034043  0.141756  0.211066  0.235775  0.195478  0.242992  0.300334  0.284962  0.395455  0.458216  0.416399  0.597159  0.713252  0.763132  0.861997  0.884934
64        0.044698  0.120987  0.161816  0.181973  0.146749  0.188909  0.234494  0.223955  0.321010  0.397043  0.381233  0.581034  0.721495  0.749577  0.826899  0.838082
65        0.039742  0.128347  0.161292  0.175723  0.141784  0.187295  0.236244  0.216316  0.319040  0.403520  0.394470  0.588478  0.724050  0.748190  0.841417  0.852820
66        0.039742  0.128347  0.161292  0.175723  0.141784  0.187295  0.236244  0.216316  0.319040  0.403520  0.394470  0.588478  0.724050  0.748190  0.841417  0.852820
67        0.039742  0.128347  0.161292  0.175723  0.141784  0.187295  0.236244  0.216316  0.319040  0.403520  0.394470  0.588478  0.724050  0.748190  0.841417  0.852820
68        0.039742  0.128347  0.161292  0.175723  0.141784  0.187295  0.236244  0.216316  0.319040  0.403520  0.394470  0.588478  0.724050  0.748190  0.841417  0.852820
69             NaN       NaN       NaN       NaN       NaN       NaN       NaN       NaN       NaN       NaN       NaN       NaN       NaN       NaN       NaN       NaN
70        0.039742  0.128347  0.161292  0.175723  0.141784  0.187295  0.236244  0.216316  0.319040  0.403520  0.394470  0.588478  0.724050  0.748190  0.841417  0.852820
71             NaN       NaN       NaN       NaN       NaN       NaN       NaN       NaN       NaN       NaN       NaN       NaN       NaN       NaN       NaN       NaN
72             NaN       NaN       NaN       NaN       NaN       NaN       NaN       NaN       NaN       NaN       NaN       NaN       NaN       NaN       NaN       NaN
73        0.039742  0.128347  0.161292  0.175723  0.141784  0.187295  0.236244  0.216316  0.319040  0.403520  0.394470  0.588478  0.724050  0.748190  0.841417  0.852820
74        0.039742  0.128347  0.161292  0.175723  0.141784  0.187295  0.236244  0.216316  0.319040  0.403520  0.394470  0.588478  0.724050  0.748190  0.841417  0.852820
75        0.039742  0.128347  0.161292  0.175723  0.141784  0.187295  0.236244  0.216316  0.319040  0.403520  0.394470  0.588478  0.724050  0.748190  0.841417  0.852820
76        0.039742  0.128347  0.161292  0.175723  0.141784  0.187295  0.236244  0.216316  0.319040  0.403520  0.394470  0.588478  0.724050  0.748190  0.841417  0.852820
77        0.039742  0.128347  0.161292  0.175723  0.141784  0.187295  0.236244  0.216316  0.319040  0.403520  0.394470  0.588478  0.724050  0.748190  0.841417  0.852820
78        0.039742  0.128347  0.161292  0.175723  0.141784  0.187295  0.236244  0.216316  0.319040  0.403520  0.394470  0.588478  0.724050  0.748190  0.841417  0.852820
79        0.039742  0.128347  0.161292  0.175723  0.141784  0.187295  0.236244  0.216316  0.319040  0.403520  0.394470  0.588478  0.724050  0.748190  0.841417  0.852820
80        0.039742  0.128347  0.161292  0.175723  0.141784  0.187295  0.236244  0.216316  0.319040  0.403520  0.394470  0.588478  0.724050  0.748190  0.841417  0.852820
81        0.039742  0.128347  0.161292  0.175723  0.141784  0.187295  0.236244  0.216316  0.319040  0.403520  0.394470  0.588478  0.724050  0.748190  0.841417  0.852820
82        0.039742  0.128347  0.161292  0.175723  0.141784  0.187295  0.236244  0.216316  0.319040  0.403520  0.394470  0.588478  0.724050  0.748190  0.841417  0.852820
83        0.039742  0.128347  0.161292  0.175723  0.141784  0.187295  0.236244  0.216316  0.319040  0.403520  0.394470  0.588478  0.724050  0.748190  0.841417  0.852820
84        0.039742  0.128347  0.161292  0.175723  0.141784  0.187295  0.236244  0.216316  0.319040  0.403520  0.394470  0.588478  0.724050  0.748190  0.841417  0.852820
85        0.039742  0.128347  0.161292  0.175723  0.141784  0.187295  0.236244  0.216316  0.319040  0.403520  0.394470  0.588478  0.724050  0.748190  0.841417  0.852820
86        0.039742  0.128347  0.161292  0.175723  0.141784  0.187295  0.236244  0.216316  0.319040  0.403520  0.394470  0.588478  0.724050  0.748190  0.841417  0.852820
87        0.039742  0.128347  0.161292  0.175723  0.141784  0.187295  0.236244  0.216316  0.319040  0.403520  0.394470  0.588478  0.724050  0.748190  0.841417  0.852820
88        0.039742  0.128347  0.161292  0.175723  0.141784  0.187295  0.236244  0.216316  0.319040  0.403520  0.394470  0.588478  0.724050  0.748190  0.841417  0.852820
89        0.039742  0.128347  0.161292  0.175723  0.141784  0.187295  0.236244  0.216316  0.319040  0.403520  0.394470  0.588478  0.724050  0.748190  0.841417  0.852820
90        0.042354  0.122447  0.159968  0.176125  0.143757  0.187425  0.233131  0.222353  0.317074  0.399029  0.389420  0.584629  0.722503  0.747605  0.831995  0.844274
91        0.069093  0.206197  0.246323  0.266959  0.235212  0.300391  0.340154  0.323166  0.418647  0.512298  0.439942  0.665000  0.769730  0.779088  0.859036  0.842350
92        0.064919  0.207567  0.247254  0.264463  0.238987  0.302802  0.338229  0.327368  0.415281  0.508715  0.436441  0.656706  0.764882  0.767684  0.849637  0.833752
93        0.064919  0.207567  0.247254  0.264463  0.238987  0.302802  0.338229  0.327368  0.415281  0.508715  0.436441  0.656706  0.764882  0.767684  0.849637  0.833752
94        0.070555  0.221707  0.236197  0.231112  0.240805  0.310504  0.350429  0.354747  0.401099  0.497851  0.439133  0.647072  0.758991  0.799811  0.828521  0.819529
95        0.070555  0.221707  0.236197  0.231112  0.240805  0.310504  0.350429  0.354747  0.401099  0.497851  0.439133  0.647072  0.758991  0.799811  0.828521  0.819529
96        0.070555  0.221707  0.236197  0.231112  0.240805  0.310504  0.350429  0.354747  0.401099  0.497851  0.439133  0.647072  0.758991  0.799811  0.828521  0.819529
97        0.070555  0.221707  0.236197  0.231112  0.240805  0.310504  0.350429  0.354747  0.401099  0.497851  0.439133  0.647072  0.758991  0.799811  0.828521  0.819529
98        0.070555  0.221707  0.236197  0.231112  0.240805  0.310504  0.350429  0.354747  0.401099  0.497851  0.439133  0.647072  0.758991  0.799811  0.828521  0.819529
99        0.070555  0.221707  0.236197  0.231112  0.240805  0.310504  0.350429  0.354747  0.401099  0.497851  0.439133  0.647072  0.758991  0.799811  0.828521  0.819529
100       0.070555  0.221707  0.236197  0.231112  0.240805  0.310504  0.350429  0.354747  0.401099  0.497851  0.439133  0.647072  0.758991  0.799811  0.828521  0.819529
101       0.070555  0.221707  0.236197  0.231112  0.240805  0.310504  0.350429  0.354747  0.401099  0.497851  0.439133  0.647072  0.758991  0.799811  0.828521  0.819529
102       0.070555  0.221707  0.236197  0.231112  0.240805  0.310504  0.350429  0.354747  0.401099  0.497851  0.439133  0.647072  0.758991  0.799811  0.828521  0.819529
103       0.070555  0.221707  0.236197  0.231112  0.240805  0.310504  0.350429  0.354747  0.401099  0.497851  0.439133  0.647072  0.758991  0.799811  0.828521  0.819529
104            NaN       NaN       NaN       NaN       NaN       NaN       NaN       NaN       NaN       NaN       NaN       NaN       NaN       NaN       NaN       NaN
105       0.011393  0.214194  0.281144  0.291997  0.329836  0.353013  0.408980  0.402258  0.506695  0.572739  0.522523  0.684932  0.822050  0.814577  0.936775  0.898386
106       0.004776  0.206758  0.281231  0.289705  0.320494  0.349685  0.405208  0.390558  0.510024  0.567901  0.516960  0.691064  0.823216  0.817146  0.929581  0.890995
107       0.004776  0.206758  0.281231  0.289705  0.320494  0.349685  0.405208  0.390558  0.510024  0.567901  0.516960  0.691064  0.823216  0.817146  0.929581  0.890995
108       0.005712  0.203353  0.288437  0.289534  0.321384  0.358848  0.400966  0.396087  0.511761  0.570957  0.505461  0.690590  0.825808  0.815193  0.922786  0.882010
109       0.005712  0.203353  0.288437  0.289534  0.321384  0.358848  0.400966  0.396087  0.511761  0.570957  0.505461  0.690590  0.825808  0.815193  0.922786  0.882010
110       0.005712  0.203353  0.288437  0.289534  0.321384  0.358848  0.400966  0.396087  0.511761  0.570957  0.505461  0.690590  0.825808  0.815193  0.922786  0.882010
111       0.009373  0.202951  0.297534  0.307284  0.325189  0.365472  0.404267  0.391602  0.521842  0.581198  0.504408  0.709245  0.815664  0.805054  0.896918  0.871331
112       0.010961  0.163059  0.306123  0.306459  0.322167  0.385528  0.369570  0.392842  0.522448  0.563895  0.446507  0.668956  0.821376  0.779950  0.858930  0.838477
113       0.011596  0.216214  0.413168  0.352336  0.397672  0.533485  0.289659  0.281078  0.562545  0.532413  0.266463  0.600182  0.813389  0.674037  0.909382  0.798203
114       0.011314  0.225849  0.407793  0.379536  0.389975  0.524754  0.326398  0.308854  0.567362  0.567699  0.288447  0.631102  0.830676  0.693568  0.898426  0.783082
115       0.011314  0.225849  0.407793  0.379536  0.389975  0.524754  0.326398  0.308854  0.567362  0.567699  0.288447  0.631102  0.830676  0.693568  0.898426  0.783082
116       0.011314  0.225849  0.407793  0.379536  0.389975  0.524754  0.326398  0.308854  0.567362  0.567699  0.288447  0.631102  0.830676  0.693568  0.898426  0.783082
117       0.011314  0.225849  0.407793  0.379536  0.389975  0.524754  0.326398  0.308854  0.567362  0.567699  0.288447  0.631102  0.830676  0.693568  0.898426  0.783082
118       0.011314  0.225849  0.407793  0.379536  0.389975  0.524754  0.326398  0.308854  0.567362  0.567699  0.288447  0.631102  0.830676  0.693568  0.898426  0.783082
119       0.011314  0.225849  0.407793  0.379536  0.389975  0.524754  0.326398  0.308854  0.567362  0.567699  0.288447  0.631102  0.830676  0.693568  0.898426  0.783082
120       0.011314  0.225849  0.407793  0.379536  0.389975  0.524754  0.326398  0.308854  0.567362  0.567699  0.288447  0.631102  0.830676  0.693568  0.898426  0.783082
121       0.011314  0.225849  0.407793  0.379536  0.389975  0.524754  0.326398  0.308854  0.567362  0.567699  0.288447  0.631102  0.830676  0.693568  0.898426  0.783082
122       0.009107  0.202155  0.296472  0.326277  0.345311  0.362554  0.405165  0.382513  0.531881  0.577464  0.502452  0.682383  0.809363  0.780502  0.899891  0.867483
123       0.015414  0.233007  0.314598  0.349357  0.385244  0.389493  0.448616  0.427948  0.556872  0.603315  0.549346  0.683180  0.802354  0.775966  0.900833  0.882974
124       0.015414  0.233007  0.314598  0.349357  0.385244  0.389493  0.448616  0.427948  0.556872  0.603315  0.549346  0.683180  0.802354  0.775966  0.900833  0.882974
125       0.015414  0.233007  0.314598  0.349357  0.385244  0.389493  0.448616  0.427948  0.556872  0.603315  0.549346  0.683180  0.802354  0.775966  0.900833  0.882974
126       0.031465  0.282280  0.346808  0.392604  0.437974  0.430612  0.512165  0.505582  0.601962  0.654318  0.621744  0.731358  0.818060  0.811068  0.901461  0.899506
127       0.025853  0.304803  0.355741  0.395553  0.453638  0.466262  0.525196  0.532601  0.631702  0.682561  0.638118  0.756333  0.826822  0.829224  0.905790  0.914386
128       0.025853  0.304803  0.355741  0.395553  0.453638  0.466262  0.525196  0.532601  0.631702  0.682561  0.638118  0.756333  0.826822  0.829224  0.905790  0.914386
129       0.025853  0.304803  0.355741  0.395553  0.453638  0.466262  0.525196  0.532601  0.631702  0.682561  0.638118  0.756333  0.826822  0.829224  0.905790  0.914386
130       0.025853  0.304803  0.355741  0.395553  0.453638  0.466262  0.525196  0.532601  0.631702  0.682561  0.638118  0.756333  0.826822  0.829224  0.905790  0.914386
131       0.025853  0.304803  0.355741  0.395553  0.453638  0.466262  0.525196  0.532601  0.631702  0.682561  0.638118  0.756333  0.826822  0.829224  0.905790  0.914386
132       0.025853  0.304803  0.355741  0.395553  0.453638  0.466262  0.525196  0.532601  0.631702  0.682561  0.638118  0.756333  0.826822  0.829224  0.905790  0.914386
133       0.025853  0.304803  0.355741  0.395553  0.453638  0.466262  0.525196  0.532601  0.631702  0.682561  0.638118  0.756333  0.826822  0.829224  0.905790  0.914386
134       0.049226  0.237898  0.289383  0.336071  0.342869  0.345513  0.423650  0.417648  0.506028  0.569563  0.549148  0.670622  0.759299  0.759966  0.879582  0.887026
135       0.045104  0.221360  0.269193  0.300966  0.320503  0.326430  0.399730  0.388444  0.475800  0.542486  0.519427  0.646808  0.741821  0.749169  0.873588  0.861797
136       0.045104  0.221360  0.269193  0.300966  0.320503  0.326430  0.399730  0.388444  0.475800  0.542486  0.519427  0.646808  0.741821  0.749169  0.873588  0.861797
137       0.045104  0.221360  0.269193  0.300966  0.320503  0.326430  0.399730  0.388444  0.475800  0.542486  0.519427  0.646808  0.741821  0.749169  0.873588  0.861797
138       0.045104  0.221360  0.269193  0.300966  0.320503  0.326430  0.399730  0.388444  0.475800  0.542486  0.519427  0.646808  0.741821  0.749169  0.873588  0.861797
139       0.050396  0.234320  0.272675  0.282037  0.321441  0.335293  0.400915  0.399137  0.476414  0.544410  0.522266  0.649300  0.741465  0.754141  0.869508  0.851709
140       0.050396  0.234320  0.272675  0.282037  0.321441  0.335293  0.400915  0.399137  0.476414  0.544410  0.522266  0.649300  0.741465  0.754141  0.869508  0.851709
141       0.050396  0.234320  0.272675  0.282037  0.321441  0.335293  0.400915  0.399137  0.476414  0.544410  0.522266  0.649300  0.741465  0.754141  0.869508  0.851709
142            NaN       NaN       NaN       NaN       NaN       NaN       NaN       NaN       NaN       NaN       NaN       NaN       NaN       NaN       NaN       NaN
143       0.050396  0.234320  0.272675  0.282037  0.321441  0.335293  0.400915  0.399137  0.476414  0.544410  0.522266  0.649300  0.741465  0.754141  0.869508  0.851709
144       0.050396  0.234320  0.272675  0.282037  0.321441  0.335293  0.400915  0.399137  0.476414  0.544410  0.522266  0.649300  0.741465  0.754141  0.869508  0.851709
145       0.050396  0.234320  0.272675  0.282037  0.321441  0.335293  0.400915  0.399137  0.476414  0.544410  0.522266  0.649300  0.741465  0.754141  0.869508  0.851709
146       0.050396  0.234320  0.272675  0.282037  0.321441  0.335293  0.400915  0.399137  0.476414  0.544410  0.522266  0.649300  0.741465  0.754141  0.869508  0.851709
147       0.050396  0.234320  0.272675  0.282037  0.321441  0.335293  0.400915  0.399137  0.476414  0.544410  0.522266  0.649300  0.741465  0.754141  0.869508  0.851709
148            NaN       NaN       NaN       NaN       NaN       NaN       NaN       NaN       NaN       NaN       NaN       NaN       NaN       NaN       NaN       NaN
149       0.050396  0.234320  0.272675  0.282037  0.321441  0.335293  0.400915  0.399137  0.476414  0.544410  0.522266  0.649300  0.741465  0.754141  0.869508  0.851709
150       0.050396  0.234320  0.272675  0.282037  0.321441  0.335293  0.400915  0.399137  0.476414  0.544410  0.522266  0.649300  0.741465  0.754141  0.869508  0.851709
151       0.050396  0.234320  0.272675  0.282037  0.321441  0.335293  0.400915  0.399137  0.476414  0.544410  0.522266  0.649300  0.741465  0.754141  0.869508  0.851709
152       0.050396  0.234320  0.272675  0.282037  0.321441  0.335293  0.400915  0.399137  0.476414  0.544410  0.522266  0.649300  0.741465  0.754141  0.869508  0.851709
153            NaN       NaN       NaN       NaN       NaN       NaN       NaN       NaN       NaN       NaN       NaN       NaN       NaN       NaN       NaN       NaN
154       0.050396  0.234320  0.272675  0.282037  0.321441  0.335293  0.400915  0.399137  0.476414  0.544410  0.522266  0.649300  0.741465  0.754141  0.869508  0.851709
155       0.050396  0.234320  0.272675  0.282037  0.321441  0.335293  0.400915  0.399137  0.476414  0.544410  0.522266  0.649300  0.741465  0.754141  0.869508  0.851709
156            NaN       NaN       NaN       NaN       NaN       NaN       NaN       NaN       NaN       NaN       NaN       NaN       NaN       NaN       NaN       NaN
157       0.050396  0.234320  0.272675  0.282037  0.321441  0.335293  0.400915  0.399137  0.476414  0.544410  0.522266  0.649300  0.741465  0.754141  0.869508  0.851709
158       0.050396  0.234320  0.272675  0.282037  0.321441  0.335293  0.400915  0.399137  0.476414  0.544410  0.522266  0.649300  0.741465  0.754141  0.869508  0.851709
159       0.050396  0.234320  0.272675  0.282037  0.321441  0.335293  0.400915  0.399137  0.476414  0.544410  0.522266  0.649300  0.741465  0.754141  0.869508  0.851709
160       0.050396  0.234320  0.272675  0.282037  0.321441  0.335293  0.400915  0.399137  0.476414  0.544410  0.522266  0.649300  0.741465  0.754141  0.869508  0.851709
161       0.036452  0.202053  0.256795  0.277383  0.308228  0.312398  0.387105  0.368357  0.454407  0.522206  0.487485  0.618381  0.720681  0.733259  0.870109  0.840104
162       0.036452  0.202053  0.256795  0.277383  0.308228  0.312398  0.387105  0.368357  0.454407  0.522206  0.487485  0.618381  0.720681  0.733259  0.870109  0.840104