exposure  0.60      4.98      10.02     19.98     40.02     60.00     150.00    300.00    600.00    900.00    1200.00   1800.00   2700.00   3600.00   10800.00  57600.00
r_number                                                                                                                                                                
1         0.031570  0.047099  0.030592  0.033866  0.032996  0.058776  0.027133  0.046795  0.031840  0.031608  0.036041  0.013144  0.020859  0.034348  0.007940  0.007839
2         0.031570  0.047099  0.030592  0.033866  0.032996  0.058776  0.027133  0.046795  0.031840  0.031608  0.036041  0.013144  0.020859  0.034348  0.007940  0.007839
3         0.031570  0.047099  0.030592  0.033866  0.032996  0.058776  0.027133  0.046795  0.031840  0.031608  0.036041  0.013144  0.020859  0.034348  0.007940  0.007839
4         0.031570  0.047099  0.030592  0.033866  0.032996  0.058776  0.027133  0.046795  0.031840  0.031608  0.036041  0.013144  0.020859  0.034348  0.007940  0.007839
5              NaN       NaN       NaN       NaN       NaN       NaN       NaN       NaN       NaN       NaN       NaN       NaN       NaN       NaN       NaN       NaN
6         0.031570  0.047099  0.030592  0.033866  0.032996  0.058776  0.027133  0.046795  0.031840  0.031608  0.036041  0.013144  0.020859  0.034348  0.007940  0.007839
7         0.031570  0.047099  0.030592  0.033866  0.032996  0.058776  0.027133  0.046795  0.031840  0.031608  0.036041  0.013144  0.020859  0.034348  0.007940  0.007839
8         0.031570  0.047099  0.030592  0.033866  0.032996  0.058776  0.027133  0.046795  0.031840  0.031608  0.036041  0.013144  0.020859  0.034348  0.007940  0.007839
9         0.025731  0.033911  0.016189  0.027684  0.022709  0.037978  0.021248  0.011631  0.017536  0.015976  0.018706  0.006396  0.012725  0.015758  0.001216  0.001214
10        0.020972  0.023029  0.015045  0.018739  0.017797  0.028109  0.014448  0.009562  0.013338  0.017639  0.014879  0.018599  0.018439  0.015754  0.002014  0.002016
11        0.020972  0.023029  0.015045  0.018739  0.017797  0.028109  0.014448  0.009562  0.013338  0.017639  0.014879  0.018599  0.018439  0.015754  0.002014  0.002016
12        0.020972  0.023029  0.015045  0.018739  0.017797  0.028109  0.014448  0.009562  0.013338  0.017639  0.014879  0.018599  0.018439  0.015754  0.002014  0.002016
13        0.020972  0.023029  0.015045  0.018739  0.017797  0.028109  0.014448  0.009562  0.013338  0.017639  0.014879  0.018599  0.018439  0.015754  0.002014  0.002016
14        0.020972  0.023029  0.015045  0.018739  0.017797  0.028109  0.014448  0.009562  0.013338  0.017639  0.014879  0.018599  0.018439  0.015754  0.002014  0.002016
15        0.020972  0.023029  0.015045  0.018739  0.017797  0.028109  0.014448  0.009562  0.013338  0.017639  0.014879  0.018599  0.018439  0.015754  0.002014  0.002016
16        0.021878  0.020703  0.016779  0.017141  0.017573  0.027676  0.014365  0.010049  0.013512  0.020356  0.014800  0.022826  0.021486  0.017614  0.002399  0.002404
17        0.021878  0.020703  0.016779  0.017141  0.017573  0.027676  0.014365  0.010049  0.013512  0.020356  0.014800  0.022826  0.021486  0.017614  0.002399  0.002404
18        0.032423  0.044708  0.020085  0.033135  0.026036  0.053361  0.025804  0.016079  0.024179  0.023997  0.026181  0.010349  0.013331  0.021299  0.001184  0.001184
19        0.018824  0.025508  0.016318  0.018782  0.016308  0.023123  0.018754  0.011973  0.010530  0.018132  0.020609  0.005489  0.005945  0.010694  0.001094  0.001089
20        0.014284  0.020606  0.013464  0.015983  0.014443  0.018964  0.016093  0.009143  0.007024  0.013873  0.015812  0.003980  0.006058  0.008114  0.003774  0.002419
21        0.013207  0.019695  0.012720  0.016085  0.012963  0.017547  0.014925  0.007973  0.006293  0.012391  0.014536  0.003526  0.005579  0.007748  0.003265  0.002179
22        0.011343  0.015006  0.010313  0.013732  0.010019  0.014230  0.011322  0.007048  0.005228  0.009189  0.011640  0.004521  0.005188  0.006374  0.002258  0.001724
23        0.011343  0.015006  0.010313  0.013732  0.010019  0.014230  0.011322  0.007048  0.005228  0.009189  0.011640  0.004521  0.005188  0.006374  0.002258  0.001724
24        0.011343  0.015006  0.010313  0.013732  0.010019  0.014230  0.011322  0.007048  0.005228  0.009189  0.011640  0.004521  0.005188  0.006374  0.002258  0.001724
25        0.011343  0.015006  0.010313  0.013732  0.010019  0.014230  0.011322  0.007048  0.005228  0.009189  0.011640  0.004521  0.005188  0.006374  0.002258  0.001724
26             NaN       NaN       NaN       NaN       NaN       NaN       NaN       NaN       NaN       NaN       NaN       NaN       NaN       NaN       NaN       NaN
27        0.011343  0.015006  0.010313  0.013732  0.010019  0.014230  0.011322  0.007048  0.005228  0.009189  0.011640  0.004521  0.005188  0.006374  0.002258  0.001724
28        0.011343  0.015006  0.010313  0.013732  0.010019  0.014230  0.011322  0.007048  0.005228  0.009189  0.011640  0.004521  0.005188  0.006374  0.002258  0.001724
29        0.011343  0.015006  0.010313  0.013732  0.010019  0.014230  0.011322  0.007048  0.005228  0.009189  0.011640  0.004521  0.005188  0.006374  0.002258  0.001724
30        0.011343  0.015006  0.010313  0.013732  0.010019  0.014230  0.011322  0.007048  0.005228  0.009189  0.011640  0.004521  0.005188  0.006374  0.002258  0.001724
31        0.011343  0.015006  0.010313  0.013732  0.010019  0.014230  0.011322  0.007048  0.005228  0.009189  0.011640  0.004521  0.005188  0.006374  0.002258  0.001724
32        0.014226  0.018411  0.012317  0.017538  0.012412  0.016799  0.013646  0.007538  0.005951  0.010025  0.012575  0.004444  0.004378  0.006621  0.002910  0.002006
33        0.019148  0.025881  0.017356  0.023358  0.019446  0.028867  0.017145  0.015106  0.011702  0.016477  0.021062  0.012160  0.011336  0.013456  0.012135  0.011740
34        0.016329  0.025040  0.016416  0.027187  0.015657  0.025954  0.015584  0.011655  0.009607  0.015206  0.018447  0.009406  0.008927  0.011734  0.009287  0.009002
35        0.023110  0.037683  0.024551  0.041712  0.021908  0.039353  0.022336  0.017092  0.014690  0.022360  0.027422  0.014506  0.014236  0.018331  0.014395  0.014454
36        0.024852  0.046277  0.030055  0.050325  0.026414  0.047674  0.027085  0.020484  0.017894  0.027628  0.034065  0.017699  0.018052  0.022678  0.018431  0.018507
37        0.024852  0.046277  0.030055  0.050325  0.026414  0.047674  0.027085  0.020484  0.017894  0.027628  0.034065  0.017699  0.018052  0.022678  0.018431  0.018507
38        0.024852  0.046277  0.030055  0.050325  0.026414  0.047674  0.027085  0.020484  0.017894  0.027628  0.034065  0.017699  0.018052  0.022678  0.018431  0.018507
39        0.024852  0.046277  0.030055  0.050325  0.026414  0.047674  0.027085  0.020484  0.017894  0.027628  0.034065  0.017699  0.018052  0.022678  0.018431  0.018507
40        0.024852  0.046277  0.030055  0.050325  0.026414  0.047674  0.027085  0.020484  0.017894  0.027628  0.034065  0.017699  0.018052  0.022678  0.018431  0.018507
41             NaN       NaN       NaN       NaN       NaN       NaN       NaN       NaN       NaN       NaN       NaN       NaN       NaN       NaN       NaN       NaN
42        0.032321  0.059659  0.039229  0.050927  0.053928  0.072416  0.041163  0.028218  0.032019  0.031234  0.038953  0.006361  0.010871  0.015781  0.003714  0.003743
43        0.032321  0.059659  0.039229  0.050927  0.053928  0.072416  0.041163  0.028218  0.032019  0.031234  0.038953  0.006361  0.010871  0.015781  0.003714  0.003743
44        0.032321  0.059659  0.039229  0.050927  0.053928  0.072416  0.041163  0.028218  0.032019  0.031234  0.038953  0.006361  0.010871  0.015781  0.003714  0.003743
45        0.032321  0.059659  0.039229  0.050927  0.053928  0.072416  0.041163  0.028218  0.032019  0.031234  0.038953  0.006361  0.010871  0.015781  0.003714  0.003743
46        0.032321  0.059659  0.039229  0.050927  0.053928  0.072416  0.041163  0.028218  0.032019  0.031234  0.038953  0.006361  0.010871  0.015781  0.003714  0.003743
47        0.032321  0.059659  0.039229  0.050927  0.053928  0.072416  0.041163  0.028218  0.032019  0.031234  0.038953  0.006361  0.010871  0.015781  0.003714  0.003743
48        0.025001  0.027796  0.020151  0.036752  0.021417  0.029677  0.023353  0.012055  0.012564  0.013210  0.014178  0.004178  0.014895  0.009951  0.002850  0.002834
49        0.025001  0.027796  0.020151  0.036752  0.021417  0.029677  0.023353  0.012055  0.012564  0.013210  0.014178  0.004178  0.014895  0.009951  0.002850  0.002834
50        0.025001  0.027796  0.020151  0.036752  0.021417  0.029677  0.023353  0.012055  0.012564  0.013210  0.014178  0.004178  0.014895  0.009951  0.002850  0.002834
51             NaN       NaN       NaN       NaN       NaN       NaN       NaN       NaN       NaN       NaN       NaN       NaN       NaN       NaN       NaN       NaN
52        0.025001  0.027796  0.020151  0.036752  0.021417  0.029677  0.023353  0.012055  0.012564  0.013210  0.014178  0.004178  0.014895  0.009951  0.002850  0.002834
53        0.025001  0.027796  0.020151  0.036752  0.021417  0.029677  0.023353  0.012055  0.012564  0.013210  0.014178  0.004178  0.014895  0.009951  0.002850  0.002834
54        0.022294  0.038293  0.024047  0.046346  0.029761  0.043175  0.026451  0.018082  0.016134  0.017459  0.021518  0.005698  0.018604  0.014576  0.004140  0.004107
55        0.029146  0.044732  0.028199  0.038511  0.032028  0.041626  0.033499  0.045104  0.024176  0.033366  0.045515  0.024457  0.031483  0.034556  0.015872  0.015244
56        0.023435  0.036733  0.024141  0.031095  0.031574  0.033144  0.025280  0.037563  0.020312  0.026013  0.038620  0.018712  0.026836  0.030783  0.011657  0.011272
57        0.023435  0.036733  0.024141  0.031095  0.031574  0.033144  0.025280  0.037563  0.020312  0.026013  0.038620  0.018712  0.026836  0.030783  0.011657  0.011272
58        0.023435  0.036733  0.024141  0.031095  0.031574  0.033144  0.025280  0.037563  0.020312  0.026013  0.038620  0.018712  0.026836  0.030783  0.011657  0.011272
59        0.023435  0.036733  0.024141  0.031095  0.031574  0.033144  0.025280  0.037563  0.020312  0.026013  0.038620  0.018712  0.026836  0.030783  0.011657  0.011272
60        0.023435  0.036733  0.024141  0.031095  0.031574  0.033144  0.025280  0.037563  0.020312  0.026013  0.038620  0.018712  0.026836  0.030783  0.011657  0.011272
61        0.028557  0.045950  0.031293  0.036099  0.048889  0.040303  0.026690  0.044336  0.024607  0.025387  0.046489  0.016520  0.032598  0.040626  0.008874  0.008362
62        0.025513  0.041052  0.027919  0.033455  0.043419  0.036043  0.024802  0.039585  0.021641  0.022375  0.041096  0.014587  0.028578  0.035477  0.007710  0.007265
63        0.025513  0.041052  0.027919  0.033455  0.043419  0.036043  0.024802  0.039585  0.021641  0.022375  0.041096  0.014587  0.028578  0.035477  0.007710  0.007265
64        0.025969  0.040691  0.030191  0.048535  0.042672  0.040842  0.037934  0.039570  0.015016  0.023170  0.030134  0.015430  0.020755  0.016417  0.009396  0.004470
65        0.023710  0.033666  0.024400  0.039765  0.031890  0.030151  0.028652  0.028391  0.012394  0.016290  0.024163  0.010371  0.014683  0.012894  0.005317  0.003024
66        0.023710  0.033666  0.024400  0.039765  0.031890  0.030151  0.028652  0.028391  0.012394  0.016290  0.024163  0.010371  0.014683  0.012894  0.005317  0.003024
67        0.023710  0.033666  0.024400  0.039765  0.031890  0.030151  0.028652  0.028391  0.012394  0.016290  0.024163  0.010371  0.014683  0.012894  0.005317  0.003024
68        0.023710  0.033666  0.024400  0.039765  0.031890  0.030151  0.028652  0.028391  0.012394  0.016290  0.024163  0.010371  0.014683  0.012894  0.005317  0.003024
69             NaN       NaN       NaN       NaN       NaN       NaN       NaN       NaN       NaN       NaN       NaN       NaN       NaN       NaN       NaN       NaN
70        0.023710  0.033666  0.024400  0.039765  0.031890  0.030151  0.028652  0.028391  0.012394  0.016290  0.024163  0.010371  0.014683  0.012894  0.005317  0.003024
71             NaN       NaN       NaN       NaN       NaN       NaN       NaN       NaN       NaN       NaN       NaN       NaN       NaN       NaN       NaN       NaN
72             NaN       NaN       NaN       NaN       NaN       NaN       NaN       NaN       NaN       NaN       NaN       NaN       NaN       NaN       NaN       NaN
73        0.023710  0.033666  0.024400  0.039765  0.031890  0.030151  0.028652  0.028391  0.012394  0.016290  0.024163  0.010371  0.014683  0.012894  0.005317  0.003024
74        0.023710  0.033666  0.024400  0.039765  0.031890  0.030151  0.028652  0.028391  0.012394  0.016290  0.024163  0.010371  0.014683  0.012894  0.005317  0.003024
75        0.023710  0.033666  0.024400  0.039765  0.031890  0.030151  0.028652  0.028391  0.012394  0.016290  0.024163  0.010371  0.014683  0.012894  0.005317  0.003024
76        0.023710  0.033666  0.024400  0.039765  0.031890  0.030151  0.028652  0.028391  0.012394  0.016290  0.024163  0.010371  0.014683  0.012894  0.005317  0.003024
77        0.023710  0.033666  0.024400  0.039765  0.031890  0.030151  0.028652  0.028391  0.012394  0.016290  0.024163  0.010371  0.014683  0.012894  0.005317  0.003024
78        0.023710  0.033666  0.024400  0.039765  0.031890  0.030151  0.028652  0.028391  0.012394  0.016290  0.024163  0.010371  0.014683  0.012894  0.005317  0.003024
79        0.023710  0.033666  0.024400  0.039765  0.031890  0.030151  0.028652  0.028391  0.012394  0.016290  0.024163  0.010371  0.014683  0.012894  0.005317  0.003024
80        0.023710  0.033666  0.024400  0.039765  0.031890  0.030151  0.028652  0.028391  0.012394  0.016290  0.024163  0.010371  0.014683  0.012894  0.005317  0.003024
81        0.023710  0.033666  0.024400  0.039765  0.031890  0.030151  0.028652  0.028391  0.012394  0.016290  0.024163  0.010371  0.014683  0.012894  0.005317  0.003024
82        0.023710  0.033666  0.024400  0.039765  0.031890  0.030151  0.028652  0.028391  0.012394  0.016290  0.024163  0.010371  0.014683  0.012894  0.005317  0.003024
83        0.023710  0.033666  0.024400  0.039765  0.031890  0.030151  0.028652  0.028391  0.012394  0.016290  0.024163  0.010371  0.014683  0.012894  0.005317  0.003024
84        0.023710  0.033666  0.024400  0.039765  0.031890  0.030151  0.028652  0.028391  0.012394  0.016290  0.024163  0.010371  0.014683  0.012894  0.005317  0.003024
85        0.023710  0.033666  0.024400  0.039765  0.031890  0.030151  0.028652  0.028391  0.012394  0.016290  0.024163  0.010371  0.014683  0.012894  0.005317  0.003024
86        0.023710  0.033666  0.024400  0.039765  0.031890  0.030151  0.028652  0.028391  0.012394  0.016290  0.024163  0.010371  0.014683  0.012894  0.005317  0.003024
87        0.023710  0.033666  0.024400  0.039765  0.031890  0.030151  0.028652  0.028391  0.012394  0.016290  0.024163  0.010371  0.014683  0.012894  0.005317  0.003024
88        0.023710  0.033666  0.024400  0.039765  0.031890  0.030151  0.028652  0.028391  0.012394  0.016290  0.024163  0.010371  0.014683  0.012894  0.005317  0.003024
89        0.023710  0.033666  0.024400  0.039765  0.031890  0.030151  0.028652  0.028391  0.012394  0.016290  0.024163  0.010371  0.014683  0.012894  0.005317  0.003024
90        0.022399  0.037075  0.026135  0.042296  0.035894  0.034216  0.031650  0.034569  0.013389  0.018584  0.027409  0.011812  0.016920  0.014684  0.006628  0.003277
91        0.055921  0.090720  0.061933  0.119672  0.091191  0.081435  0.074058  0.094365  0.030571  0.017042  0.062629  0.028686  0.047161  0.045615  0.005868  0.005775
92        0.040821  0.064776  0.045027  0.085042  0.063329  0.058373  0.053480  0.068069  0.023377  0.013302  0.041853  0.017900  0.037640  0.033227  0.003792  0.003727
93        0.040821  0.064776  0.045027  0.085042  0.063329  0.058373  0.053480  0.068069  0.023377  0.013302  0.041853  0.017900  0.037640  0.033227  0.003792  0.003727
94        0.033378  0.047032  0.038387  0.060752  0.045405  0.040668  0.038609  0.043941  0.023117  0.018800  0.029773  0.034294  0.031660  0.032163  0.003984  0.003963
95        0.033378  0.047032  0.038387  0.060752  0.045405  0.040668  0.038609  0.043941  0.023117  0.018800  0.029773  0.034294  0.031660  0.032163  0.003984  0.003963
96        0.033378  0.047032  0.038387  0.060752  0.045405  0.040668  0.038609  0.043941  0.023117  0.018800  0.029773  0.034294  0.031660  0.032163  0.003984  0.003963
97        0.033378  0.047032  0.038387  0.060752  0.045405  0.040668  0.038609  0.043941  0.023117  0.018800  0.029773  0.034294  0.031660  0.032163  0.003984  0.003963
98        0.033378  0.047032  0.038387  0.060752  0.045405  0.040668  0.038609  0.043941  0.023117  0.018800  0.029773  0.034294  0.031660  0.032163  0.003984  0.003963
99        0.033378  0.047032  0.038387  0.060752  0.045405  0.040668  0.038609  0.043941  0.023117  0.018800  0.029773  0.034294  0.031660  0.032163  0.003984  0.003963
100       0.033378  0.047032  0.038387  0.060752  0.045405  0.040668  0.038609  0.043941  0.023117  0.018800  0.029773  0.034294  0.031660  0.032163  0.003984  0.003963
101       0.033378  0.047032  0.038387  0.060752  0.045405  0.040668  0.038609  0.043941  0.023117  0.018800  0.029773  0.034294  0.031660  0.032163  0.003984  0.003963
102       0.033378  0.047032  0.038387  0.060752  0.045405  0.040668  0.038609  0.043941  0.023117  0.018800  0.029773  0.034294  0.031660  0.032163  0.003984  0.003963
103       0.033378  0.047032  0.038387  0.060752  0.045405  0.040668  0.038609  0.043941  0.023117  0.018800  0.029773  0.034294  0.031660  0.032163  0.003984  0.003963
104            NaN       NaN       NaN       NaN       NaN       NaN       NaN       NaN       NaN       NaN       NaN       NaN       NaN       NaN       NaN       NaN
105       0.021128  0.038337  0.023008  0.040336  0.034073  0.037463  0.027280  0.030260  0.019534  0.023365  0.028306  0.014448  0.016423  0.015842  0.004694  0.003753
106       0.021417  0.037484  0.024118  0.039163  0.037805  0.037592  0.027386  0.030448  0.018322  0.022240  0.026460  0.013972  0.017572  0.014571  0.004352  0.003501
107       0.021417  0.037484  0.024118  0.039163  0.037805  0.037592  0.027386  0.030448  0.018322  0.022240  0.026460  0.013972  0.017572  0.014571  0.004352  0.003501
108       0.021969  0.039142  0.027147  0.042194  0.038835  0.039012  0.030124  0.039241  0.020429  0.023213  0.025077  0.013596  0.019997  0.014782  0.004117  0.003357
109       0.021969  0.039142  0.027147  0.042194  0.038835  0.039012  0.030124  0.039241  0.020429  0.023213  0.025077  0.013596  0.019997  0.014782  0.004117  0.003357
110       0.021969  0.039142  0.027147  0.042194  0.038835  0.039012  0.030124  0.039241  0.020429  0.023213  0.025077  0.013596  0.019997  0.014782  0.004117  0.003357
111       0.026858  0.046200  0.033032  0.052252  0.045954  0.047858  0.037130  0.048253  0.022799  0.024063  0.026537  0.011695  0.024887  0.018752  0.004574  0.003547
112       0.033760  0.060957  0.043977  0.062276  0.052185  0.053874  0.045470  0.066641  0.032956  0.037354  0.036086  0.015532  0.029532  0.028013  0.005708  0.005085
113       0.062539  0.061377  0.105363  0.181526  0.086173  0.124654  0.172532  0.322641  0.223635  0.193243  0.145813  0.044497  0.077155  0.087226  0.032456  0.016814
114       0.071400  0.082131  0.097092  0.152478  0.095907  0.123506  0.138358  0.259285  0.176146  0.148121  0.114535  0.036187  0.087025  0.073638  0.027837  0.014697
115       0.071400  0.082131  0.097092  0.152478  0.095907  0.123506  0.138358  0.259285  0.176146  0.148121  0.114535  0.036187  0.087025  0.073638  0.027837  0.014697
116       0.071400  0.082131  0.097092  0.152478  0.095907  0.123506  0.138358  0.259285  0.176146  0.148121  0.114535  0.036187  0.087025  0.073638  0.027837  0.014697
117       0.071400  0.082131  0.097092  0.152478  0.095907  0.123506  0.138358  0.259285  0.176146  0.148121  0.114535  0.036187  0.087025  0.073638  0.027837  0.014697
118       0.071400  0.082131  0.097092  0.152478  0.095907  0.123506  0.138358  0.259285  0.176146  0.148121  0.114535  0.036187  0.087025  0.073638  0.027837  0.014697
119       0.071400  0.082131  0.097092  0.152478  0.095907  0.123506  0.138358  0.259285  0.176146  0.148121  0.114535  0.036187  0.087025  0.073638  0.027837  0.014697
120       0.071400  0.082131  0.097092  0.152478  0.095907  0.123506  0.138358  0.259285  0.176146  0.148121  0.114535  0.036187  0.087025  0.073638  0.027837  0.014697
121       0.071400  0.082131  0.097092  0.152478  0.095907  0.123506  0.138358  0.259285  0.176146  0.148121  0.114535  0.036187  0.087025  0.073638  0.027837  0.014697
122       0.036562  0.059290  0.043966  0.055406  0.053929  0.060242  0.037425  0.054452  0.029837  0.036431  0.035582  0.017689  0.026944  0.034817  0.007222  0.004368
123       0.027785  0.049923  0.032671  0.043456  0.038950  0.047742  0.026797  0.039574  0.021287  0.028621  0.029490  0.014720  0.013020  0.024707  0.006778  0.006276
124       0.027785  0.049923  0.032671  0.043456  0.038950  0.047742  0.026797  0.039574  0.021287  0.028621  0.029490  0.014720  0.013020  0.024707  0.006778  0.006276
125       0.027785  0.049923  0.032671  0.043456  0.038950  0.047742  0.026797  0.039574  0.021287  0.028621  0.029490  0.014720  0.013020  0.024707  0.006778  0.006276
126       0.026981  0.053296  0.024844  0.048044  0.034807  0.054915  0.033234  0.019625  0.019103  0.020568  0.030280  0.010485  0.015847  0.020446  0.009041  0.012876
127       0.027136  0.034767  0.027563  0.045346  0.026082  0.037107  0.028947  0.016431  0.017919  0.019155  0.018264  0.006928  0.021016  0.016733  0.004662  0.006341
128       0.027136  0.034767  0.027563  0.045346  0.026082  0.037107  0.028947  0.016431  0.017919  0.019155  0.018264  0.006928  0.021016  0.016733  0.004662  0.006341
129       0.027136  0.034767  0.027563  0.045346  0.026082  0.037107  0.028947  0.016431  0.017919  0.019155  0.018264  0.006928  0.021016  0.016733  0.004662  0.006341
130       0.027136  0.034767  0.027563  0.045346  0.026082  0.037107  0.028947  0.016431  0.017919  0.019155  0.018264  0.006928  0.021016  0.016733  0.004662  0.006341
131       0.027136  0.034767  0.027563  0.045346  0.026082  0.037107  0.028947  0.016431  0.017919  0.019155  0.018264  0.006928  0.021016  0.016733  0.004662  0.006341
132       0.027136  0.034767  0.027563  0.045346  0.026082  0.037107  0.028947  0.016431  0.017919  0.019155  0.018264  0.006928  0.021016  0.016733  0.004662  0.006341
133       0.027136  0.034767  0.027563  0.045346  0.026082  0.037107  0.028947  0.016431  0.017919  0.019155  0.018264  0.006928  0.021016  0.016733  0.004662  0.006341
134       0.029407  0.048768  0.022112  0.053759  0.033551  0.045952  0.038078  0.024529  0.021577  0.027554  0.032632  0.019341  0.022049  0.026271  0.021405  0.030767
135       0.023418  0.035384  0.016780  0.038909  0.025355  0.033127  0.028126  0.019140  0.012130  0.017363  0.023669  0.010857  0.011585  0.016807  0.008999  0.012900
136       0.023418  0.035384  0.016780  0.038909  0.025355  0.033127  0.028126  0.019140  0.012130  0.017363  0.023669  0.010857  0.011585  0.016807  0.008999  0.012900
137       0.023418  0.035384  0.016780  0.038909  0.025355  0.033127  0.028126  0.019140  0.012130  0.017363  0.023669  0.010857  0.011585  0.016807  0.008999  0.012900
138       0.023418  0.035384  0.016780  0.038909  0.025355  0.033127  0.028126  0.019140  0.012130  0.017363  0.023669  0.010857  0.011585  0.016807  0.008999  0.012900
139       0.021549  0.027464  0.016539  0.037346  0.023159  0.026244  0.026298  0.018637  0.011690  0.014207  0.019745  0.009100  0.015309  0.016764  0.006580  0.009415
140       0.021549  0.027464  0.016539  0.037346  0.023159  0.026244  0.026298  0.018637  0.011690  0.014207  0.019745  0.009100  0.015309  0.016764  0.006580  0.009415
141       0.021549  0.027464  0.016539  0.037346  0.023159  0.026244  0.026298  0.018637  0.011690  0.014207  0.019745  0.009100  0.015309  0.016764  0.006580  0.009415
142            NaN       NaN       NaN       NaN       NaN       NaN       NaN       NaN       NaN       NaN       NaN       NaN       NaN       NaN       NaN       NaN
143       0.021549  0.027464  0.016539  0.037346  0.023159  0.026244  0.026298  0.018637  0.011690  0.014207  0.019745  0.009100  0.015309  0.016764  0.006580  0.009415
144       0.021549  0.027464  0.016539  0.037346  0.023159  0.026244  0.026298  0.018637  0.011690  0.014207  0.019745  0.009100  0.015309  0.016764  0.006580  0.009415
145       0.021549  0.027464  0.016539  0.037346  0.023159  0.026244  0.026298  0.018637  0.011690  0.014207  0.019745  0.009100  0.015309  0.016764  0.006580  0.009415
146       0.021549  0.027464  0.016539  0.037346  0.023159  0.026244  0.026298  0.018637  0.011690  0.014207  0.019745  0.009100  0.015309  0.016764  0.006580  0.009415
147       0.021549  0.027464  0.016539  0.037346  0.023159  0.026244  0.026298  0.018637  0.011690  0.014207  0.019745  0.009100  0.015309  0.016764  0.006580  0.009415
148            NaN       NaN       NaN       NaN       NaN       NaN       NaN       NaN       NaN       NaN       NaN       NaN       NaN       NaN       NaN       NaN
149       0.021549  0.027464  0.016539  0.037346  0.023159  0.026244  0.026298  0.018637  0.011690  0.014207  0.019745  0.009100  0.015309  0.016764  0.006580  0.009415
150       0.021549  0.027464  0.016539  0.037346  0.023159  0.026244  0.026298  0.018637  0.011690  0.014207  0.019745  0.009100  0.015309  0.016764  0.006580  0.009415
151       0.021549  0.027464  0.016539  0.037346  0.023159  0.026244  0.026298  0.018637  0.011690  0.014207  0.019745  0.009100  0.015309  0.016764  0.006580  0.009415
152       0.021549  0.027464  0.016539  0.037346  0.023159  0.026244  0.026298  0.018637  0.011690  0.014207  0.019745  0.009100  0.015309  0.016764  0.006580  0.009415
153            NaN       NaN       NaN       NaN       NaN       NaN       NaN       NaN       NaN       NaN       NaN       NaN       NaN       NaN       NaN       NaN
154       0.021549  0.027464  0.016539  0.037346  0.023159  0.026244  0.026298  0.018637  0.011690  0.014207  0.019745  0.009100  0.015309  0.016764  0.006580  0.009415
155       0.021549  0.027464  0.016539  0.037346  0.023159  0.026244  0.026298  0.018637  0.011690  0.014207  0.019745  0.009100  0.015309  0.016764  0.006580  0.009415
156            NaN       NaN       NaN       NaN       NaN       NaN       NaN       NaN       NaN       NaN       NaN       NaN       NaN       NaN       NaN       NaN
157       0.021549  0.027464  0.016539  0.037346  0.023159  0.026244  0.026298  0.018637  0.011690  0.014207  0.019745  0.009100  0.015309  0.016764  0.006580  0.009415
158       0.021549  0.027464  0.016539  0.037346  0.023159  0.026244  0.026298  0.018637  0.011690  0.014207  0.019745  0.009100  0.015309  0.016764  0.006580  0.009415
159       0.021549  0.027464  0.016539  0.037346  0.023159  0.026244  0.026298  0.018637  0.011690  0.014207  0.019745  0.009100  0.015309  0.016764  0.006580  0.009415
160       0.021549  0.027464  0.016539  0.037346  0.023159  0.026244  0.026298  0.018637  0.011690  0.014207  0.019745  0.009100  0.015309  0.016764  0.006580  0.009415
161       0.053564  0.070435  0.034387  0.075359  0.054889  0.067697  0.056810  0.037586  0.020537  0.034336  0.047837  0.020735  0.006811  0.034651  0.002344  0.001980
162       0.053564  0.070435  0.034387  0.075359  0.054889  0.067697  0.056810  0.037586  0.020537  0.034336  0.047837  0.020735  0.006811  0.034651  0.002344  0.001980