exposure  0.60000      4.98000      10.02000     19.98000     30.00000     40.02000     60.00000     150.00000    300.00000    600.00000    900.00000    1200.00000   1800.00012   2700.00000   3600.00000   10800.00000  57600.00000  86400.00000
r_number                                                                                                                                                                                                                                          
1            0.055608     0.593282     0.618444     0.716671     0.773046     0.796251     0.863643     0.877147     0.910984     0.922070     0.916044     0.927732     0.936437     0.960842     0.938712     0.940060     0.970519     0.987087
2            0.055608     0.593282     0.618444     0.716671     0.773046     0.796251     0.863643     0.877147     0.910984     0.922070     0.916044     0.927732     0.936437     0.960842     0.938712     0.940060     0.970519     0.987087
3            0.055608     0.593282     0.618444     0.716671     0.773046     0.796251     0.863643     0.877147     0.910984     0.922070     0.916044     0.927732     0.936437     0.960842     0.938712     0.940060     0.970519     0.987087
4            0.055608     0.593282     0.618444     0.716671     0.773046     0.796251     0.863643     0.877147     0.910984     0.922070     0.916044     0.927732     0.936437     0.960842     0.938712     0.940060     0.970519     0.987087
5                 NaN          NaN          NaN          NaN          NaN          NaN          NaN          NaN          NaN          NaN          NaN          NaN          NaN          NaN          NaN          NaN          NaN          NaN
6            0.055608     0.593282     0.618444     0.716671     0.773046     0.796251     0.863643     0.877147     0.910984     0.922070     0.916044     0.927732     0.936437     0.960842     0.938712     0.940060     0.970519     0.987087
7            0.055608     0.593282     0.618444     0.716671     0.773046     0.796251     0.863643     0.877147     0.910984     0.922070     0.916044     0.927732     0.936437     0.960842     0.938712     0.940060     0.970519     0.987087
8            0.055608     0.593282     0.618444     0.716671     0.773046     0.796251     0.863643     0.877147     0.910984     0.922070     0.916044     0.927732     0.936437     0.960842     0.938712     0.940060     0.970519     0.987087
9            0.053060     0.575791     0.618152     0.708436     0.768072     0.804365     0.871648     0.893431     0.915148     0.929552     0.929972     0.932376     0.941320     0.957343     0.944626     0.953635     0.978052     0.990935
10           0.046428     0.581559     0.625737     0.722980     0.782301     0.805661     0.877429     0.902810     0.926730     0.953333     0.949308     0.946755     0.954969     0.973052     0.951077     0.977344     0.986221     1.000820
11           0.046428     0.581559     0.625737     0.722980     0.782301     0.805661     0.877429     0.902810     0.926730     0.953333     0.949308     0.946755     0.954969     0.973052     0.951077     0.977344     0.986221     1.000820
12           0.046428     0.581559     0.625737     0.722980     0.782301     0.805661     0.877429     0.902810     0.926730     0.953333     0.949308     0.946755     0.954969     0.973052     0.951077     0.977344     0.986221     1.000820
13           0.046428     0.581559     0.625737     0.722980     0.782301     0.805661     0.877429     0.902810     0.926730     0.953333     0.949308     0.946755     0.954969     0.973052     0.951077     0.977344     0.986221     1.000820
14           0.046428     0.581559     0.625737     0.722980     0.782301     0.805661     0.877429     0.902810     0.926730     0.953333     0.949308     0.946755     0.954969     0.973052     0.951077     0.977344     0.986221     1.000820
15           0.046428     0.581559     0.625737     0.722980     0.782301     0.805661     0.877429     0.902810     0.926730     0.953333     0.949308     0.946755     0.954969     0.973052     0.951077     0.977344     0.986221     1.000820
16           0.047312     0.582510     0.628773     0.724979     0.783861     0.805203     0.879581     0.900564     0.928655     0.958585     0.951386     0.950739     0.957609     0.976676     0.954074     0.983881     0.988054     1.004217
17           0.047312     0.582510     0.628773     0.724979     0.783861     0.805203     0.879581     0.900564     0.928655     0.958585     0.951386     0.950739     0.957609     0.976676     0.954074     0.983881     0.988054     1.004217
18           0.050831     0.578840     0.625888     0.712875     0.769891     0.806480     0.875130     0.882288     0.922058     0.937064     0.935431     0.943562     0.950802     0.970023     0.953911     0.965575     0.987801     0.998757
19           0.034558     0.459973     0.514600     0.622680     0.699997     0.747054     0.838448     0.877307     0.913769     0.932869     0.935577     0.934842     0.944424     0.964836     0.957529     0.969523     0.987413     1.001249
20           0.027418     0.407222     0.466441     0.581479     0.670575     0.719102     0.820045     0.869998     0.908373     0.924556     0.932551     0.925218     0.936312     0.955407     0.947891     0.965239     0.979496     0.999224
21           0.024314     0.402949     0.462976     0.577891     0.667977     0.716687     0.819668     0.866481     0.908501     0.924099     0.933115     0.923791     0.935815     0.955258     0.945349     0.965038     0.980085     0.999592
22           0.022014     0.391519     0.450064     0.569662     0.660888     0.708767     0.818322     0.861946     0.905717     0.921666     0.932834     0.919773     0.937076     0.955695     0.945608     0.965892     0.978104     0.999085
23           0.022014     0.391519     0.450064     0.569662     0.660888     0.708767     0.818322     0.861946     0.905717     0.921666     0.932834     0.919773     0.937076     0.955695     0.945608     0.965892     0.978104     0.999085
24           0.022014     0.391519     0.450064     0.569662     0.660888     0.708767     0.818322     0.861946     0.905717     0.921666     0.932834     0.919773     0.937076     0.955695     0.945608     0.965892     0.978104     0.999085
25           0.022014     0.391519     0.450064     0.569662     0.660888     0.708767     0.818322     0.861946     0.905717     0.921666     0.932834     0.919773     0.937076     0.955695     0.945608     0.965892     0.978104     0.999085
26                NaN          NaN          NaN          NaN          NaN          NaN          NaN          NaN          NaN          NaN          NaN          NaN          NaN          NaN          NaN          NaN          NaN          NaN
27           0.022014     0.391519     0.450064     0.569662     0.660888     0.708767     0.818322     0.861946     0.905717     0.921666     0.932834     0.919773     0.937076     0.955695     0.945608     0.965892     0.978104     0.999085
28           0.022014     0.391519     0.450064     0.569662     0.660888     0.708767     0.818322     0.861946     0.905717     0.921666     0.932834     0.919773     0.937076     0.955695     0.945608     0.965892     0.978104     0.999085
29           0.022014     0.391519     0.450064     0.569662     0.660888     0.708767     0.818322     0.861946     0.905717     0.921666     0.932834     0.919773     0.937076     0.955695     0.945608     0.965892     0.978104     0.999085
30           0.022014     0.391519     0.450064     0.569662     0.660888     0.708767     0.818322     0.861946     0.905717     0.921666     0.932834     0.919773     0.937076     0.955695     0.945608     0.965892     0.978104     0.999085
31           0.022014     0.391519     0.450064     0.569662     0.660888     0.708767     0.818322     0.861946     0.905717     0.921666     0.932834     0.919773     0.937076     0.955695     0.945608     0.965892     0.978104     0.999085
32           0.023996     0.399400     0.461880     0.574016     0.665110     0.714620     0.820455     0.859102     0.904840     0.924365     0.930988     0.918900     0.932462     0.954142     0.936501     0.959336     0.977730     0.997142
33           0.041540     0.486705     0.541054     0.638283     0.709539     0.751769     0.851946     0.895474     0.910338     0.931365     0.932664     0.930632     0.938055     0.969588     0.950422     0.983348     0.999833     0.993233
34           0.051227     0.486617     0.538420     0.646267     0.717711     0.758550     0.850960     0.896162     0.917849     0.940968     0.940583     0.937177     0.948191     0.974481     0.955709     0.983087     1.001003     0.996607
35           0.060752     0.507004     0.553815     0.663854     0.729025     0.770966     0.860395     0.900777     0.919735     0.943817     0.941176     0.939585     0.950469     0.979080     0.958692     0.985652     1.004259     0.994552
36           0.060752     0.507004     0.553815     0.663854     0.729025     0.770966     0.860395     0.900777     0.919735     0.943817     0.941176     0.939585     0.950469     0.979080     0.958692     0.985652     1.004259     0.994552
37           0.060752     0.507004     0.553815     0.663854     0.729025     0.770966     0.860395     0.900777     0.919735     0.943817     0.941176     0.939585     0.950469     0.979080     0.958692     0.985652     1.004259     0.994552
38           0.060752     0.507004     0.553815     0.663854     0.729025     0.770966     0.860395     0.900777     0.919735     0.943817     0.941176     0.939585     0.950469     0.979080     0.958692     0.985652     1.004259     0.994552
39           0.060752     0.507004     0.553815     0.663854     0.729025     0.770966     0.860395     0.900777     0.919735     0.943817     0.941176     0.939585     0.950469     0.979080     0.958692     0.985652     1.004259     0.994552
40           0.060752     0.507004     0.553815     0.663854     0.729025     0.770966     0.860395     0.900777     0.919735     0.943817     0.941176     0.939585     0.950469     0.979080     0.958692     0.985652     1.004259     0.994552
41           0.075183     0.432853     0.481632     0.622359     0.688304     0.744910     0.825365     0.876448     0.920199     0.964775     0.957104     0.967137     0.968787     0.998332     0.980627     0.994279     1.011983     1.010762
42           0.040953     0.376651     0.433208     0.561246     0.638559     0.698704     0.800929     0.848466     0.906522     0.934218     0.934447     0.937407     0.944561     0.968151     0.949696     0.971147     0.989221     0.999147
43           0.040953     0.376651     0.433208     0.561246     0.638559     0.698704     0.800929     0.848466     0.906522     0.934218     0.934447     0.937407     0.944561     0.968151     0.949696     0.971147     0.989221     0.999147
44           0.040953     0.376651     0.433208     0.561246     0.638559     0.698704     0.800929     0.848466     0.906522     0.934218     0.934447     0.937407     0.944561     0.968151     0.949696     0.971147     0.989221     0.999147
45           0.040953     0.376651     0.433208     0.561246     0.638559     0.698704     0.800929     0.848466     0.906522     0.934218     0.934447     0.937407     0.944561     0.968151     0.949696     0.971147     0.989221     0.999147
46           0.040953     0.376651     0.433208     0.561246     0.638559     0.698704     0.800929     0.848466     0.906522     0.934218     0.934447     0.937407     0.944561     0.968151     0.949696     0.971147     0.989221     0.999147
47           0.025841     0.351839     0.411830     0.534267     0.616597     0.678306     0.790142     0.836113     0.900483     0.920728     0.924445     0.924282     0.933866     0.954827     0.936041     0.960935     0.979172     0.994019
48           0.012207     0.375974     0.423922     0.549717     0.651710     0.687632     0.795242     0.831215     0.922003     0.929785     0.948538     0.938413     0.952566     0.971316     0.953055     0.955400     0.971360     1.022253
49           0.012207     0.375974     0.423922     0.549717     0.651710     0.687632     0.795242     0.831215     0.922003     0.929785     0.948538     0.938413     0.952566     0.971316     0.953055     0.955400     0.971360     1.022253
50           0.012207     0.375974     0.423922     0.549717     0.651710     0.687632     0.795242     0.831215     0.922003     0.929785     0.948538     0.938413     0.952566     0.971316     0.953055     0.955400     0.971360     1.022253
51                NaN          NaN          NaN          NaN          NaN          NaN          NaN          NaN          NaN          NaN          NaN          NaN          NaN          NaN          NaN          NaN          NaN          NaN
52           0.012207     0.375974     0.423922     0.549717     0.651710     0.687632     0.795242     0.831215     0.922003     0.929785     0.948538     0.938413     0.952566     0.971316     0.953055     0.955400     0.971360     1.022253
53           0.012207     0.375974     0.423922     0.549717     0.651710     0.687632     0.795242     0.831215     0.922003     0.929785     0.948538     0.938413     0.952566     0.971316     0.953055     0.955400     0.971360     1.022253
54           0.022030     0.368243     0.421704     0.540035     0.637299     0.679963     0.784194     0.828938     0.912740     0.923281     0.935085     0.930446     0.942930     0.964967     0.945578     0.961910     0.984271     1.006656
55           0.023834     0.272606     0.347796     0.464380     0.558721     0.623877     0.747951     0.830435     0.878795     0.892951     0.894395     0.886018     0.897532     0.942258     0.921274     0.946484     0.971603     0.976769
56           0.022009     0.250550     0.333110     0.461994     0.551248     0.616648     0.737769     0.834325     0.878349     0.893877     0.886610     0.882224     0.897194     0.945591     0.923443     0.940501     0.967384     0.984432
57           0.022009     0.250550     0.333110     0.461994     0.551248     0.616648     0.737769     0.834325     0.878349     0.893877     0.886610     0.882224     0.897194     0.945591     0.923443     0.940501     0.967384     0.984432
58           0.022009     0.250550     0.333110     0.461994     0.551248     0.616648     0.737769     0.834325     0.878349     0.893877     0.886610     0.882224     0.897194     0.945591     0.923443     0.940501     0.967384     0.984432
59           0.022009     0.250550     0.333110     0.461994     0.551248     0.616648     0.737769     0.834325     0.878349     0.893877     0.886610     0.882224     0.897194     0.945591     0.923443     0.940501     0.967384     0.984432
60           0.022009     0.250550     0.333110     0.461994     0.551248     0.616648     0.737769     0.834325     0.878349     0.893877     0.886610     0.882224     0.897194     0.945591     0.923443     0.940501     0.967384     0.984432
61           0.015515     0.240359     0.324152     0.458376     0.553413     0.610786     0.726291     0.823807     0.879453     0.903904     0.887063     0.892750     0.911567     0.959566     0.930907     0.939569     0.971296     1.001771
62           0.018259     0.240818     0.321376     0.454078     0.552223     0.608756     0.724813     0.819001     0.875834     0.900837     0.884667     0.890223     0.909405     0.954035     0.926608     0.935066     0.965861     0.998264
63           0.018259     0.240818     0.321376     0.454078     0.552223     0.608756     0.724813     0.819001     0.875834     0.900837     0.884667     0.890223     0.909405     0.954035     0.926608     0.935066     0.965861     0.998264
64           0.031276     0.251578     0.305592     0.426208     0.553841     0.606392     0.729292     0.797489     0.858154     0.893994     0.880677     0.894321     0.907101     0.938544     0.916573     0.915702     0.946067     0.988134
65           0.031945     0.251725     0.309069     0.431212     0.557030     0.610493     0.732479     0.806016     0.866671     0.894400     0.887485     0.898420     0.912344     0.942608     0.916405     0.922988     0.958080     0.993624
66           0.030588     0.251070     0.310146     0.432277     0.557309     0.611943     0.732399     0.808391     0.871584     0.894874     0.891096     0.898694     0.914548     0.944735     0.916465     0.926590     0.960888     0.993984
67           0.030588     0.251070     0.310146     0.432277     0.557309     0.611943     0.732399     0.808391     0.871584     0.894874     0.891096     0.898694     0.914548     0.944735     0.916465     0.926590     0.960888     0.993984
68           0.030588     0.251070     0.310146     0.432277     0.557309     0.611943     0.732399     0.808391     0.871584     0.894874     0.891096     0.898694     0.914548     0.944735     0.916465     0.926590     0.960888     0.993984
69                NaN          NaN          NaN          NaN          NaN          NaN          NaN          NaN          NaN          NaN          NaN          NaN          NaN          NaN          NaN          NaN          NaN          NaN
70           0.030588     0.251070     0.310146     0.432277     0.557309     0.611943     0.732399     0.808391     0.871584     0.894874     0.891096     0.898694     0.914548     0.944735     0.916465     0.926590     0.960888     0.993984
71                NaN          NaN          NaN          NaN          NaN          NaN          NaN          NaN          NaN          NaN          NaN          NaN          NaN          NaN          NaN          NaN          NaN          NaN
72                NaN          NaN          NaN          NaN          NaN          NaN          NaN          NaN          NaN          NaN          NaN          NaN          NaN          NaN          NaN          NaN          NaN          NaN
73           0.030588     0.251070     0.310146     0.432277     0.557309     0.611943     0.732399     0.808391     0.871584     0.894874     0.891096     0.898694     0.914548     0.944735     0.916465     0.926590     0.960888     0.993984
74           0.030588     0.251070     0.310146     0.432277     0.557309     0.611943     0.732399     0.808391     0.871584     0.894874     0.891096     0.898694     0.914548     0.944735     0.916465     0.926590     0.960888     0.993984
75           0.030588     0.251070     0.310146     0.432277     0.557309     0.611943     0.732399     0.808391     0.871584     0.894874     0.891096     0.898694     0.914548     0.944735     0.916465     0.926590     0.960888     0.993984
76           0.030588     0.251070     0.310146     0.432277     0.557309     0.611943     0.732399     0.808391     0.871584     0.894874     0.891096     0.898694     0.914548     0.944735     0.916465     0.926590     0.960888     0.993984
77           0.030588     0.251070     0.310146     0.432277     0.557309     0.611943     0.732399     0.808391     0.871584     0.894874     0.891096     0.898694     0.914548     0.944735     0.916465     0.926590     0.960888     0.993984
78           0.030588     0.251070     0.310146     0.432277     0.557309     0.611943     0.732399     0.808391     0.871584     0.894874     0.891096     0.898694     0.914548     0.944735     0.916465     0.926590     0.960888     0.993984
79           0.030588     0.251070     0.310146     0.432277     0.557309     0.611943     0.732399     0.808391     0.871584     0.894874     0.891096     0.898694     0.914548     0.944735     0.916465     0.926590     0.960888     0.993984
80           0.030588     0.251070     0.310146     0.432277     0.557309     0.611943     0.732399     0.808391     0.871584     0.894874     0.891096     0.898694     0.914548     0.944735     0.916465     0.926590     0.960888     0.993984
81           0.030588     0.251070     0.310146     0.432277     0.557309     0.611943     0.732399     0.808391     0.871584     0.894874     0.891096     0.898694     0.914548     0.944735     0.916465     0.926590     0.960888     0.993984
82           0.030588     0.251070     0.310146     0.432277     0.557309     0.611943     0.732399     0.808391     0.871584     0.894874     0.891096     0.898694     0.914548     0.944735     0.916465     0.926590     0.960888     0.993984
83           0.030588     0.251070     0.310146     0.432277     0.557309     0.611943     0.732399     0.808391     0.871584     0.894874     0.891096     0.898694     0.914548     0.944735     0.916465     0.926590     0.960888     0.993984
84           0.030588     0.251070     0.310146     0.432277     0.557309     0.611943     0.732399     0.808391     0.871584     0.894874     0.891096     0.898694     0.914548     0.944735     0.916465     0.926590     0.960888     0.993984
85           0.030588     0.251070     0.310146     0.432277     0.557309     0.611943     0.732399     0.808391     0.871584     0.894874     0.891096     0.898694     0.914548     0.944735     0.916465     0.926590     0.960888     0.993984
86           0.030588     0.251070     0.310146     0.432277     0.557309     0.611943     0.732399     0.808391     0.871584     0.894874     0.891096     0.898694     0.914548     0.944735     0.916465     0.926590     0.960888     0.993984
87           0.030588     0.251070     0.310146     0.432277     0.557309     0.611943     0.732399     0.808391     0.871584     0.894874     0.891096     0.898694     0.914548     0.944735     0.916465     0.926590     0.960888     0.993984
88           0.030588     0.251070     0.310146     0.432277     0.557309     0.611943     0.732399     0.808391     0.871584     0.894874     0.891096     0.898694     0.914548     0.944735     0.916465     0.926590     0.960888     0.993984
89           0.030588     0.251070     0.310146     0.432277     0.557309     0.611943     0.732399     0.808391     0.871584     0.894874     0.891096     0.898694     0.914548     0.944735     0.916465     0.926590     0.960888     0.993984
90           0.035533     0.251373     0.308574     0.434434     0.561477     0.614389     0.733145     0.809793     0.878144     0.897196     0.892873     0.894177     0.913017     0.941400     0.908354     0.924642     0.955426     0.991842
91           0.036072     0.314012     0.326517     0.439803     0.570010     0.594333     0.693008     0.729214     0.828970     0.850487     0.837775     0.852913     0.860615     0.909034     0.867135     0.835368     0.883288     0.957042
92           0.036396     0.316196     0.326145     0.439657     0.570995     0.595583     0.689539     0.724763     0.827865     0.845939     0.838980     0.847338     0.864311     0.913323     0.858083     0.836371     0.876617     0.959373
93           0.036396     0.316196     0.326145     0.439657     0.570995     0.595583     0.689539     0.724763     0.827865     0.845939     0.838980     0.847338     0.864311     0.913323     0.858083     0.836371     0.876617     0.959373
94           0.026022     0.316105     0.331906     0.433387     0.562745     0.589784     0.680489     0.721546     0.828661     0.848475     0.838102     0.851737     0.880915     0.917141     0.876482     0.857725     0.887754     0.946721
95           0.026022     0.316105     0.331906     0.433387     0.562745     0.589784     0.680489     0.721546     0.828661     0.848475     0.838102     0.851737     0.880915     0.917141     0.876482     0.857725     0.887754     0.946721
96           0.026022     0.316105     0.331906     0.433387     0.562745     0.589784     0.680489     0.721546     0.828661     0.848475     0.838102     0.851737     0.880915     0.917141     0.876482     0.857725     0.887754     0.946721
97           0.026022     0.316105     0.331906     0.433387     0.562745     0.589784     0.680489     0.721546     0.828661     0.848475     0.838102     0.851737     0.880915     0.917141     0.876482     0.857725     0.887754     0.946721
98           0.026022     0.316105     0.331906     0.433387     0.562745     0.589784     0.680489     0.721546     0.828661     0.848475     0.838102     0.851737     0.880915     0.917141     0.876482     0.857725     0.887754     0.946721
99           0.026022     0.316105     0.331906     0.433387     0.562745     0.589784     0.680489     0.721546     0.828661     0.848475     0.838102     0.851737     0.880915     0.917141     0.876482     0.857725     0.887754     0.946721
100          0.026022     0.316105     0.331906     0.433387     0.562745     0.589784     0.680489     0.721546     0.828661     0.848475     0.838102     0.851737     0.880915     0.917141     0.876482     0.857725     0.887754     0.946721
101          0.026022     0.316105     0.331906     0.433387     0.562745     0.589784     0.680489     0.721546     0.828661     0.848475     0.838102     0.851737     0.880915     0.917141     0.876482     0.857725     0.887754     0.946721
102          0.026022     0.316105     0.331906     0.433387     0.562745     0.589784     0.680489     0.721546     0.828661     0.848475     0.838102     0.851737     0.880915     0.917141     0.876482     0.857725     0.887754     0.946721
103          0.026022     0.316105     0.331906     0.433387     0.562745     0.589784     0.680489     0.721546     0.828661     0.848475     0.838102     0.851737     0.880915     0.917141     0.876482     0.857725     0.887754     0.946721
104               NaN          NaN          NaN          NaN          NaN          NaN          NaN          NaN          NaN          NaN          NaN          NaN          NaN          NaN          NaN          NaN          NaN          NaN
105          0.008837     0.338024     0.409746     0.523809     0.624033     0.670271     0.780039     0.879663     0.921981     0.931738     0.926405     0.950193     0.958124     0.991199     0.962963     0.979746     0.993148     0.996102
106          0.008837     0.338024     0.409746     0.523809     0.624033     0.670271     0.780039     0.879663     0.921981     0.931738     0.926405     0.950193     0.958124     0.991199     0.962963     0.979746     0.993148     0.996102
107          0.008837     0.338024     0.409746     0.523809     0.624033     0.670271     0.780039     0.879663     0.921981     0.931738     0.926405     0.950193     0.958124     0.991199     0.962963     0.979746     0.993148     0.996102
108          0.016769     0.338293     0.397357     0.511316     0.615128     0.657192     0.768196     0.863442     0.907527     0.920748     0.909825     0.939716     0.949914     0.986180     0.949922     0.969963     0.981340     0.988378
109          0.016769     0.338293     0.397357     0.511316     0.615128     0.657192     0.768196     0.863442     0.907527     0.920748     0.909825     0.939716     0.949914     0.986180     0.949922     0.969963     0.981340     0.988378
110          0.016769     0.338293     0.397357     0.511316     0.615128     0.657192     0.768196     0.863442     0.907527     0.920748     0.909825     0.939716     0.949914     0.986180     0.949922     0.969963     0.981340     0.988378
111          0.033402     0.348997     0.390138     0.505793     0.616304     0.664931     0.774543     0.837949     0.888787     0.899953     0.890043     0.926268     0.935394     0.978373     0.930085     0.954894     0.976032     0.983028
112          0.045836     0.332557     0.354833     0.484577     0.595332     0.628572     0.728749     0.797509     0.856005     0.877514     0.861268     0.921054     0.925411     0.963926     0.921760     0.946970     0.967140     0.963288
113          0.065041     0.351566     0.345596     0.444063     0.512797     0.574525     0.679675     0.800348     0.789338     0.767817     0.741752     0.850486     0.843881     0.929113     0.854197     0.965619     0.979028     0.901827
114          0.066930     0.408148     0.344001     0.448872     0.539593     0.567315     0.669931     0.737454     0.750998     0.726499     0.699701     0.829225     0.811967     0.934159     0.842938     0.916399     0.947376     0.884256
115          0.066930     0.408148     0.344001     0.448872     0.539593     0.567315     0.669931     0.737454     0.750998     0.726499     0.699701     0.829225     0.811967     0.934159     0.842938     0.916399     0.947376     0.884256
116          0.066930     0.408148     0.344001     0.448872     0.539593     0.567315     0.669931     0.737454     0.750998     0.726499     0.699701     0.829225     0.811967     0.934159     0.842938     0.916399     0.947376     0.884256
117          0.066930     0.408148     0.344001     0.448872     0.539593     0.567315     0.669931     0.737454     0.750998     0.726499     0.699701     0.829225     0.811967     0.934159     0.842938     0.916399     0.947376     0.884256
118          0.066930     0.408148     0.344001     0.448872     0.539593     0.567315     0.669931     0.737454     0.750998     0.726499     0.699701     0.829225     0.811967     0.934159     0.842938     0.916399     0.947376     0.884256
119          0.066930     0.408148     0.344001     0.448872     0.539593     0.567315     0.669931     0.737454     0.750998     0.726499     0.699701     0.829225     0.811967     0.934159     0.842938     0.916399     0.947376     0.884256
120          0.066930     0.408148     0.344001     0.448872     0.539593     0.567315     0.669931     0.737454     0.750998     0.726499     0.699701     0.829225     0.811967     0.934159     0.842938     0.916399     0.947376     0.884256
121          0.066930     0.408148     0.344001     0.448872     0.539593     0.567315     0.669931     0.737454     0.750998     0.726499     0.699701     0.829225     0.811967     0.934159     0.842938     0.916399     0.947376     0.884256
122          0.028656     0.390513     0.432636     0.552753     0.640387     0.693826     0.781522     0.887885     0.893387     0.911301     0.916429     0.942631     0.951444     0.988140     0.958587     1.020481     1.033969     0.997654
123          0.027673     0.426174     0.469913     0.587274     0.663761     0.718817     0.801999     0.906439     0.901328     0.916101     0.923265     0.936822     0.946483     0.979863     0.955088     1.023935     1.035284     0.992845
124          0.027673     0.426174     0.469913     0.587274     0.663761     0.718817     0.801999     0.906439     0.901328     0.916101     0.923265     0.936822     0.946483     0.979863     0.955088     1.023935     1.035284     0.992845
125          0.027673     0.426174     0.469913     0.587274     0.663761     0.718817     0.801999     0.906439     0.901328     0.916101     0.923265     0.936822     0.946483     0.979863     0.955088     1.023935     1.035284     0.992845
126          0.031010     0.499588     0.553715     0.659923     0.729584     0.779552     0.862833     0.910977     0.927818     0.929628     0.937463     0.934702     0.946659     0.968013     0.945470     0.996370     1.012535     0.994724
127          0.011270     0.505793     0.556971     0.669063     0.751217     0.785172     0.849183     0.886262     0.927237     0.923823     0.933920     0.926467     0.956344     0.969981     0.948899     0.980420     0.982995     0.991609
128          0.011270     0.505793     0.556971     0.669063     0.751217     0.785172     0.849183     0.886262     0.927237     0.923823     0.933920     0.926467     0.956344     0.969981     0.948899     0.980420     0.982995     0.991609
129          0.011270     0.505793     0.556971     0.669063     0.751217     0.785172     0.849183     0.886262     0.927237     0.923823     0.933920     0.926467     0.956344     0.969981     0.948899     0.980420     0.982995     0.991609
130          0.011270     0.505793     0.556971     0.669063     0.751217     0.785172     0.849183     0.886262     0.927237     0.923823     0.933920     0.926467     0.956344     0.969981     0.948899     0.980420     0.982995     0.991609
131          0.011270     0.505793     0.556971     0.669063     0.751217     0.785172     0.849183     0.886262     0.927237     0.923823     0.933920     0.926467     0.956344     0.969981     0.948899     0.980420     0.982995     0.991609
132          0.011270     0.505793     0.556971     0.669063     0.751217     0.785172     0.849183     0.886262     0.927237     0.923823     0.933920     0.926467     0.956344     0.969981     0.948899     0.980420     0.982995     0.991609
133          0.011270     0.505793     0.556971     0.669063     0.751217     0.785172     0.849183     0.886262     0.927237     0.923823     0.933920     0.926467     0.956344     0.969981     0.948899     0.980420     0.982995     0.991609
134          0.025548     0.402606     0.457523     0.566949     0.671809     0.714523     0.806776     0.860807     0.912349     0.938996     0.930504     0.933083     0.947010     0.970426     0.947965     0.942709     0.971014     0.989074
135          0.035516     0.392751     0.444540     0.552010     0.658485     0.702146     0.788616     0.841400     0.909600     0.937418     0.936161     0.929052     0.955029     0.978172     0.950332     0.942407     0.970964     1.005906
136          0.035516     0.392751     0.444540     0.552010     0.658485     0.702146     0.788616     0.841400     0.909600     0.937418     0.936161     0.929052     0.955029     0.978172     0.950332     0.942407     0.970964     1.005906
137          0.035516     0.392751     0.444540     0.552010     0.658485     0.702146     0.788616     0.841400     0.909600     0.937418     0.936161     0.929052     0.955029     0.978172     0.950332     0.942407     0.970964     1.005906
138          0.035516     0.392751     0.444540     0.552010     0.658485     0.702146     0.788616     0.841400     0.909600     0.937418     0.936161     0.929052     0.955029     0.978172     0.950332     0.942407     0.970964     1.005906
139          0.023694     0.407847     0.451104     0.555328     0.670086     0.702703     0.788140     0.834063     0.906344     0.929136     0.923914     0.921596     0.952305     0.974105     0.947301     0.933341     0.960959     1.012590
140          0.023694     0.407847     0.451104     0.555328     0.670086     0.702703     0.788140     0.834063     0.906344     0.929136     0.923914     0.921596     0.952305     0.974105     0.947301     0.933341     0.960959     1.012590
141          0.023694     0.407847     0.451104     0.555328     0.670086     0.702703     0.788140     0.834063     0.906344     0.929136     0.923914     0.921596     0.952305     0.974105     0.947301     0.933341     0.960959     1.012590
142               NaN          NaN          NaN          NaN          NaN          NaN          NaN          NaN          NaN          NaN          NaN          NaN          NaN          NaN          NaN          NaN          NaN          NaN
143          0.023694     0.407847     0.451104     0.555328     0.670086     0.702703     0.788140     0.834063     0.906344     0.929136     0.923914     0.921596     0.952305     0.974105     0.947301     0.933341     0.960959     1.012590
144          0.023694     0.407847     0.451104     0.555328     0.670086     0.702703     0.788140     0.834063     0.906344     0.929136     0.923914     0.921596     0.952305     0.974105     0.947301     0.933341     0.960959     1.012590
145          0.023694     0.407847     0.451104     0.555328     0.670086     0.702703     0.788140     0.834063     0.906344     0.929136     0.923914     0.921596     0.952305     0.974105     0.947301     0.933341     0.960959     1.012590
146          0.023694     0.407847     0.451104     0.555328     0.670086     0.702703     0.788140     0.834063     0.906344     0.929136     0.923914     0.921596     0.952305     0.974105     0.947301     0.933341     0.960959     1.012590
147          0.023694     0.407847     0.451104     0.555328     0.670086     0.702703     0.788140     0.834063     0.906344     0.929136     0.923914     0.921596     0.952305     0.974105     0.947301     0.933341     0.960959     1.012590
148               NaN          NaN          NaN          NaN          NaN          NaN          NaN          NaN          NaN          NaN          NaN          NaN          NaN          NaN          NaN          NaN          NaN          NaN
149          0.023694     0.407847     0.451104     0.555328     0.670086     0.702703     0.788140     0.834063     0.906344     0.929136     0.923914     0.921596     0.952305     0.974105     0.947301     0.933341     0.960959     1.012590
150          0.023694     0.407847     0.451104     0.555328     0.670086     0.702703     0.788140     0.834063     0.906344     0.929136     0.923914     0.921596     0.952305     0.974105     0.947301     0.933341     0.960959     1.012590
151          0.023694     0.407847     0.451104     0.555328     0.670086     0.702703     0.788140     0.834063     0.906344     0.929136     0.923914     0.921596     0.952305     0.974105     0.947301     0.933341     0.960959     1.012590
152          0.023694     0.407847     0.451104     0.555328     0.670086     0.702703     0.788140     0.834063     0.906344     0.929136     0.923914     0.921596     0.952305     0.974105     0.947301     0.933341     0.960959     1.012590
153               NaN          NaN          NaN          NaN          NaN          NaN          NaN          NaN          NaN          NaN          NaN          NaN          NaN          NaN          NaN          NaN          NaN          NaN
154          0.023694     0.407847     0.451104     0.555328     0.670086     0.702703     0.788140     0.834063     0.906344     0.929136     0.923914     0.921596     0.952305     0.974105     0.947301     0.933341     0.960959     1.012590
155          0.023694     0.407847     0.451104     0.555328     0.670086     0.702703     0.788140     0.834063     0.906344     0.929136     0.923914     0.921596     0.952305     0.974105     0.947301     0.933341     0.960959     1.012590
156               NaN          NaN          NaN          NaN          NaN          NaN          NaN          NaN          NaN          NaN          NaN          NaN          NaN          NaN          NaN          NaN          NaN          NaN
157          0.023694     0.407847     0.451104     0.555328     0.670086     0.702703     0.788140     0.834063     0.906344     0.929136     0.923914     0.921596     0.952305     0.974105     0.947301     0.933341     0.960959     1.012590
158          0.023694     0.407847     0.451104     0.555328     0.670086     0.702703     0.788140     0.834063     0.906344     0.929136     0.923914     0.921596     0.952305     0.974105     0.947301     0.933341     0.960959     1.012590
159          0.023694     0.407847     0.451104     0.555328     0.670086     0.702703     0.788140     0.834063     0.906344     0.929136     0.923914     0.921596     0.952305     0.974105     0.947301     0.933341     0.960959     1.012590
160          0.023694     0.407847     0.451104     0.555328     0.670086     0.702703     0.788140     0.834063     0.906344     0.929136     0.923914     0.921596     0.952305     0.974105     0.947301     0.933341     0.960959     1.012590
161          0.032409     0.394387     0.443421     0.546989     0.651039     0.696164     0.771589     0.840081     0.907368     0.940016     0.946681     0.924846     0.967467     0.989925     0.963877     0.949457     0.974340     1.015905
162          0.032409     0.394387     0.443421     0.546989     0.651039     0.696164     0.771589     0.840081     0.907368     0.940016     0.946681     0.924846     0.967467     0.989925     0.963877     0.949457     0.974340     1.015905