exposure  0.60      4.98      10.02     19.98     40.02     60.00     150.00    300.00    600.00    900.00    1200.00   1800.00   2700.00   3600.00   10800.00  57600.00
r_number                                                                                                                                                                
1         0.037724  0.358162  0.455708  0.491953  0.614726  0.611630  0.659765  0.670830  0.796706  0.813605  0.735568  0.862075  0.963612  0.941302  1.012583       1.0
2         0.037724  0.358162  0.455708  0.491953  0.614726  0.611630  0.659765  0.670830  0.796706  0.813605  0.735568  0.862075  0.963612  0.941302  1.012583       1.0
3         0.037724  0.358162  0.455708  0.491953  0.614726  0.611630  0.659765  0.670830  0.796706  0.813605  0.735568  0.862075  0.963612  0.941302  1.012583       1.0
4         0.037724  0.358162  0.455708  0.491953  0.614726  0.611630  0.659765  0.670830  0.796706  0.813605  0.735568  0.862075  0.963612  0.941302  1.012583       1.0
5              NaN       NaN       NaN       NaN       NaN       NaN       NaN       NaN       NaN       NaN       NaN       NaN       NaN       NaN       NaN       NaN
6         0.037724  0.358162  0.455708  0.491953  0.614726  0.611630  0.659765  0.670830  0.796706  0.813605  0.735568  0.862075  0.963612  0.941302  1.012583       1.0
7         0.037724  0.358162  0.455708  0.491953  0.614726  0.611630  0.659765  0.670830  0.796706  0.813605  0.735568  0.862075  0.963612  0.941302  1.012583       1.0
8         0.037724  0.358162  0.455708  0.491953  0.614726  0.611630  0.659765  0.670830  0.796706  0.813605  0.735568  0.862075  0.963612  0.941302  1.012583       1.0
9         0.048283  0.363165  0.433923  0.470047  0.581242  0.571317  0.656719  0.650674  0.754959  0.785284  0.753349  0.855760  0.945541  0.924553  1.006368       1.0
10        0.066785  0.389087  0.433802  0.461362  0.577021  0.577022  0.654051  0.649349  0.744511  0.770266  0.748915  0.827419  0.935089  0.927766  1.003311       1.0
11        0.066785  0.389087  0.433802  0.461362  0.577021  0.577022  0.654051  0.649349  0.744511  0.770266  0.748915  0.827419  0.935089  0.927766  1.003311       1.0
12        0.066785  0.389087  0.433802  0.461362  0.577021  0.577022  0.654051  0.649349  0.744511  0.770266  0.748915  0.827419  0.935089  0.927766  1.003311       1.0
13        0.066785  0.389087  0.433802  0.461362  0.577021  0.577022  0.654051  0.649349  0.744511  0.770266  0.748915  0.827419  0.935089  0.927766  1.003311       1.0
14        0.066785  0.389087  0.433802  0.461362  0.577021  0.577022  0.654051  0.649349  0.744511  0.770266  0.748915  0.827419  0.935089  0.927766  1.003311       1.0
15        0.066785  0.389087  0.433802  0.461362  0.577021  0.577022  0.654051  0.649349  0.744511  0.770266  0.748915  0.827419  0.935089  0.927766  1.003311       1.0
16        0.078005  0.396904  0.435496  0.458239  0.574618  0.576192  0.659508  0.652006  0.743672  0.767912  0.753783  0.827534  0.935725  0.935914  1.001867       1.0
17        0.078005  0.396904  0.435496  0.458239  0.574618  0.576192  0.659508  0.652006  0.743672  0.767912  0.753783  0.827534  0.935725  0.935914  1.001867       1.0
18        0.050849  0.368846  0.428114  0.471885  0.563056  0.548708  0.665020  0.649674  0.751611  0.780779  0.755923  0.859825  0.939365  0.918812  1.000018       1.0
19        0.053638  0.290922  0.349910  0.374348  0.467144  0.486906  0.562233  0.563319  0.650648  0.692181  0.688616  0.788349  0.881327  0.887505  1.001970       1.0
20        0.045864  0.254856  0.317671  0.342938  0.436705  0.447602  0.522996  0.525426  0.610762  0.660395  0.660406  0.763092  0.861776  0.878727  1.006665       1.0
21        0.041319  0.254837  0.316315  0.339933  0.434493  0.443905  0.520626  0.523866  0.606747  0.659514  0.657661  0.760797  0.861566  0.878684  1.007721       1.0
22        0.041842  0.253025  0.308651  0.333777  0.424254  0.428948  0.506118  0.509231  0.589291  0.643435  0.640419  0.742123  0.840790  0.857586  0.999780       1.0
23        0.041842  0.253025  0.308651  0.333777  0.424254  0.428948  0.506118  0.509231  0.589291  0.643435  0.640419  0.742123  0.840790  0.857586  0.999780       1.0
24        0.041842  0.253025  0.308651  0.333777  0.424254  0.428948  0.506118  0.509231  0.589291  0.643435  0.640419  0.742123  0.840790  0.857586  0.999780       1.0
25        0.041842  0.253025  0.308651  0.333777  0.424254  0.428948  0.506118  0.509231  0.589291  0.643435  0.640419  0.742123  0.840790  0.857586  0.999780       1.0
26             NaN       NaN       NaN       NaN       NaN       NaN       NaN       NaN       NaN       NaN       NaN       NaN       NaN       NaN       NaN       NaN
27        0.041842  0.253025  0.308651  0.333777  0.424254  0.428948  0.506118  0.509231  0.589291  0.643435  0.640419  0.742123  0.840790  0.857586  0.999780       1.0
28        0.041842  0.253025  0.308651  0.333777  0.424254  0.428948  0.506118  0.509231  0.589291  0.643435  0.640419  0.742123  0.840790  0.857586  0.999780       1.0
29        0.041842  0.253025  0.308651  0.333777  0.424254  0.428948  0.506118  0.509231  0.589291  0.643435  0.640419  0.742123  0.840790  0.857586  0.999780       1.0
30        0.041842  0.253025  0.308651  0.333777  0.424254  0.428948  0.506118  0.509231  0.589291  0.643435  0.640419  0.742123  0.840790  0.857586  0.999780       1.0
31        0.041842  0.253025  0.308651  0.333777  0.424254  0.428948  0.506118  0.509231  0.589291  0.643435  0.640419  0.742123  0.840790  0.857586  0.999780       1.0
32        0.042090  0.251822  0.311755  0.336731  0.429799  0.432539  0.511050  0.511048  0.589174  0.646329  0.640719  0.742579  0.839094  0.857141  1.002830       1.0
33        0.049310  0.280233  0.337533  0.359728  0.458730  0.453673  0.533659  0.535492  0.604170  0.649205  0.646832  0.734307  0.823010  0.837246  0.997538       1.0
34        0.042412  0.293268  0.345806  0.374784  0.475102  0.467793  0.552560  0.552017  0.626225  0.675183  0.670965  0.753802  0.844638  0.858466  0.993355       1.0
35        0.037120  0.319146  0.364184  0.394091  0.499915  0.490021  0.577530  0.577566  0.650841  0.703437  0.698031  0.772593  0.861398  0.877215  0.988172       1.0
36        0.035321  0.333852  0.379224  0.411974  0.525356  0.513789  0.604822  0.604745  0.677544  0.733304  0.728930  0.797810  0.890217  0.905303  0.986243       1.0
37        0.035321  0.333852  0.379224  0.411974  0.525356  0.513789  0.604822  0.604745  0.677544  0.733304  0.728930  0.797810  0.890217  0.905303  0.986243       1.0
38        0.035321  0.333852  0.379224  0.411974  0.525356  0.513789  0.604822  0.604745  0.677544  0.733304  0.728930  0.797810  0.890217  0.905303  0.986243       1.0
39        0.035321  0.333852  0.379224  0.411974  0.525356  0.513789  0.604822  0.604745  0.677544  0.733304  0.728930  0.797810  0.890217  0.905303  0.986243       1.0
40        0.035321  0.333852  0.379224  0.411974  0.525356  0.513789  0.604822  0.604745  0.677544  0.733304  0.728930  0.797810  0.890217  0.905303  0.986243       1.0
41             NaN       NaN       NaN       NaN       NaN       NaN       NaN       NaN       NaN       NaN       NaN       NaN       NaN       NaN       NaN       NaN
42       -0.028617  0.193123  0.297390  0.341672  0.436950  0.409772  0.502718  0.490683  0.595789  0.644163  0.622576  0.739289  0.856371  0.878948  0.983013       1.0
43       -0.028617  0.193123  0.297390  0.341672  0.436950  0.409772  0.502718  0.490683  0.595789  0.644163  0.622576  0.739289  0.856371  0.878948  0.983013       1.0
44       -0.028617  0.193123  0.297390  0.341672  0.436950  0.409772  0.502718  0.490683  0.595789  0.644163  0.622576  0.739289  0.856371  0.878948  0.983013       1.0
45       -0.028617  0.193123  0.297390  0.341672  0.436950  0.409772  0.502718  0.490683  0.595789  0.644163  0.622576  0.739289  0.856371  0.878948  0.983013       1.0
46       -0.028617  0.193123  0.297390  0.341672  0.436950  0.409772  0.502718  0.490683  0.595789  0.644163  0.622576  0.739289  0.856371  0.878948  0.983013       1.0
47       -0.028617  0.193123  0.297390  0.341672  0.436950  0.409772  0.502718  0.490683  0.595789  0.644163  0.622576  0.739289  0.856371  0.878948  0.983013       1.0
48        0.026614  0.276708  0.349134  0.371818  0.468292  0.466485  0.559558  0.547746  0.637339  0.696767  0.679182  0.793827  0.894866  0.919099  0.998965       1.0
49        0.026614  0.276708  0.349134  0.371818  0.468292  0.466485  0.559558  0.547746  0.637339  0.696767  0.679182  0.793827  0.894866  0.919099  0.998965       1.0
50        0.026614  0.276708  0.349134  0.371818  0.468292  0.466485  0.559558  0.547746  0.637339  0.696767  0.679182  0.793827  0.894866  0.919099  0.998965       1.0
51             NaN       NaN       NaN       NaN       NaN       NaN       NaN       NaN       NaN       NaN       NaN       NaN       NaN       NaN       NaN       NaN
52        0.026614  0.276708  0.349134  0.371818  0.468292  0.466485  0.559558  0.547746  0.637339  0.696767  0.679182  0.793827  0.894866  0.919099  0.998965       1.0
53        0.026614  0.276708  0.349134  0.371818  0.468292  0.466485  0.559558  0.547746  0.637339  0.696767  0.679182  0.793827  0.894866  0.919099  0.998965       1.0
54        0.006106  0.252005  0.336498  0.370780  0.460156  0.450602  0.536913  0.525365  0.622975  0.671957  0.654150  0.762570  0.868282  0.887892  0.999399       1.0
55       -0.019083  0.163842  0.237555  0.250904  0.304942  0.317737  0.377003  0.366248  0.469879  0.545553  0.526933  0.656148  0.798015  0.829776  1.015073       1.0
56        0.003852  0.154831  0.233034  0.251272  0.262764  0.294372  0.354767  0.340929  0.456117  0.529171  0.496447  0.656428  0.794084  0.844116  1.002153       1.0
57        0.003852  0.154831  0.233034  0.251272  0.262764  0.294372  0.354767  0.340929  0.456117  0.529171  0.496447  0.656428  0.794084  0.844116  1.002153       1.0
58        0.003852  0.154831  0.233034  0.251272  0.262764  0.294372  0.354767  0.340929  0.456117  0.529171  0.496447  0.656428  0.794084  0.844116  1.002153       1.0
59        0.003852  0.154831  0.233034  0.251272  0.262764  0.294372  0.354767  0.340929  0.456117  0.529171  0.496447  0.656428  0.794084  0.844116  1.002153       1.0
60        0.003852  0.154831  0.233034  0.251272  0.262764  0.294372  0.354767  0.340929  0.456117  0.529171  0.496447  0.656428  0.794084  0.844116  1.002153       1.0
61        0.036235  0.160396  0.244008  0.275072  0.228150  0.281026  0.346808  0.329710  0.456354  0.522565  0.470881  0.672559  0.803974  0.862169  0.967607       1.0
62        0.038696  0.159936  0.237480  0.265383  0.220182  0.273583  0.338168  0.320950  0.445459  0.516917  0.470512  0.675473  0.807799  0.863320  0.974540       1.0
63        0.038696  0.159936  0.237480  0.265383  0.220182  0.273583  0.338168  0.320950  0.445459  0.516917  0.470512  0.675473  0.807799  0.863320  0.974540       1.0
64        0.053336  0.144253  0.193037  0.217197  0.175026  0.225304  0.279760  0.267170  0.383002  0.473777  0.454902  0.693365  0.861222  0.894818  0.987006       1.0
65        0.046751  0.150264  0.189162  0.206271  0.166398  0.219680  0.277013  0.253966  0.374224  0.473171  0.462435  0.690162  0.849455  0.877900  0.986793       1.0
66        0.046751  0.150264  0.189162  0.206271  0.166398  0.219680  0.277013  0.253966  0.374224  0.473171  0.462435  0.690162  0.849455  0.877900  0.986793       1.0
67        0.046751  0.150264  0.189162  0.206271  0.166398  0.219680  0.277013  0.253966  0.374224  0.473171  0.462435  0.690162  0.849455  0.877900  0.986793       1.0
68        0.046751  0.150264  0.189162  0.206271  0.166398  0.219680  0.277013  0.253966  0.374224  0.473171  0.462435  0.690162  0.849455  0.877900  0.986793       1.0
69             NaN       NaN       NaN       NaN       NaN       NaN       NaN       NaN       NaN       NaN       NaN       NaN       NaN       NaN       NaN       NaN
70        0.046751  0.150264  0.189162  0.206271  0.166398  0.219680  0.277013  0.253966  0.374224  0.473171  0.462435  0.690162  0.849455  0.877900  0.986793       1.0
71             NaN       NaN       NaN       NaN       NaN       NaN       NaN       NaN       NaN       NaN       NaN       NaN       NaN       NaN       NaN       NaN
72             NaN       NaN       NaN       NaN       NaN       NaN       NaN       NaN       NaN       NaN       NaN       NaN       NaN       NaN       NaN       NaN
73        0.046751  0.150264  0.189162  0.206271  0.166398  0.219680  0.277013  0.253966  0.374224  0.473171  0.462435  0.690162  0.849455  0.877900  0.986793       1.0
74        0.046751  0.150264  0.189162  0.206271  0.166398  0.219680  0.277013  0.253966  0.374224  0.473171  0.462435  0.690162  0.849455  0.877900  0.986793       1.0
75        0.046751  0.150264  0.189162  0.206271  0.166398  0.219680  0.277013  0.253966  0.374224  0.473171  0.462435  0.690162  0.849455  0.877900  0.986793       1.0
76        0.046751  0.150264  0.189162  0.206271  0.166398  0.219680  0.277013  0.253966  0.374224  0.473171  0.462435  0.690162  0.849455  0.877900  0.986793       1.0
77        0.046751  0.150264  0.189162  0.206271  0.166398  0.219680  0.277013  0.253966  0.374224  0.473171  0.462435  0.690162  0.849455  0.877900  0.986793       1.0
78        0.046751  0.150264  0.189162  0.206271  0.166398  0.219680  0.277013  0.253966  0.374224  0.473171  0.462435  0.690162  0.849455  0.877900  0.986793       1.0
79        0.046751  0.150264  0.189162  0.206271  0.166398  0.219680  0.277013  0.253966  0.374224  0.473171  0.462435  0.690162  0.849455  0.877900  0.986793       1.0
80        0.046751  0.150264  0.189162  0.206271  0.166398  0.219680  0.277013  0.253966  0.374224  0.473171  0.462435  0.690162  0.849455  0.877900  0.986793       1.0
81        0.046751  0.150264  0.189162  0.206271  0.166398  0.219680  0.277013  0.253966  0.374224  0.473171  0.462435  0.690162  0.849455  0.877900  0.986793       1.0
82        0.046751  0.150264  0.189162  0.206271  0.166398  0.219680  0.277013  0.253966  0.374224  0.473171  0.462435  0.690162  0.849455  0.877900  0.986793       1.0
83        0.046751  0.150264  0.189162  0.206271  0.166398  0.219680  0.277013  0.253966  0.374224  0.473171  0.462435  0.690162  0.849455  0.877900  0.986793       1.0
84        0.046751  0.150264  0.189162  0.206271  0.166398  0.219680  0.277013  0.253966  0.374224  0.473171  0.462435  0.690162  0.849455  0.877900  0.986793       1.0
85        0.046751  0.150264  0.189162  0.206271  0.166398  0.219680  0.277013  0.253966  0.374224  0.473171  0.462435  0.690162  0.849455  0.877900  0.986793       1.0
86        0.046751  0.150264  0.189162  0.206271  0.166398  0.219680  0.277013  0.253966  0.374224  0.473171  0.462435  0.690162  0.849455  0.877900  0.986793       1.0
87        0.046751  0.150264  0.189162  0.206271  0.166398  0.219680  0.277013  0.253966  0.374224  0.473171  0.462435  0.690162  0.849455  0.877900  0.986793       1.0
88        0.046751  0.150264  0.189162  0.206271  0.166398  0.219680  0.277013  0.253966  0.374224  0.473171  0.462435  0.690162  0.849455  0.877900  0.986793       1.0
89        0.046751  0.150264  0.189162  0.206271  0.166398  0.219680  0.277013  0.253966  0.374224  0.473171  0.462435  0.690162  0.849455  0.877900  0.986793       1.0
90        0.050220  0.144946  0.189505  0.208800  0.170302  0.221981  0.276167  0.263394  0.375663  0.472667  0.461154  0.692531  0.856086  0.885943  0.985720       1.0
91        0.082025  0.244788  0.292423  0.316922  0.279233  0.356611  0.403816  0.383648  0.496998  0.608177  0.522280  0.789458  0.913789  0.924899  1.019809       1.0
92        0.077824  0.248995  0.296595  0.317199  0.286711  0.363243  0.405688  0.392731  0.498097  0.610170  0.523477  0.787635  0.917432  0.920719  1.019045       1.0
93        0.077824  0.248995  0.296595  0.317199  0.286711  0.363243  0.405688  0.392731  0.498097  0.610170  0.523477  0.787635  0.917432  0.920719  1.019045       1.0
94        0.086303  0.271172  0.287996  0.281001  0.294082  0.379368  0.428236  0.434071  0.489185  0.607420  0.536196  0.789610  0.926401  0.977493  1.010736       1.0
95        0.086303  0.271172  0.287996  0.281001  0.294082  0.379368  0.428236  0.434071  0.489185  0.607420  0.536196  0.789610  0.926401  0.977493  1.010736       1.0
96        0.086303  0.271172  0.287996  0.281001  0.294082  0.379368  0.428236  0.434071  0.489185  0.607420  0.536196  0.789610  0.926401  0.977493  1.010736       1.0
97        0.086303  0.271172  0.287996  0.281001  0.294082  0.379368  0.428236  0.434071  0.489185  0.607420  0.536196  0.789610  0.926401  0.977493  1.010736       1.0
98        0.086303  0.271172  0.287996  0.281001  0.294082  0.379368  0.428236  0.434071  0.489185  0.607420  0.536196  0.789610  0.926401  0.977493  1.010736       1.0
99        0.086303  0.271172  0.287996  0.281001  0.294082  0.379368  0.428236  0.434071  0.489185  0.607420  0.536196  0.789610  0.926401  0.977493  1.010736       1.0
100       0.086303  0.271172  0.287996  0.281001  0.294082  0.379368  0.428236  0.434071  0.489185  0.607420  0.536196  0.789610  0.926401  0.977493  1.010736       1.0
101       0.086303  0.271172  0.287996  0.281001  0.294082  0.379368  0.428236  0.434071  0.489185  0.607420  0.536196  0.789610  0.926401  0.977493  1.010736       1.0
102       0.086303  0.271172  0.287996  0.281001  0.294082  0.379368  0.428236  0.434071  0.489185  0.607420  0.536196  0.789610  0.926401  0.977493  1.010736       1.0
103       0.086303  0.271172  0.287996  0.281001  0.294082  0.379368  0.428236  0.434071  0.489185  0.607420  0.536196  0.789610  0.926401  0.977493  1.010736       1.0
104            NaN       NaN       NaN       NaN       NaN       NaN       NaN       NaN       NaN       NaN       NaN       NaN       NaN       NaN       NaN       NaN
105       0.012819  0.238520  0.313583  0.326568  0.367618  0.393343  0.455509  0.447772  0.565154  0.638662  0.581865  0.764216  0.915676  0.907371  1.042478       1.0
106       0.004815  0.231561  0.316466  0.326564  0.359457  0.392788  0.454986  0.437492  0.574235  0.638405  0.580295  0.778467  0.925329  0.918668  1.043129       1.0
107       0.004815  0.231561  0.316466  0.326564  0.359457  0.392788  0.454986  0.437492  0.574235  0.638405  0.580295  0.778467  0.925329  0.918668  1.043129       1.0
108       0.006105  0.229946  0.329023  0.329892  0.364666  0.408723  0.454771  0.449484  0.582723  0.649360  0.572378  0.786371  0.938906  0.926434  1.046391       1.0
109       0.006105  0.229946  0.329023  0.329892  0.364666  0.408723  0.454771  0.449484  0.582723  0.649360  0.572378  0.786371  0.938906  0.926434  1.046391       1.0
110       0.006105  0.229946  0.329023  0.329892  0.364666  0.408723  0.454771  0.449484  0.582723  0.649360  0.572378  0.786371  0.938906  0.926434  1.046391       1.0
111       0.010054  0.232014  0.343259  0.353440  0.373109  0.421162  0.463678  0.449935  0.601105  0.668561  0.577687  0.816673  0.939479  0.926751  1.030468       1.0
112       0.013111  0.191402  0.366896  0.365255  0.384773  0.462893  0.438767  0.469835  0.624525  0.672563  0.528733  0.796616  0.982589  0.930897  1.024676       1.0
113       0.015264  0.283704  0.540964  0.451292  0.515825  0.701374  0.351488  0.335001  0.715669  0.664802  0.303155  0.741584  1.023184  0.828568  1.155950       1.0
114       0.018223  0.307130  0.551233  0.511572  0.518580  0.711780  0.419777  0.393499  0.746637  0.744245  0.344066  0.818049  1.083562  0.889575  1.170591       1.0
115       0.018223  0.307130  0.551233  0.511572  0.518580  0.711780  0.419777  0.393499  0.746637  0.744245  0.344066  0.818049  1.083562  0.889575  1.170591       1.0
116       0.018223  0.307130  0.551233  0.511572  0.518580  0.711780  0.419777  0.393499  0.746637  0.744245  0.344066  0.818049  1.083562  0.889575  1.170591       1.0
117       0.018223  0.307130  0.551233  0.511572  0.518580  0.711780  0.419777  0.393499  0.746637  0.744245  0.344066  0.818049  1.083562  0.889575  1.170591       1.0
118       0.018223  0.307130  0.551233  0.511572  0.518580  0.711780  0.419777  0.393499  0.746637  0.744245  0.344066  0.818049  1.083562  0.889575  1.170591       1.0
119       0.018223  0.307130  0.551233  0.511572  0.518580  0.711780  0.419777  0.393499  0.746637  0.744245  0.344066  0.818049  1.083562  0.889575  1.170591       1.0
120       0.018223  0.307130  0.551233  0.511572  0.518580  0.711780  0.419777  0.393499  0.746637  0.744245  0.344066  0.818049  1.083562  0.889575  1.170591       1.0
121       0.018223  0.307130  0.551233  0.511572  0.518580  0.711780  0.419777  0.393499  0.746637  0.744245  0.344066  0.818049  1.083562  0.889575  1.170591       1.0
122       0.012683  0.233253  0.342821  0.376479  0.399181  0.419228  0.467283  0.443399  0.613998  0.666183  0.579853  0.787211  0.933025  0.902606  1.039390       1.0
123       0.019063  0.263293  0.356530  0.395292  0.436230  0.441328  0.507044  0.485266  0.630555  0.682943  0.621539  0.773432  0.908651  0.880682  1.022130       1.0
124       0.019063  0.263293  0.356530  0.395292  0.436230  0.441328  0.507044  0.485266  0.630555  0.682943  0.621539  0.773432  0.908651  0.880682  1.022130       1.0
125       0.019063  0.263293  0.356530  0.395292  0.436230  0.441328  0.507044  0.485266  0.630555  0.682943  0.621539  0.773432  0.908651  0.880682  1.022130       1.0
126       0.035200  0.313678  0.385175  0.436402  0.486180  0.478063  0.568601  0.561481  0.668712  0.727305  0.690836  0.813306  0.909775  0.901998  1.002243       1.0
127       0.028611  0.332355  0.388350  0.432079  0.494885  0.508268  0.573275  0.581069  0.689426  0.745339  0.696981  0.826533  0.904169  0.906629  0.990903       1.0
128       0.028611  0.332355  0.388350  0.432079  0.494885  0.508268  0.573275  0.581069  0.689426  0.745339  0.696981  0.826533  0.904169  0.906629  0.990903       1.0
129       0.028611  0.332355  0.388350  0.432079  0.494885  0.508268  0.573275  0.581069  0.689426  0.745339  0.696981  0.826533  0.904169  0.906629  0.990903       1.0
130       0.028611  0.332355  0.388350  0.432079  0.494885  0.508268  0.573275  0.581069  0.689426  0.745339  0.696981  0.826533  0.904169  0.906629  0.990903       1.0
131       0.028611  0.332355  0.388350  0.432079  0.494885  0.508268  0.573275  0.581069  0.689426  0.745339  0.696981  0.826533  0.904169  0.906629  0.990903       1.0
132       0.028611  0.332355  0.388350  0.432079  0.494885  0.508268  0.573275  0.581069  0.689426  0.745339  0.696981  0.826533  0.904169  0.906629  0.990903       1.0
133       0.028611  0.332355  0.388350  0.432079  0.494885  0.508268  0.573275  0.581069  0.689426  0.745339  0.696981  0.826533  0.904169  0.906629  0.990903       1.0
134       0.055461  0.268078  0.326176  0.378707  0.386481  0.389481  0.477555  0.470777  0.570421  0.642027  0.618999  0.756000  0.855978  0.856760  0.991639       1.0
135       0.052240  0.256546  0.312045  0.348530  0.371575  0.378534  0.463531  0.450283  0.551689  0.629182  0.602314  0.750379  0.860861  0.869569  1.014181       1.0
136       0.052240  0.256546  0.312045  0.348530  0.371575  0.378534  0.463531  0.450283  0.551689  0.629182  0.602314  0.750379  0.860861  0.869569  1.014181       1.0
137       0.052240  0.256546  0.312045  0.348530  0.371575  0.378534  0.463531  0.450283  0.551689  0.629182  0.602314  0.750379  0.860861  0.869569  1.014181       1.0
138       0.052240  0.256546  0.312045  0.348530  0.371575  0.378534  0.463531  0.450283  0.551689  0.629182  0.602314  0.750379  0.860861  0.869569  1.014181       1.0
139       0.059325  0.275492  0.320176  0.330034  0.377351  0.393984  0.470725  0.468890  0.559300  0.639299  0.613242  0.762626  0.870941  0.886165  1.021501       1.0
140       0.059325  0.275492  0.320176  0.330034  0.377351  0.393984  0.470725  0.468890  0.559300  0.639299  0.613242  0.762626  0.870941  0.886165  1.021501       1.0
141       0.059325  0.275492  0.320176  0.330034  0.377351  0.393984  0.470725  0.468890  0.559300  0.639299  0.613242  0.762626  0.870941  0.886165  1.021501       1.0
142            NaN       NaN       NaN       NaN       NaN       NaN       NaN       NaN       NaN       NaN       NaN       NaN       NaN       NaN       NaN       NaN
143       0.059325  0.275492  0.320176  0.330034  0.377351  0.393984  0.470725  0.468890  0.559300  0.639299  0.613242  0.762626  0.870941  0.886165  1.021501       1.0
144       0.059325  0.275492  0.320176  0.330034  0.377351  0.393984  0.470725  0.468890  0.559300  0.639299  0.613242  0.762626  0.870941  0.886165  1.021501       1.0
145       0.059325  0.275492  0.320176  0.330034  0.377351  0.393984  0.470725  0.468890  0.559300  0.639299  0.613242  0.762626  0.870941  0.886165  1.021501       1.0
146       0.059325  0.275492  0.320176  0.330034  0.377351  0.393984  0.470725  0.468890  0.559300  0.639299  0.613242  0.762626  0.870941  0.886165  1.021501       1.0
147       0.059325  0.275492  0.320176  0.330034  0.377351  0.393984  0.470725  0.468890  0.559300  0.639299  0.613242  0.762626  0.870941  0.886165  1.021501       1.0
148            NaN       NaN       NaN       NaN       NaN       NaN       NaN       NaN       NaN       NaN       NaN       NaN       NaN       NaN       NaN       NaN
149       0.059325  0.275492  0.320176  0.330034  0.377351  0.393984  0.470725  0.468890  0.559300  0.639299  0.613242  0.762626  0.870941  0.886165  1.021501       1.0
150       0.059325  0.275492  0.320176  0.330034  0.377351  0.393984  0.470725  0.468890  0.559300  0.639299  0.613242  0.762626  0.870941  0.886165  1.021501       1.0
151       0.059325  0.275492  0.320176  0.330034  0.377351  0.393984  0.470725  0.468890  0.559300  0.639299  0.613242  0.762626  0.870941  0.886165  1.021501       1.0
152       0.059325  0.275492  0.320176  0.330034  0.377351  0.393984  0.470725  0.468890  0.559300  0.639299  0.613242  0.762626  0.870941  0.886165  1.021501       1.0
153            NaN       NaN       NaN       NaN       NaN       NaN       NaN       NaN       NaN       NaN       NaN       NaN       NaN       NaN       NaN       NaN
154       0.059325  0.275492  0.320176  0.330034  0.377351  0.393984  0.470725  0.468890  0.559300  0.639299  0.613242  0.762626  0.870941  0.886165  1.021501       1.0
155       0.059325  0.275492  0.320176  0.330034  0.377351  0.393984  0.470725  0.468890  0.559300  0.639299  0.613242  0.762626  0.870941  0.886165  1.021501       1.0
156            NaN       NaN       NaN       NaN       NaN       NaN       NaN       NaN       NaN       NaN       NaN       NaN       NaN       NaN       NaN       NaN
157       0.059325  0.275492  0.320176  0.330034  0.377351  0.393984  0.470725  0.468890  0.559300  0.639299  0.613242  0.762626  0.870941  0.886165  1.021501       1.0
158       0.059325  0.275492  0.320176  0.330034  0.377351  0.393984  0.470725  0.468890  0.559300  0.639299  0.613242  0.762626  0.870941  0.886165  1.021501       1.0
159       0.059325  0.275492  0.320176  0.330034  0.377351  0.393984  0.470725  0.468890  0.559300  0.639299  0.613242  0.762626  0.870941  0.886165  1.021501       1.0
160       0.059325  0.275492  0.320176  0.330034  0.377351  0.393984  0.470725  0.468890  0.559300  0.639299  0.613242  0.762626  0.870941  0.886165  1.021501       1.0
161       0.043390  0.240509  0.305670  0.330177  0.366893  0.371857  0.460782  0.438466  0.540894  0.621597  0.580268  0.736077  0.857848  0.872820  1.035716       1.0
162       0.043390  0.240509  0.305670  0.330177  0.366893  0.371857  0.460782  0.438466  0.540894  0.621597  0.580268  0.736077  0.857848  0.872820  1.035716       1.0