exposure  0.60000     4.98000     10.02000    19.98000    30.00000    40.02000    60.00000    150.00000   300.00000   600.00000   900.00000   1200.00000  1800.00012
r_number                                                                                                                                                            
1           0.059547    0.633976    0.660668    0.765619    0.825793    0.850436    0.922431    0.936793    0.972919    0.984665    0.978153    0.990703         1.0
2           0.059547    0.633976    0.660668    0.765619    0.825793    0.850436    0.922431    0.936793    0.972919    0.984665    0.978153    0.990703         1.0
3           0.059547    0.633976    0.660668    0.765619    0.825793    0.850436    0.922431    0.936793    0.972919    0.984665    0.978153    0.990703         1.0
4           0.059547    0.633976    0.660668    0.765619    0.825793    0.850436    0.922431    0.936793    0.972919    0.984665    0.978153    0.990703         1.0
5                NaN         NaN         NaN         NaN         NaN         NaN         NaN         NaN         NaN         NaN         NaN         NaN         NaN
6           0.059547    0.633976    0.660668    0.765619    0.825793    0.850436    0.922431    0.936793    0.972919    0.984665    0.978153    0.990703         1.0
7           0.059547    0.633976    0.660668    0.765619    0.825793    0.850436    0.922431    0.936793    0.972919    0.984665    0.978153    0.990703         1.0
8           0.059547    0.633976    0.660668    0.765619    0.825793    0.850436    0.922431    0.936793    0.972919    0.984665    0.978153    0.990703         1.0
9           0.056568    0.611981    0.656999    0.752856    0.816216    0.854781    0.926295    0.949483    0.972339    0.987555    0.987994    0.990496         1.0
10          0.048998    0.609271    0.655504    0.757110    0.819272    0.844180    0.919242    0.945746    0.970583    0.997989    0.993914    0.991368         1.0
11          0.048998    0.609271    0.655504    0.757110    0.819272    0.844180    0.919242    0.945746    0.970583    0.997989    0.993914    0.991368         1.0
12          0.048998    0.609271    0.655504    0.757110    0.819272    0.844180    0.919242    0.945746    0.970583    0.997989    0.993914    0.991368         1.0
13          0.048998    0.609271    0.655504    0.757110    0.819272    0.844180    0.919242    0.945746    0.970583    0.997989    0.993914    0.991368         1.0
14          0.048998    0.609271    0.655504    0.757110    0.819272    0.844180    0.919242    0.945746    0.970583    0.997989    0.993914    0.991368         1.0
15          0.048998    0.609271    0.655504    0.757110    0.819272    0.844180    0.919242    0.945746    0.970583    0.997989    0.993914    0.991368         1.0
16          0.049881    0.608636    0.656945    0.757118    0.818650    0.841443    0.919046    0.940793    0.969940    1.000702    0.993301    0.992812         1.0
17          0.049881    0.608636    0.656945    0.757118    0.818650    0.841443    0.919046    0.940793    0.969940    1.000702    0.993301    0.992812         1.0
18          0.053586    0.609258    0.658821    0.750207    0.810089    0.848536    0.920724    0.928116    0.969970    0.985558    0.983893    0.992370         1.0
19          0.036530    0.486353    0.544293    0.658843    0.740938    0.790814    0.887794    0.929070    0.967654    0.987809    0.990719    0.989849         1.0
20          0.029252    0.434496    0.497801    0.620734    0.716058    0.767927    0.875879    0.929320    0.970260    0.987453    0.996055    0.988124         1.0
21          0.025946    0.430213    0.494409    0.617266    0.713674    0.765762    0.875934    0.926025    0.970900    0.987488    0.997180    0.987126         1.0
22          0.023501    0.417608    0.480247    0.607806    0.705326    0.756522    0.873489    0.920070    0.966762    0.983773    0.995644    0.981691         1.0
23          0.023501    0.417608    0.480247    0.607806    0.705326    0.756522    0.873489    0.920070    0.966762    0.983773    0.995644    0.981691         1.0
24          0.023501    0.417608    0.480247    0.607806    0.705326    0.756522    0.873489    0.920070    0.966762    0.983773    0.995644    0.981691         1.0
25          0.023501    0.417608    0.480247    0.607806    0.705326    0.756522    0.873489    0.920070    0.966762    0.983773    0.995644    0.981691         1.0
26               NaN         NaN         NaN         NaN         NaN         NaN         NaN         NaN         NaN         NaN         NaN         NaN         NaN
27          0.023501    0.417608    0.480247    0.607806    0.705326    0.756522    0.873489    0.920070    0.966762    0.983773    0.995644    0.981691         1.0
28          0.023501    0.417608    0.480247    0.607806    0.705326    0.756522    0.873489    0.920070    0.966762    0.983773    0.995644    0.981691         1.0
29          0.023501    0.417608    0.480247    0.607806    0.705326    0.756522    0.873489    0.920070    0.966762    0.983773    0.995644    0.981691         1.0
30          0.023501    0.417608    0.480247    0.607806    0.705326    0.756522    0.873489    0.920070    0.966762    0.983773    0.995644    0.981691         1.0
31          0.023501    0.417608    0.480247    0.607806    0.705326    0.756522    0.873489    0.920070    0.966762    0.983773    0.995644    0.981691         1.0
32          0.025668    0.427707    0.494818    0.615163    0.713078    0.766243    0.879995    0.921435    0.970495    0.991380    0.998536    0.985424         1.0
33          0.044327    0.519091    0.577019    0.680566    0.756628    0.801572    0.908448    0.954823    0.970496    0.992923    0.994277    0.992122         1.0
34          0.053900    0.513541    0.568212    0.681725    0.757150    0.800166    0.897796    0.945430    0.968089    0.992410    0.992022    0.988420         1.0
35          0.063853    0.534104    0.583328    0.698860    0.767334    0.811470    0.905709    0.948061    0.967757    0.993011    0.990243    0.988588         1.0
36          0.063853    0.534104    0.583328    0.698860    0.767334    0.811470    0.905709    0.948061    0.967757    0.993011    0.990243    0.988588         1.0
37          0.063853    0.534104    0.583328    0.698860    0.767334    0.811470    0.905709    0.948061    0.967757    0.993011    0.990243    0.988588         1.0
38          0.063853    0.534104    0.583328    0.698860    0.767334    0.811470    0.905709    0.948061    0.967757    0.993011    0.990243    0.988588         1.0
39          0.063853    0.534104    0.583328    0.698860    0.767334    0.811470    0.905709    0.948061    0.967757    0.993011    0.990243    0.988588         1.0
40          0.063853    0.534104    0.583328    0.698860    0.767334    0.811470    0.905709    0.948061    0.967757    0.993011    0.990243    0.988588         1.0
41          0.077606    0.446799    0.497149    0.642411    0.710481    0.768910    0.851957    0.904686    0.949847    0.995858    0.987941    0.998297         1.0
42          0.042984    0.398221    0.458213    0.593666    0.675664    0.739396    0.847905    0.898220    0.959847    0.988981    0.989313    0.992367         1.0
43          0.042984    0.398221    0.458213    0.593666    0.675664    0.739396    0.847905    0.898220    0.959847    0.988981    0.989313    0.992367         1.0
44          0.042984    0.398221    0.458213    0.593666    0.675664    0.739396    0.847905    0.898220    0.959847    0.988981    0.989313    0.992367         1.0
45          0.042984    0.398221    0.458213    0.593666    0.675664    0.739396    0.847905    0.898220    0.959847    0.988981    0.989313    0.992367         1.0
46          0.042984    0.398221    0.458213    0.593666    0.675664    0.739396    0.847905    0.898220    0.959847    0.988981    0.989313    0.992367         1.0
47          0.027699    0.376775    0.441023    0.572146    0.660293    0.726367    0.846116    0.895365    0.964262    0.985945    0.989919    0.989749         1.0
48          0.013132    0.394430    0.444990    0.576898    0.683755    0.721870    0.834850    0.872879    0.967886    0.976195    0.995623    0.985200         1.0
49          0.013132    0.394430    0.444990    0.576898    0.683755    0.721870    0.834850    0.872879    0.967886    0.976195    0.995623    0.985200         1.0
50          0.013132    0.394430    0.444990    0.576898    0.683755    0.721870    0.834850    0.872879    0.967886    0.976195    0.995623    0.985200         1.0
51               NaN         NaN         NaN         NaN         NaN         NaN         NaN         NaN         NaN         NaN         NaN         NaN         NaN
52          0.013132    0.394430    0.444990    0.576898    0.683755    0.721870    0.834850    0.872879    0.967886    0.976195    0.995623    0.985200         1.0
53          0.013132    0.394430    0.444990    0.576898    0.683755    0.721870    0.834850    0.872879    0.967886    0.976195    0.995623    0.985200         1.0
54          0.023464    0.390464    0.447204    0.572738    0.675802    0.721175    0.831735    0.879245    0.967996    0.979185    0.991660    0.986793         1.0
55          0.026959    0.302261    0.386818    0.517691    0.622151    0.695872    0.835217    0.928687    0.980305    0.995880    0.997396    0.987174         1.0
56          0.024743    0.278133    0.370834    0.515222    0.614072    0.687800    0.823500    0.932290    0.979821    0.996978    0.988743    0.983260         1.0
57          0.024743    0.278133    0.370834    0.515222    0.614072    0.687800    0.823500    0.932290    0.979821    0.996978    0.988743    0.983260         1.0
58          0.024743    0.278133    0.370834    0.515222    0.614072    0.687800    0.823500    0.932290    0.979821    0.996978    0.988743    0.983260         1.0
59          0.024743    0.278133    0.370834    0.515222    0.614072    0.687800    0.823500    0.932290    0.979821    0.996978    0.988743    0.983260         1.0
60          0.024743    0.278133    0.370834    0.515222    0.614072    0.687800    0.823500    0.932290    0.979821    0.996978    0.988743    0.983260         1.0
61          0.017100    0.262362    0.354866    0.502914    0.606536    0.670002    0.796762    0.904656    0.965016    0.991810    0.972825    0.979145         1.0
62          0.020210    0.263659    0.352695    0.499305    0.606735    0.669354    0.797035    0.901356    0.963269    0.990751    0.972529    0.978709         1.0
63          0.020210    0.263659    0.352695    0.499305    0.606735    0.669354    0.797035    0.901356    0.963269    0.990751    0.972529    0.978709         1.0
64          0.034568    0.277420    0.336962    0.469877    0.610513    0.668519    0.803983    0.879020    0.946059    0.985519    0.970860    0.985886         1.0
65          0.035098    0.275999    0.338793    0.472631    0.610535    0.669183    0.802875    0.883328    0.949939    0.980424    0.972738    0.984728         1.0
66          0.033538    0.274624    0.339145    0.472658    0.609386    0.669151    0.800877    0.883809    0.952981    0.978590    0.974324    0.982684         1.0
67          0.033538    0.274624    0.339145    0.472658    0.609386    0.669151    0.800877    0.883809    0.952981    0.978590    0.974324    0.982684         1.0
68          0.033538    0.274624    0.339145    0.472658    0.609386    0.669151    0.800877    0.883809    0.952981    0.978590    0.974324    0.982684         1.0
69               NaN         NaN         NaN         NaN         NaN         NaN         NaN         NaN         NaN         NaN         NaN         NaN         NaN
70          0.033538    0.274624    0.339145    0.472658    0.609386    0.669151    0.800877    0.883809    0.952981    0.978590    0.974324    0.982684         1.0
71               NaN         NaN         NaN         NaN         NaN         NaN         NaN         NaN         NaN         NaN         NaN         NaN         NaN
72               NaN         NaN         NaN         NaN         NaN         NaN         NaN         NaN         NaN         NaN         NaN         NaN         NaN
73          0.033538    0.274624    0.339145    0.472658    0.609386    0.669151    0.800877    0.883809    0.952981    0.978590    0.974324    0.982684         1.0
74          0.033538    0.274624    0.339145    0.472658    0.609386    0.669151    0.800877    0.883809    0.952981    0.978590    0.974324    0.982684         1.0
75          0.033538    0.274624    0.339145    0.472658    0.609386    0.669151    0.800877    0.883809    0.952981    0.978590    0.974324    0.982684         1.0
76          0.033538    0.274624    0.339145    0.472658    0.609386    0.669151    0.800877    0.883809    0.952981    0.978590    0.974324    0.982684         1.0
77          0.033538    0.274624    0.339145    0.472658    0.609386    0.669151    0.800877    0.883809    0.952981    0.978590    0.974324    0.982684         1.0
78          0.033538    0.274624    0.339145    0.472658    0.609386    0.669151    0.800877    0.883809    0.952981    0.978590    0.974324    0.982684         1.0
79          0.033538    0.274624    0.339145    0.472658    0.609386    0.669151    0.800877    0.883809    0.952981    0.978590    0.974324    0.982684         1.0
80          0.033538    0.274624    0.339145    0.472658    0.609386    0.669151    0.800877    0.883809    0.952981    0.978590    0.974324    0.982684         1.0
81          0.033538    0.274624    0.339145    0.472658    0.609386    0.669151    0.800877    0.883809    0.952981    0.978590    0.974324    0.982684         1.0
82          0.033538    0.274624    0.339145    0.472658    0.609386    0.669151    0.800877    0.883809    0.952981    0.978590    0.974324    0.982684         1.0
83          0.033538    0.274624    0.339145    0.472658    0.609386    0.669151    0.800877    0.883809    0.952981    0.978590    0.974324    0.982684         1.0
84          0.033538    0.274624    0.339145    0.472658    0.609386    0.669151    0.800877    0.883809    0.952981    0.978590    0.974324    0.982684         1.0
85          0.033538    0.274624    0.339145    0.472658    0.609386    0.669151    0.800877    0.883809    0.952981    0.978590    0.974324    0.982684         1.0
86          0.033538    0.274624    0.339145    0.472658    0.609386    0.669151    0.800877    0.883809    0.952981    0.978590    0.974324    0.982684         1.0
87          0.033538    0.274624    0.339145    0.472658    0.609386    0.669151    0.800877    0.883809    0.952981    0.978590    0.974324    0.982684         1.0
88          0.033538    0.274624    0.339145    0.472658    0.609386    0.669151    0.800877    0.883809    0.952981    0.978590    0.974324    0.982684         1.0
89          0.033538    0.274624    0.339145    0.472658    0.609386    0.669151    0.800877    0.883809    0.952981    0.978590    0.974324    0.982684         1.0
90          0.039010    0.275385    0.337984    0.475802    0.614938    0.672899    0.802997    0.886756    0.961694    0.982696    0.977846    0.979349         1.0
91          0.041915    0.364870    0.379400    0.511033    0.662329    0.690591    0.805248    0.847318    0.963231    0.988232    0.973461    0.991050         1.0
92          0.042109    0.365832    0.377355    0.508688    0.660643    0.689090    0.797819    0.838578    0.957854    0.978781    0.970703    0.980404         1.0
93          0.042109    0.365832    0.377355    0.508688    0.660643    0.689090    0.797819    0.838578    0.957854    0.978781    0.970703    0.980404         1.0
94          0.029907    0.359040    0.376796    0.492469    0.639462    0.670091    0.773240    0.819679    0.941198    0.963654    0.951972    0.967299         1.0
95          0.029907    0.359040    0.376796    0.492469    0.639462    0.670091    0.773240    0.819679    0.941198    0.963654    0.951972    0.967299         1.0
96          0.029907    0.359040    0.376796    0.492469    0.639462    0.670091    0.773240    0.819679    0.941198    0.963654    0.951972    0.967299         1.0
97          0.029907    0.359040    0.376796    0.492469    0.639462    0.670091    0.773240    0.819679    0.941198    0.963654    0.951972    0.967299         1.0
98          0.029907    0.359040    0.376796    0.492469    0.639462    0.670091    0.773240    0.819679    0.941198    0.963654    0.951972    0.967299         1.0
99          0.029907    0.359040    0.376796    0.492469    0.639462    0.670091    0.773240    0.819679    0.941198    0.963654    0.951972    0.967299         1.0
100         0.029907    0.359040    0.376796    0.492469    0.639462    0.670091    0.773240    0.819679    0.941198    0.963654    0.951972    0.967299         1.0
101         0.029907    0.359040    0.376796    0.492469    0.639462    0.670091    0.773240    0.819679    0.941198    0.963654    0.951972    0.967299         1.0
102         0.029907    0.359040    0.376796    0.492469    0.639462    0.670091    0.773240    0.819679    0.941198    0.963654    0.951972    0.967299         1.0
103         0.029907    0.359040    0.376796    0.492469    0.639462    0.670091    0.773240    0.819679    0.941198    0.963654    0.951972    0.967299         1.0
104              NaN         NaN         NaN         NaN         NaN         NaN         NaN         NaN         NaN         NaN         NaN         NaN         NaN
105         0.009810    0.353331    0.427675    0.546907    0.651669    0.700400    0.814900    0.917916    0.962237    0.972325    0.966817    0.991798         1.0
106         0.009810    0.353331    0.427675    0.546907    0.651669    0.700400    0.814900    0.917916    0.962237    0.972325    0.966817    0.991798         1.0
107         0.009810    0.353331    0.427675    0.546907    0.651669    0.700400    0.814900    0.917916    0.962237    0.972325    0.966817    0.991798         1.0
108         0.018772    0.356839    0.417661    0.537857    0.647615    0.692033    0.808994    0.908147    0.954851    0.968951    0.957081    0.989157         1.0
109         0.018772    0.356839    0.417661    0.537857    0.647615    0.692033    0.808994    0.908147    0.954851    0.968951    0.957081    0.989157         1.0
110         0.018772    0.356839    0.417661    0.537857    0.647615    0.692033    0.808994    0.908147    0.954851    0.968951    0.957081    0.989157         1.0
111         0.036253    0.373144    0.416266    0.540021    0.658327    0.710077    0.827385    0.895419    0.949738    0.962032    0.950881    0.990042         1.0
112         0.050881    0.357272    0.379227    0.520508    0.641034    0.676213    0.784660    0.859238    0.923372    0.946865    0.927485    0.995374         1.0
113         0.089927    0.438065    0.416277    0.523921    0.589698    0.680161    0.814822    0.981557    0.942356    0.892657    0.855023    1.013716         1.0
114         0.096743    0.546606    0.430471    0.556088    0.667036    0.700661    0.837273    0.918817    0.926623    0.873841    0.833432    1.032034         1.0
115         0.096743    0.546606    0.430471    0.556088    0.667036    0.700661    0.837273    0.918817    0.926623    0.873841    0.833432    1.032034         1.0
116         0.096743    0.546606    0.430471    0.556088    0.667036    0.700661    0.837273    0.918817    0.926623    0.873841    0.833432    1.032034         1.0
117         0.096743    0.546606    0.430471    0.556088    0.667036    0.700661    0.837273    0.918817    0.926623    0.873841    0.833432    1.032034         1.0
118         0.096743    0.546606    0.430471    0.556088    0.667036    0.700661    0.837273    0.918817    0.926623    0.873841    0.833432    1.032034         1.0
119         0.096743    0.546606    0.430471    0.556088    0.667036    0.700661    0.837273    0.918817    0.926623    0.873841    0.833432    1.032034         1.0
120         0.096743    0.546606    0.430471    0.556088    0.667036    0.700661    0.837273    0.918817    0.926623    0.873841    0.833432    1.032034         1.0
121         0.096743    0.546606    0.430471    0.556088    0.667036    0.700661    0.837273    0.918817    0.926623    0.873841    0.833432    1.032034         1.0
122         0.030069    0.411929    0.456027    0.581990    0.673119    0.730958    0.822527    0.936342    0.939910    0.957883    0.963008    0.990187         1.0
123         0.029237    0.451409    0.497510    0.621210    0.701313    0.760893    0.848325    0.960056    0.953072    0.967879    0.975175    0.989303         1.0
124         0.029237    0.451409    0.497510    0.621210    0.701313    0.760893    0.848325    0.960056    0.953072    0.967879    0.975175    0.989303         1.0
125         0.029237    0.451409    0.497510    0.621210    0.701313    0.760893    0.848325    0.960056    0.953072    0.967879    0.975175    0.989303         1.0
126         0.032757    0.527738    0.584915    0.697107    0.770694    0.823477    0.911451    0.962308    0.980097    0.982010    0.990286    0.987370         1.0
127         0.011953    0.528637    0.582184    0.699358    0.785241    0.820877    0.888014    0.926904    0.969616    0.966154    0.976653    0.968915         1.0
128         0.011953    0.528637    0.582184    0.699358    0.785241    0.820877    0.888014    0.926904    0.969616    0.966154    0.976653    0.968915         1.0
129         0.011953    0.528637    0.582184    0.699358    0.785241    0.820877    0.888014    0.926904    0.969616    0.966154    0.976653    0.968915         1.0
130         0.011953    0.528637    0.582184    0.699358    0.785241    0.820877    0.888014    0.926904    0.969616    0.966154    0.976653    0.968915         1.0
131         0.011953    0.528637    0.582184    0.699358    0.785241    0.820877    0.888014    0.926904    0.969616    0.966154    0.976653    0.968915         1.0
132         0.011953    0.528637    0.582184    0.699358    0.785241    0.820877    0.888014    0.926904    0.969616    0.966154    0.976653    0.968915         1.0
133         0.011953    0.528637    0.582184    0.699358    0.785241    0.820877    0.888014    0.926904    0.969616    0.966154    0.976653    0.968915         1.0
134         0.026977    0.425134    0.483124    0.598673    0.709400    0.754504    0.851919    0.908974    0.963399    0.991537    0.982570    0.985294         1.0
135         0.037205    0.411279    0.465532    0.578101    0.689615    0.735325    0.825954    0.881124    0.952534    0.981632    0.980257    0.972919         1.0
136         0.037205    0.411279    0.465532    0.578101    0.689615    0.735325    0.825954    0.881124    0.952534    0.981632    0.980257    0.972919         1.0
137         0.037205    0.411279    0.465532    0.578101    0.689615    0.735325    0.825954    0.881124    0.952534    0.981632    0.980257    0.972919         1.0
138         0.037205    0.411279    0.465532    0.578101    0.689615    0.735325    0.825954    0.881124    0.952534    0.981632    0.980257    0.972919         1.0
139         0.024815    0.428402    0.473789    0.583240    0.703819    0.737993    0.827764    0.875874    0.951803    0.975683    0.970133    0.967803         1.0
140         0.024815    0.428402    0.473789    0.583240    0.703819    0.737993    0.827764    0.875874    0.951803    0.975683    0.970133    0.967803         1.0
141         0.024815    0.428402    0.473789    0.583240    0.703819    0.737993    0.827764    0.875874    0.951803    0.975683    0.970133    0.967803         1.0
142              NaN         NaN         NaN         NaN         NaN         NaN         NaN         NaN         NaN         NaN         NaN         NaN         NaN
143         0.024815    0.428402    0.473789    0.583240    0.703819    0.737993    0.827764    0.875874    0.951803    0.975683    0.970133    0.967803         1.0
144         0.024815    0.428402    0.473789    0.583240    0.703819    0.737993    0.827764    0.875874    0.951803    0.975683    0.970133    0.967803         1.0
145         0.024815    0.428402    0.473789    0.583240    0.703819    0.737993    0.827764    0.875874    0.951803    0.975683    0.970133    0.967803         1.0
146         0.024815    0.428402    0.473789    0.583240    0.703819    0.737993    0.827764    0.875874    0.951803    0.975683    0.970133    0.967803         1.0
147         0.024815    0.428402    0.473789    0.583240    0.703819    0.737993    0.827764    0.875874    0.951803    0.975683    0.970133    0.967803         1.0
148              NaN         NaN         NaN         NaN         NaN         NaN         NaN         NaN         NaN         NaN         NaN         NaN         NaN
149         0.024815    0.428402    0.473789    0.583240    0.703819    0.737993    0.827764    0.875874    0.951803    0.975683    0.970133    0.967803         1.0
150         0.024815    0.428402    0.473789    0.583240    0.703819    0.737993    0.827764    0.875874    0.951803    0.975683    0.970133    0.967803         1.0
151         0.024815    0.428402    0.473789    0.583240    0.703819    0.737993    0.827764    0.875874    0.951803    0.975683    0.970133    0.967803         1.0
152         0.024815    0.428402    0.473789    0.583240    0.703819    0.737993    0.827764    0.875874    0.951803    0.975683    0.970133    0.967803         1.0
153              NaN         NaN         NaN         NaN         NaN         NaN         NaN         NaN         NaN         NaN         NaN         NaN         NaN
154         0.024815    0.428402    0.473789    0.583240    0.703819    0.737993    0.827764    0.875874    0.951803    0.975683    0.970133    0.967803         1.0
155         0.024815    0.428402    0.473789    0.583240    0.703819    0.737993    0.827764    0.875874    0.951803    0.975683    0.970133    0.967803         1.0
156              NaN         NaN         NaN         NaN         NaN         NaN         NaN         NaN         NaN         NaN         NaN         NaN         NaN
157         0.024815    0.428402    0.473789    0.583240    0.703819    0.737993    0.827764    0.875874    0.951803    0.975683    0.970133    0.967803         1.0
158         0.024815    0.428402    0.473789    0.583240    0.703819    0.737993    0.827764    0.875874    0.951803    0.975683    0.970133    0.967803         1.0
159         0.024815    0.428402    0.473789    0.583240    0.703819    0.737993    0.827764    0.875874    0.951803    0.975683    0.970133    0.967803         1.0
160         0.024815    0.428402    0.473789    0.583240    0.703819    0.737993    0.827764    0.875874    0.951803    0.975683    0.970133    0.967803         1.0
161         0.033499    0.407649    0.458332    0.565383    0.672932    0.719573    0.797536    0.868330    0.937880    0.971626    0.978515    0.955946         1.0
162         0.033499    0.407649    0.458332    0.565383    0.672932    0.719573    0.797536    0.868330    0.937880    0.971626    0.978515    0.955946         1.0