exposure  0.60000      4.98000      10.02000     19.98000     30.00000     40.02000     60.00000     150.00000    300.00000    600.00000    900.00000    1200.00000   1800.00012   2700.00000   3600.00000   10800.00000  57600.00000  86400.00000
r_number                                                                                                                                                                                                                                          
1            0.014618     0.014236     0.013110     0.012860     0.008214     0.021045     0.018822     0.005614     0.011824     0.020504     0.010547     0.014045     0.016508     0.019064     0.009326     0.005734     0.005872     0.007622
2            0.014618     0.014236     0.013110     0.012860     0.008214     0.021045     0.018822     0.005614     0.011824     0.020504     0.010547     0.014045     0.016508     0.019064     0.009326     0.005734     0.005872     0.007622
3            0.014618     0.014236     0.013110     0.012860     0.008214     0.021045     0.018822     0.005614     0.011824     0.020504     0.010547     0.014045     0.016508     0.019064     0.009326     0.005734     0.005872     0.007622
4            0.014618     0.014236     0.013110     0.012860     0.008214     0.021045     0.018822     0.005614     0.011824     0.020504     0.010547     0.014045     0.016508     0.019064     0.009326     0.005734     0.005872     0.007622
5                 NaN          NaN          NaN          NaN          NaN          NaN          NaN          NaN          NaN          NaN          NaN          NaN          NaN          NaN          NaN          NaN          NaN          NaN
6            0.014618     0.014236     0.013110     0.012860     0.008214     0.021045     0.018822     0.005614     0.011824     0.020504     0.010547     0.014045     0.016508     0.019064     0.009326     0.005734     0.005872     0.007622
7            0.014618     0.014236     0.013110     0.012860     0.008214     0.021045     0.018822     0.005614     0.011824     0.020504     0.010547     0.014045     0.016508     0.019064     0.009326     0.005734     0.005872     0.007622
8            0.014618     0.014236     0.013110     0.012860     0.008214     0.021045     0.018822     0.005614     0.011824     0.020504     0.010547     0.014045     0.016508     0.019064     0.009326     0.005734     0.005872     0.007622
9            0.013144     0.010373     0.012351     0.009098     0.006480     0.008926     0.011123     0.004183     0.007649     0.012054     0.007180     0.012080     0.008527     0.007325     0.006536     0.004293     0.004379     0.004759
10           0.018263     0.010744     0.011991     0.009124     0.017860     0.012858     0.011238     0.004974     0.011566     0.017645     0.008163     0.017066     0.010970     0.013050     0.007302     0.005288     0.005228     0.011041
11           0.018263     0.010744     0.011991     0.009124     0.017860     0.012858     0.011238     0.004974     0.011566     0.017645     0.008163     0.017066     0.010970     0.013050     0.007302     0.005288     0.005228     0.011041
12           0.018263     0.010744     0.011991     0.009124     0.017860     0.012858     0.011238     0.004974     0.011566     0.017645     0.008163     0.017066     0.010970     0.013050     0.007302     0.005288     0.005228     0.011041
13           0.018263     0.010744     0.011991     0.009124     0.017860     0.012858     0.011238     0.004974     0.011566     0.017645     0.008163     0.017066     0.010970     0.013050     0.007302     0.005288     0.005228     0.011041
14           0.018263     0.010744     0.011991     0.009124     0.017860     0.012858     0.011238     0.004974     0.011566     0.017645     0.008163     0.017066     0.010970     0.013050     0.007302     0.005288     0.005228     0.011041
15           0.018263     0.010744     0.011991     0.009124     0.017860     0.012858     0.011238     0.004974     0.011566     0.017645     0.008163     0.017066     0.010970     0.013050     0.007302     0.005288     0.005228     0.011041
16           0.021456     0.011454     0.013720     0.009930     0.021476     0.014721     0.012774     0.005639     0.013466     0.020547     0.009284     0.019653     0.012821     0.015509     0.007862     0.006028     0.005929     0.013195
17           0.021456     0.011454     0.013720     0.009930     0.021476     0.014721     0.012774     0.005639     0.013466     0.020547     0.009284     0.019653     0.012821     0.015509     0.007862     0.006028     0.005929     0.013195
18           0.015426     0.010295     0.015081     0.009679     0.008027     0.010723     0.015866     0.005850     0.009104     0.013618     0.008722     0.013834     0.010142     0.009473     0.006808     0.006164     0.006321     0.007149
19           0.012837     0.010836     0.011398     0.008924     0.007535     0.008978     0.012902     0.004143     0.006376     0.010968     0.005965     0.009323     0.006186     0.006915     0.005079     0.004291     0.004369     0.007244
20           0.010538     0.009509     0.010899     0.007686     0.008467     0.007742     0.010374     0.003607     0.004785     0.009140     0.005268     0.008358     0.006571     0.005141     0.005081     0.003763     0.003805     0.007272
21           0.010105     0.008738     0.010201     0.007155     0.007734     0.007317     0.009520     0.003576     0.004561     0.008373     0.004957     0.008273     0.005973     0.004764     0.004865     0.003732     0.003779     0.006905
22           0.008746     0.007781     0.008996     0.006459     0.007251     0.006284     0.010343     0.003250     0.005500     0.007582     0.004428     0.007704     0.005219     0.004870     0.004501     0.003406     0.003431     0.005968
23           0.008746     0.007781     0.008996     0.006459     0.007251     0.006284     0.010343     0.003250     0.005500     0.007582     0.004428     0.007704     0.005219     0.004870     0.004501     0.003406     0.003431     0.005968
24           0.008746     0.007781     0.008996     0.006459     0.007251     0.006284     0.010343     0.003250     0.005500     0.007582     0.004428     0.007704     0.005219     0.004870     0.004501     0.003406     0.003431     0.005968
25           0.008746     0.007781     0.008996     0.006459     0.007251     0.006284     0.010343     0.003250     0.005500     0.007582     0.004428     0.007704     0.005219     0.004870     0.004501     0.003406     0.003431     0.005968
26                NaN          NaN          NaN          NaN          NaN          NaN          NaN          NaN          NaN          NaN          NaN          NaN          NaN          NaN          NaN          NaN          NaN          NaN
27           0.008746     0.007781     0.008996     0.006459     0.007251     0.006284     0.010343     0.003250     0.005500     0.007582     0.004428     0.007704     0.005219     0.004870     0.004501     0.003406     0.003431     0.005968
28           0.008746     0.007781     0.008996     0.006459     0.007251     0.006284     0.010343     0.003250     0.005500     0.007582     0.004428     0.007704     0.005219     0.004870     0.004501     0.003406     0.003431     0.005968
29           0.008746     0.007781     0.008996     0.006459     0.007251     0.006284     0.010343     0.003250     0.005500     0.007582     0.004428     0.007704     0.005219     0.004870     0.004501     0.003406     0.003431     0.005968
30           0.008746     0.007781     0.008996     0.006459     0.007251     0.006284     0.010343     0.003250     0.005500     0.007582     0.004428     0.007704     0.005219     0.004870     0.004501     0.003406     0.003431     0.005968
31           0.008746     0.007781     0.008996     0.006459     0.007251     0.006284     0.010343     0.003250     0.005500     0.007582     0.004428     0.007704     0.005219     0.004870     0.004501     0.003406     0.003431     0.005968
32           0.011317     0.009351     0.010615     0.007352     0.008340     0.006914     0.008964     0.003823     0.005165     0.008577     0.005202     0.009577     0.005707     0.005983     0.004791     0.003926     0.003980     0.006571
33           0.031545     0.024507     0.020655     0.022403     0.019888     0.017101     0.018566     0.016772     0.017086     0.018993     0.018959     0.021972     0.019794     0.020002     0.018882     0.017319     0.017460     0.018350
34           0.019933     0.015473     0.013306     0.014052     0.012034     0.011240     0.013740     0.010322     0.010994     0.012650     0.011646     0.014343     0.012344     0.012377     0.012087     0.010741     0.010851     0.012213
35           0.026617     0.020402     0.017258     0.018593     0.014936     0.015400     0.018613     0.014230     0.015137     0.016431     0.015826     0.018775     0.016464     0.016721     0.016496     0.014807     0.014958     0.016287
36           0.026617     0.020402     0.017258     0.018593     0.014936     0.015400     0.018613     0.014230     0.015137     0.016431     0.015826     0.018775     0.016464     0.016721     0.016496     0.014807     0.014958     0.016287
37           0.026617     0.020402     0.017258     0.018593     0.014936     0.015400     0.018613     0.014230     0.015137     0.016431     0.015826     0.018775     0.016464     0.016721     0.016496     0.014807     0.014958     0.016287
38           0.026617     0.020402     0.017258     0.018593     0.014936     0.015400     0.018613     0.014230     0.015137     0.016431     0.015826     0.018775     0.016464     0.016721     0.016496     0.014807     0.014958     0.016287
39           0.026617     0.020402     0.017258     0.018593     0.014936     0.015400     0.018613     0.014230     0.015137     0.016431     0.015826     0.018775     0.016464     0.016721     0.016496     0.014807     0.014958     0.016287
40           0.026617     0.020402     0.017258     0.018593     0.014936     0.015400     0.018613     0.014230     0.015137     0.016431     0.015826     0.018775     0.016464     0.016721     0.016496     0.014807     0.014958     0.016287
41           0.035778     0.028401     0.028814     0.023777     0.018199     0.017025     0.026648     0.016916     0.026349     0.033224     0.021378     0.033646     0.019991     0.021597     0.023226     0.018766     0.019098     0.022370
42           0.026933     0.020367     0.020317     0.014516     0.012392     0.011942     0.015262     0.008830     0.011660     0.015583     0.010260     0.014688     0.010898     0.012463     0.011085     0.009409     0.009534     0.010307
43           0.026933     0.020367     0.020317     0.014516     0.012392     0.011942     0.015262     0.008830     0.011660     0.015583     0.010260     0.014688     0.010898     0.012463     0.011085     0.009409     0.009534     0.010307
44           0.026933     0.020367     0.020317     0.014516     0.012392     0.011942     0.015262     0.008830     0.011660     0.015583     0.010260     0.014688     0.010898     0.012463     0.011085     0.009409     0.009534     0.010307
45           0.026933     0.020367     0.020317     0.014516     0.012392     0.011942     0.015262     0.008830     0.011660     0.015583     0.010260     0.014688     0.010898     0.012463     0.011085     0.009409     0.009534     0.010307
46           0.026933     0.020367     0.020317     0.014516     0.012392     0.011942     0.015262     0.008830     0.011660     0.015583     0.010260     0.014688     0.010898     0.012463     0.011085     0.009409     0.009534     0.010307
47           0.035465     0.026546     0.026379     0.018100     0.015955     0.015486     0.018590     0.010306     0.012133     0.017012     0.011386     0.015087     0.012996     0.015226     0.012255     0.010739     0.010853     0.011101
48           0.028625     0.017988     0.023273     0.016639     0.011092     0.026145     0.026783     0.007039     0.021592     0.021497     0.019010     0.019214     0.015306     0.021386     0.017099     0.006958     0.006998     0.007765
49           0.028625     0.017988     0.023273     0.016639     0.011092     0.026145     0.026783     0.007039     0.021592     0.021497     0.019010     0.019214     0.015306     0.021386     0.017099     0.006958     0.006998     0.007765
50           0.028625     0.017988     0.023273     0.016639     0.011092     0.026145     0.026783     0.007039     0.021592     0.021497     0.019010     0.019214     0.015306     0.021386     0.017099     0.006958     0.006998     0.007765
51                NaN          NaN          NaN          NaN          NaN          NaN          NaN          NaN          NaN          NaN          NaN          NaN          NaN          NaN          NaN          NaN          NaN          NaN
52           0.028625     0.017988     0.023273     0.016639     0.011092     0.026145     0.026783     0.007039     0.021592     0.021497     0.019010     0.019214     0.015306     0.021386     0.017099     0.006958     0.006998     0.007765
53           0.028625     0.017988     0.023273     0.016639     0.011092     0.026145     0.026783     0.007039     0.021592     0.021497     0.019010     0.019214     0.015306     0.021386     0.017099     0.006958     0.006998     0.007765
54           0.022579     0.017748     0.020682     0.013252     0.012465     0.015287     0.022392     0.007693     0.013825     0.017387     0.014252     0.014358     0.011590     0.016111     0.011034     0.008021     0.008108     0.009013
55           0.033838     0.035241     0.031316     0.026088     0.026750     0.024104     0.021939     0.020848     0.024225     0.031457     0.023583     0.028488     0.032067     0.024950     0.023695     0.021792     0.022276     0.023004
56           0.025532     0.026434     0.024243     0.018811     0.021499     0.017591     0.016175     0.014703     0.017147     0.023984     0.021485     0.021165     0.024944     0.020432     0.016970     0.015328     0.015660     0.016295
57           0.025532     0.026434     0.024243     0.018811     0.021499     0.017591     0.016175     0.014703     0.017147     0.023984     0.021485     0.021165     0.024944     0.020432     0.016970     0.015328     0.015660     0.016295
58           0.025532     0.026434     0.024243     0.018811     0.021499     0.017591     0.016175     0.014703     0.017147     0.023984     0.021485     0.021165     0.024944     0.020432     0.016970     0.015328     0.015660     0.016295
59           0.025532     0.026434     0.024243     0.018811     0.021499     0.017591     0.016175     0.014703     0.017147     0.023984     0.021485     0.021165     0.024944     0.020432     0.016970     0.015328     0.015660     0.016295
60           0.025532     0.026434     0.024243     0.018811     0.021499     0.017591     0.016175     0.014703     0.017147     0.023984     0.021485     0.021165     0.024944     0.020432     0.016970     0.015328     0.015660     0.016295
61           0.023036     0.023449     0.024865     0.013664     0.022532     0.014020     0.014825     0.009409     0.011530     0.022951     0.026579     0.018779     0.023959     0.022252     0.012535     0.009790     0.009980     0.011302
62           0.020814     0.021220     0.022545     0.012353     0.020239     0.012696     0.013483     0.008482     0.010445     0.020732     0.023733     0.017281     0.021476     0.020036     0.011387     0.008818     0.008987     0.010410
63           0.020814     0.021220     0.022545     0.012353     0.020239     0.012696     0.013483     0.008482     0.010445     0.020732     0.023733     0.017281     0.021476     0.020036     0.011387     0.008818     0.008987     0.010410
64           0.015376     0.018133     0.016550     0.010049     0.009659     0.009750     0.016162     0.005380     0.009032     0.016433     0.006735     0.019166     0.010855     0.013291     0.011835     0.005465     0.005568     0.012140
65           0.013788     0.015353     0.015052     0.009389     0.008484     0.008363     0.012538     0.005146     0.007078     0.013239     0.005950     0.015371     0.009538     0.010515     0.009338     0.005339     0.005501     0.009870
66           0.012882     0.014227     0.013852     0.008630     0.007945     0.007528     0.011253     0.004666     0.006384     0.012010     0.005587     0.013745     0.008684     0.010005     0.008317     0.004817     0.004957     0.008724
67           0.012882     0.014227     0.013852     0.008630     0.007945     0.007528     0.011253     0.004666     0.006384     0.012010     0.005587     0.013745     0.008684     0.010005     0.008317     0.004817     0.004957     0.008724
68           0.012882     0.014227     0.013852     0.008630     0.007945     0.007528     0.011253     0.004666     0.006384     0.012010     0.005587     0.013745     0.008684     0.010005     0.008317     0.004817     0.004957     0.008724
69                NaN          NaN          NaN          NaN          NaN          NaN          NaN          NaN          NaN          NaN          NaN          NaN          NaN          NaN          NaN          NaN          NaN          NaN
70           0.012882     0.014227     0.013852     0.008630     0.007945     0.007528     0.011253     0.004666     0.006384     0.012010     0.005587     0.013745     0.008684     0.010005     0.008317     0.004817     0.004957     0.008724
71                NaN          NaN          NaN          NaN          NaN          NaN          NaN          NaN          NaN          NaN          NaN          NaN          NaN          NaN          NaN          NaN          NaN          NaN
72                NaN          NaN          NaN          NaN          NaN          NaN          NaN          NaN          NaN          NaN          NaN          NaN          NaN          NaN          NaN          NaN          NaN          NaN
73           0.012882     0.014227     0.013852     0.008630     0.007945     0.007528     0.011253     0.004666     0.006384     0.012010     0.005587     0.013745     0.008684     0.010005     0.008317     0.004817     0.004957     0.008724
74           0.012882     0.014227     0.013852     0.008630     0.007945     0.007528     0.011253     0.004666     0.006384     0.012010     0.005587     0.013745     0.008684     0.010005     0.008317     0.004817     0.004957     0.008724
75           0.012882     0.014227     0.013852     0.008630     0.007945     0.007528     0.011253     0.004666     0.006384     0.012010     0.005587     0.013745     0.008684     0.010005     0.008317     0.004817     0.004957     0.008724
76           0.012882     0.014227     0.013852     0.008630     0.007945     0.007528     0.011253     0.004666     0.006384     0.012010     0.005587     0.013745     0.008684     0.010005     0.008317     0.004817     0.004957     0.008724
77           0.012882     0.014227     0.013852     0.008630     0.007945     0.007528     0.011253     0.004666     0.006384     0.012010     0.005587     0.013745     0.008684     0.010005     0.008317     0.004817     0.004957     0.008724
78           0.012882     0.014227     0.013852     0.008630     0.007945     0.007528     0.011253     0.004666     0.006384     0.012010     0.005587     0.013745     0.008684     0.010005     0.008317     0.004817     0.004957     0.008724
79           0.012882     0.014227     0.013852     0.008630     0.007945     0.007528     0.011253     0.004666     0.006384     0.012010     0.005587     0.013745     0.008684     0.010005     0.008317     0.004817     0.004957     0.008724
80           0.012882     0.014227     0.013852     0.008630     0.007945     0.007528     0.011253     0.004666     0.006384     0.012010     0.005587     0.013745     0.008684     0.010005     0.008317     0.004817     0.004957     0.008724
81           0.012882     0.014227     0.013852     0.008630     0.007945     0.007528     0.011253     0.004666     0.006384     0.012010     0.005587     0.013745     0.008684     0.010005     0.008317     0.004817     0.004957     0.008724
82           0.012882     0.014227     0.013852     0.008630     0.007945     0.007528     0.011253     0.004666     0.006384     0.012010     0.005587     0.013745     0.008684     0.010005     0.008317     0.004817     0.004957     0.008724
83           0.012882     0.014227     0.013852     0.008630     0.007945     0.007528     0.011253     0.004666     0.006384     0.012010     0.005587     0.013745     0.008684     0.010005     0.008317     0.004817     0.004957     0.008724
84           0.012882     0.014227     0.013852     0.008630     0.007945     0.007528     0.011253     0.004666     0.006384     0.012010     0.005587     0.013745     0.008684     0.010005     0.008317     0.004817     0.004957     0.008724
85           0.012882     0.014227     0.013852     0.008630     0.007945     0.007528     0.011253     0.004666     0.006384     0.012010     0.005587     0.013745     0.008684     0.010005     0.008317     0.004817     0.004957     0.008724
86           0.012882     0.014227     0.013852     0.008630     0.007945     0.007528     0.011253     0.004666     0.006384     0.012010     0.005587     0.013745     0.008684     0.010005     0.008317     0.004817     0.004957     0.008724
87           0.012882     0.014227     0.013852     0.008630     0.007945     0.007528     0.011253     0.004666     0.006384     0.012010     0.005587     0.013745     0.008684     0.010005     0.008317     0.004817     0.004957     0.008724
88           0.012882     0.014227     0.013852     0.008630     0.007945     0.007528     0.011253     0.004666     0.006384     0.012010     0.005587     0.013745     0.008684     0.010005     0.008317     0.004817     0.004957     0.008724
89           0.012882     0.014227     0.013852     0.008630     0.007945     0.007528     0.011253     0.004666     0.006384     0.012010     0.005587     0.013745     0.008684     0.010005     0.008317     0.004817     0.004957     0.008724
90           0.015215     0.016846     0.017210     0.009624     0.010094     0.009183     0.013838     0.005186     0.007025     0.015632     0.006373     0.016277     0.010017     0.011953     0.008885     0.005238     0.005342     0.008917
91           0.031264     0.056675     0.047589     0.037902     0.024386     0.033807     0.045812     0.012769     0.043747     0.064825     0.020234     0.063915     0.045793     0.053765     0.032635     0.011984     0.011923     0.030736
92           0.024133     0.041760     0.034338     0.029921     0.016855     0.025487     0.030110     0.009571     0.031899     0.045755     0.016940     0.043530     0.032106     0.043041     0.023159     0.008658     0.008558     0.019958
93           0.024133     0.041760     0.034338     0.029921     0.016855     0.025487     0.030110     0.009571     0.031899     0.045755     0.016940     0.043530     0.032106     0.043041     0.023159     0.008658     0.008558     0.019958
94           0.017937     0.035431     0.038603     0.025754     0.013173     0.028701     0.021930     0.007139     0.040147     0.048356     0.027003     0.043326     0.035693     0.043150     0.028104     0.006339     0.006281     0.013528
95           0.017937     0.035431     0.038603     0.025754     0.013173     0.028701     0.021930     0.007139     0.040147     0.048356     0.027003     0.043326     0.035693     0.043150     0.028104     0.006339     0.006281     0.013528
96           0.017937     0.035431     0.038603     0.025754     0.013173     0.028701     0.021930     0.007139     0.040147     0.048356     0.027003     0.043326     0.035693     0.043150     0.028104     0.006339     0.006281     0.013528
97           0.017937     0.035431     0.038603     0.025754     0.013173     0.028701     0.021930     0.007139     0.040147     0.048356     0.027003     0.043326     0.035693     0.043150     0.028104     0.006339     0.006281     0.013528
98           0.017937     0.035431     0.038603     0.025754     0.013173     0.028701     0.021930     0.007139     0.040147     0.048356     0.027003     0.043326     0.035693     0.043150     0.028104     0.006339     0.006281     0.013528
99           0.017937     0.035431     0.038603     0.025754     0.013173     0.028701     0.021930     0.007139     0.040147     0.048356     0.027003     0.043326     0.035693     0.043150     0.028104     0.006339     0.006281     0.013528
100          0.017937     0.035431     0.038603     0.025754     0.013173     0.028701     0.021930     0.007139     0.040147     0.048356     0.027003     0.043326     0.035693     0.043150     0.028104     0.006339     0.006281     0.013528
101          0.017937     0.035431     0.038603     0.025754     0.013173     0.028701     0.021930     0.007139     0.040147     0.048356     0.027003     0.043326     0.035693     0.043150     0.028104     0.006339     0.006281     0.013528
102          0.017937     0.035431     0.038603     0.025754     0.013173     0.028701     0.021930     0.007139     0.040147     0.048356     0.027003     0.043326     0.035693     0.043150     0.028104     0.006339     0.006281     0.013528
103          0.017937     0.035431     0.038603     0.025754     0.013173     0.028701     0.021930     0.007139     0.040147     0.048356     0.027003     0.043326     0.035693     0.043150     0.028104     0.006339     0.006281     0.013528
104               NaN          NaN          NaN          NaN          NaN          NaN          NaN          NaN          NaN          NaN          NaN          NaN          NaN          NaN          NaN          NaN          NaN          NaN
105          0.033440     0.032429     0.028203     0.024404     0.018110     0.015412     0.020874     0.009571     0.013990     0.015568     0.011692     0.015286     0.017724     0.013520     0.012037     0.009838     0.009846     0.010096
106          0.033440     0.032429     0.028203     0.024404     0.018110     0.015412     0.020874     0.009571     0.013990     0.015568     0.011692     0.015286     0.017724     0.013520     0.012037     0.009838     0.009846     0.010096
107          0.033440     0.032429     0.028203     0.024404     0.018110     0.015412     0.020874     0.009571     0.013990     0.015568     0.011692     0.015286     0.017724     0.013520     0.012037     0.009838     0.009846     0.010096
108          0.032779     0.033165     0.028653     0.023774     0.018285     0.015130     0.019495     0.009662     0.013188     0.016074     0.011723     0.016869     0.018130     0.015436     0.011814     0.009613     0.009620     0.010518
109          0.032779     0.033165     0.028653     0.023774     0.018285     0.015130     0.019495     0.009662     0.013188     0.016074     0.011723     0.016869     0.018130     0.015436     0.011814     0.009613     0.009620     0.010518
110          0.032779     0.033165     0.028653     0.023774     0.018285     0.015130     0.019495     0.009662     0.013188     0.016074     0.011723     0.016869     0.018130     0.015436     0.011814     0.009613     0.009620     0.010518
111          0.035279     0.037228     0.031647     0.024595     0.017127     0.016493     0.013002     0.010281     0.011498     0.018853     0.012604     0.020992     0.022468     0.017759     0.011878     0.009785     0.009910     0.011355
112          0.049027     0.052263     0.048434     0.034721     0.030480     0.028536     0.022941     0.015976     0.014762     0.032122     0.015742     0.019957     0.022568     0.021112     0.015873     0.010766     0.010075     0.016133
113          0.122795     0.123067     0.117075     0.096890     0.085064     0.091389     0.087658     0.030219     0.060892     0.089287     0.087244     0.072685     0.078534     0.037728     0.067508     0.020931     0.020684     0.045584
114          0.108777     0.109818     0.100322     0.086571     0.068922     0.077009     0.070502     0.047936     0.061324     0.089147     0.076882     0.066601     0.076086     0.081442     0.058470     0.027812     0.022339     0.050441
115          0.108777     0.109818     0.100322     0.086571     0.068922     0.077009     0.070502     0.047936     0.061324     0.089147     0.076882     0.066601     0.076086     0.081442     0.058470     0.027812     0.022339     0.050441
116          0.108777     0.109818     0.100322     0.086571     0.068922     0.077009     0.070502     0.047936     0.061324     0.089147     0.076882     0.066601     0.076086     0.081442     0.058470     0.027812     0.022339     0.050441
117          0.108777     0.109818     0.100322     0.086571     0.068922     0.077009     0.070502     0.047936     0.061324     0.089147     0.076882     0.066601     0.076086     0.081442     0.058470     0.027812     0.022339     0.050441
118          0.108777     0.109818     0.100322     0.086571     0.068922     0.077009     0.070502     0.047936     0.061324     0.089147     0.076882     0.066601     0.076086     0.081442     0.058470     0.027812     0.022339     0.050441
119          0.108777     0.109818     0.100322     0.086571     0.068922     0.077009     0.070502     0.047936     0.061324     0.089147     0.076882     0.066601     0.076086     0.081442     0.058470     0.027812     0.022339     0.050441
120          0.108777     0.109818     0.100322     0.086571     0.068922     0.077009     0.070502     0.047936     0.061324     0.089147     0.076882     0.066601     0.076086     0.081442     0.058470     0.027812     0.022339     0.050441
121          0.108777     0.109818     0.100322     0.086571     0.068922     0.077009     0.070502     0.047936     0.061324     0.089147     0.076882     0.066601     0.076086     0.081442     0.058470     0.027812     0.022339     0.050441
122          0.062011     0.050498     0.046671     0.040075     0.021480     0.036679     0.027433     0.009599     0.023067     0.033615     0.022539     0.030858     0.031701     0.027112     0.025423     0.010043     0.010097     0.014114
123          0.056316     0.044753     0.041346     0.035909     0.018715     0.032644     0.024342     0.008526     0.020542     0.028826     0.019947     0.026999     0.028653     0.023601     0.022758     0.008928     0.008975     0.012332
124          0.056316     0.044753     0.041346     0.035909     0.018715     0.032644     0.024342     0.008526     0.020542     0.028826     0.019947     0.026999     0.028653     0.023601     0.022758     0.008928     0.008975     0.012332
125          0.056316     0.044753     0.041346     0.035909     0.018715     0.032644     0.024342     0.008526     0.020542     0.028826     0.019947     0.026999     0.028653     0.023601     0.022758     0.008928     0.008975     0.012332
126          0.046979     0.031749     0.030970     0.024615     0.015069     0.013776     0.015856     0.010648     0.012656     0.021171     0.011498     0.020413     0.023160     0.012192     0.018473     0.010922     0.011110     0.011071
127          0.028402     0.018309     0.019371     0.013983     0.008645     0.010401     0.014339     0.006861     0.010568     0.015225     0.008191     0.014672     0.015420     0.016947     0.008950     0.006865     0.006870     0.008625
128          0.028402     0.018309     0.019371     0.013983     0.008645     0.010401     0.014339     0.006861     0.010568     0.015225     0.008191     0.014672     0.015420     0.016947     0.008950     0.006865     0.006870     0.008625
129          0.028402     0.018309     0.019371     0.013983     0.008645     0.010401     0.014339     0.006861     0.010568     0.015225     0.008191     0.014672     0.015420     0.016947     0.008950     0.006865     0.006870     0.008625
130          0.028402     0.018309     0.019371     0.013983     0.008645     0.010401     0.014339     0.006861     0.010568     0.015225     0.008191     0.014672     0.015420     0.016947     0.008950     0.006865     0.006870     0.008625
131          0.028402     0.018309     0.019371     0.013983     0.008645     0.010401     0.014339     0.006861     0.010568     0.015225     0.008191     0.014672     0.015420     0.016947     0.008950     0.006865     0.006870     0.008625
132          0.028402     0.018309     0.019371     0.013983     0.008645     0.010401     0.014339     0.006861     0.010568     0.015225     0.008191     0.014672     0.015420     0.016947     0.008950     0.006865     0.006870     0.008625
133          0.028402     0.018309     0.019371     0.013983     0.008645     0.010401     0.014339     0.006861     0.010568     0.015225     0.008191     0.014672     0.015420     0.016947     0.008950     0.006865     0.006870     0.008625
134          0.030577     0.023022     0.033437     0.019657     0.015372     0.016391     0.016015     0.007645     0.016489     0.023487     0.008947     0.029769     0.016991     0.016478     0.011425     0.007602     0.007724     0.020402
135          0.021725     0.020905     0.020433     0.012780     0.009834     0.011723     0.012218     0.004459     0.009688     0.018060     0.007589     0.020497     0.012878     0.014467     0.008594     0.004090     0.004117     0.014589
136          0.021725     0.020905     0.020433     0.012780     0.009834     0.011723     0.012218     0.004459     0.009688     0.018060     0.007589     0.020497     0.012878     0.014467     0.008594     0.004090     0.004117     0.014589
137          0.021725     0.020905     0.020433     0.012780     0.009834     0.011723     0.012218     0.004459     0.009688     0.018060     0.007589     0.020497     0.012878     0.014467     0.008594     0.004090     0.004117     0.014589
138          0.021725     0.020905     0.020433     0.012780     0.009834     0.011723     0.012218     0.004459     0.009688     0.018060     0.007589     0.020497     0.012878     0.014467     0.008594     0.004090     0.004117     0.014589
139          0.016457     0.018661     0.016325     0.011242     0.008024     0.012554     0.015922     0.004605     0.014274     0.023793     0.010117     0.022773     0.014869     0.023188     0.013364     0.004713     0.004804     0.013095
140          0.016457     0.018661     0.016325     0.011242     0.008024     0.012554     0.015922     0.004605     0.014274     0.023793     0.010117     0.022773     0.014869     0.023188     0.013364     0.004713     0.004804     0.013095
141          0.016457     0.018661     0.016325     0.011242     0.008024     0.012554     0.015922     0.004605     0.014274     0.023793     0.010117     0.022773     0.014869     0.023188     0.013364     0.004713     0.004804     0.013095
142               NaN          NaN          NaN          NaN          NaN          NaN          NaN          NaN          NaN          NaN          NaN          NaN          NaN          NaN          NaN          NaN          NaN          NaN
143          0.016457     0.018661     0.016325     0.011242     0.008024     0.012554     0.015922     0.004605     0.014274     0.023793     0.010117     0.022773     0.014869     0.023188     0.013364     0.004713     0.004804     0.013095
144          0.016457     0.018661     0.016325     0.011242     0.008024     0.012554     0.015922     0.004605     0.014274     0.023793     0.010117     0.022773     0.014869     0.023188     0.013364     0.004713     0.004804     0.013095
145          0.016457     0.018661     0.016325     0.011242     0.008024     0.012554     0.015922     0.004605     0.014274     0.023793     0.010117     0.022773     0.014869     0.023188     0.013364     0.004713     0.004804     0.013095
146          0.016457     0.018661     0.016325     0.011242     0.008024     0.012554     0.015922     0.004605     0.014274     0.023793     0.010117     0.022773     0.014869     0.023188     0.013364     0.004713     0.004804     0.013095
147          0.016457     0.018661     0.016325     0.011242     0.008024     0.012554     0.015922     0.004605     0.014274     0.023793     0.010117     0.022773     0.014869     0.023188     0.013364     0.004713     0.004804     0.013095
148               NaN          NaN          NaN          NaN          NaN          NaN          NaN          NaN          NaN          NaN          NaN          NaN          NaN          NaN          NaN          NaN          NaN          NaN
149          0.016457     0.018661     0.016325     0.011242     0.008024     0.012554     0.015922     0.004605     0.014274     0.023793     0.010117     0.022773     0.014869     0.023188     0.013364     0.004713     0.004804     0.013095
150          0.016457     0.018661     0.016325     0.011242     0.008024     0.012554     0.015922     0.004605     0.014274     0.023793     0.010117     0.022773     0.014869     0.023188     0.013364     0.004713     0.004804     0.013095
151          0.016457     0.018661     0.016325     0.011242     0.008024     0.012554     0.015922     0.004605     0.014274     0.023793     0.010117     0.022773     0.014869     0.023188     0.013364     0.004713     0.004804     0.013095
152          0.016457     0.018661     0.016325     0.011242     0.008024     0.012554     0.015922     0.004605     0.014274     0.023793     0.010117     0.022773     0.014869     0.023188     0.013364     0.004713     0.004804     0.013095
153               NaN          NaN          NaN          NaN          NaN          NaN          NaN          NaN          NaN          NaN          NaN          NaN          NaN          NaN          NaN          NaN          NaN          NaN
154          0.016457     0.018661     0.016325     0.011242     0.008024     0.012554     0.015922     0.004605     0.014274     0.023793     0.010117     0.022773     0.014869     0.023188     0.013364     0.004713     0.004804     0.013095
155          0.016457     0.018661     0.016325     0.011242     0.008024     0.012554     0.015922     0.004605     0.014274     0.023793     0.010117     0.022773     0.014869     0.023188     0.013364     0.004713     0.004804     0.013095
156               NaN          NaN          NaN          NaN          NaN          NaN          NaN          NaN          NaN          NaN          NaN          NaN          NaN          NaN          NaN          NaN          NaN          NaN
157          0.016457     0.018661     0.016325     0.011242     0.008024     0.012554     0.015922     0.004605     0.014274     0.023793     0.010117     0.022773     0.014869     0.023188     0.013364     0.004713     0.004804     0.013095
158          0.016457     0.018661     0.016325     0.011242     0.008024     0.012554     0.015922     0.004605     0.014274     0.023793     0.010117     0.022773     0.014869     0.023188     0.013364     0.004713     0.004804     0.013095
159          0.016457     0.018661     0.016325     0.011242     0.008024     0.012554     0.015922     0.004605     0.014274     0.023793     0.010117     0.022773     0.014869     0.023188     0.013364     0.004713     0.004804     0.013095
160          0.016457     0.018661     0.016325     0.011242     0.008024     0.012554     0.015922     0.004605     0.014274     0.023793     0.010117     0.022773     0.014869     0.023188     0.013364     0.004713     0.004804     0.013095
161          0.034020     0.035705     0.033083     0.024427     0.017309     0.023047     0.012918     0.007416     0.012173     0.028882     0.013333     0.038080     0.024312     0.025874     0.019086     0.007150     0.007245     0.027030
162          0.034020     0.035705     0.033083     0.024427     0.017309     0.023047     0.012918     0.007416     0.012173     0.028882     0.013333     0.038080     0.024312     0.025874     0.019086     0.007150     0.007245     0.027030