exposure  0.60      4.98      10.02     19.98     40.02     60.00     150.00    300.00    600.00    900.00    1200.00   1800.00   2700.00   3600.00   10800.00  57600.00
r_number                                                                                                                                                                
1         0.027190  0.040787  0.026717  0.029624  0.028896  0.050802  0.023972  0.040440  0.027950  0.027733  0.031462  0.012745  0.018850  0.030012  0.008990  0.008934
2         0.027190  0.040787  0.026717  0.029624  0.028896  0.050802  0.023972  0.040440  0.027950  0.027733  0.031462  0.012745  0.018850  0.030012  0.008990  0.008934
3         0.027190  0.040787  0.026717  0.029624  0.028896  0.050802  0.023972  0.040440  0.027950  0.027733  0.031462  0.012745  0.018850  0.030012  0.008990  0.008934
4         0.027190  0.040787  0.026717  0.029624  0.028896  0.050802  0.023972  0.040440  0.027950  0.027733  0.031462  0.012745  0.018850  0.030012  0.008990  0.008934
5              NaN       NaN       NaN       NaN       NaN       NaN       NaN       NaN       NaN       NaN       NaN       NaN       NaN       NaN       NaN       NaN
6         0.027190  0.040787  0.026717  0.029624  0.028896  0.050802  0.023972  0.040440  0.027950  0.027733  0.031462  0.012745  0.018850  0.030012  0.008990  0.008934
7         0.027190  0.040787  0.026717  0.029624  0.028896  0.050802  0.023972  0.040440  0.027950  0.027733  0.031462  0.012745  0.018850  0.030012  0.008990  0.008934
8         0.027190  0.040787  0.026717  0.029624  0.028896  0.050802  0.023972  0.040440  0.027950  0.027733  0.031462  0.012745  0.018850  0.030012  0.008990  0.008934
9         0.022558  0.030094  0.014597  0.024551  0.020294  0.033656  0.018927  0.011110  0.016030  0.014683  0.017113  0.007143  0.011938  0.014461  0.004331  0.004344
10        0.018944  0.020579  0.014059  0.016762  0.016361  0.025386  0.013155  0.009466  0.012626  0.016833  0.014073  0.018134  0.017846  0.015178  0.005023  0.005035
11        0.018944  0.020579  0.014059  0.016762  0.016361  0.025386  0.013155  0.009466  0.012626  0.016833  0.014073  0.018134  0.017846  0.015178  0.005023  0.005035
12        0.018944  0.020579  0.014059  0.016762  0.016361  0.025386  0.013155  0.009466  0.012626  0.016833  0.014073  0.018134  0.017846  0.015178  0.005023  0.005035
13        0.018944  0.020579  0.014059  0.016762  0.016361  0.025386  0.013155  0.009466  0.012626  0.016833  0.014073  0.018134  0.017846  0.015178  0.005023  0.005035
14        0.018944  0.020579  0.014059  0.016762  0.016361  0.025386  0.013155  0.009466  0.012626  0.016833  0.014073  0.018134  0.017846  0.015178  0.005023  0.005035
15        0.018944  0.020579  0.014059  0.016762  0.016361  0.025386  0.013155  0.009466  0.012626  0.016833  0.014073  0.018134  0.017846  0.015178  0.005023  0.005035
16        0.019824  0.018389  0.015731  0.015210  0.016277  0.025043  0.013055  0.010112  0.012970  0.019500  0.014255  0.022196  0.020894  0.017115  0.005887  0.005902
17        0.019824  0.018389  0.015731  0.015210  0.016277  0.025043  0.013055  0.010112  0.012970  0.019500  0.014255  0.022196  0.020894  0.017115  0.005887  0.005902
18        0.028609  0.039697  0.018384  0.029604  0.023377  0.047138  0.023315  0.015387  0.022164  0.021948  0.023824  0.010992  0.013100  0.019657  0.005844  0.005844
19        0.016709  0.022777  0.014707  0.016977  0.014796  0.020856  0.016862  0.011170  0.009927  0.016467  0.018621  0.005844  0.006095  0.009961  0.002777  0.002795
20        0.012726  0.018287  0.012046  0.014408  0.013028  0.016993  0.014456  0.008443  0.006668  0.012492  0.014206  0.004170  0.005705  0.007431  0.003764  0.002646
21        0.011770  0.017511  0.011394  0.014470  0.011700  0.015728  0.013411  0.007384  0.005979  0.011170  0.013067  0.003712  0.005248  0.007083  0.003270  0.002380
22        0.010612  0.013724  0.009561  0.012857  0.009304  0.013210  0.010441  0.006758  0.005131  0.008576  0.010784  0.004669  0.005106  0.006126  0.002711  0.002361
23        0.010612  0.013724  0.009561  0.012857  0.009304  0.013210  0.010441  0.006758  0.005131  0.008576  0.010784  0.004669  0.005106  0.006126  0.002711  0.002361
24        0.010612  0.013724  0.009561  0.012857  0.009304  0.013210  0.010441  0.006758  0.005131  0.008576  0.010784  0.004669  0.005106  0.006126  0.002711  0.002361
25        0.010612  0.013724  0.009561  0.012857  0.009304  0.013210  0.010441  0.006758  0.005131  0.008576  0.010784  0.004669  0.005106  0.006126  0.002711  0.002361
26             NaN       NaN       NaN       NaN       NaN       NaN       NaN       NaN       NaN       NaN       NaN       NaN       NaN       NaN       NaN       NaN
27        0.010612  0.013724  0.009561  0.012857  0.009304  0.013210  0.010441  0.006758  0.005131  0.008576  0.010784  0.004669  0.005106  0.006126  0.002711  0.002361
28        0.010612  0.013724  0.009561  0.012857  0.009304  0.013210  0.010441  0.006758  0.005131  0.008576  0.010784  0.004669  0.005106  0.006126  0.002711  0.002361
29        0.010612  0.013724  0.009561  0.012857  0.009304  0.013210  0.010441  0.006758  0.005131  0.008576  0.010784  0.004669  0.005106  0.006126  0.002711  0.002361
30        0.010612  0.013724  0.009561  0.012857  0.009304  0.013210  0.010441  0.006758  0.005131  0.008576  0.010784  0.004669  0.005106  0.006126  0.002711  0.002361
31        0.010612  0.013724  0.009561  0.012857  0.009304  0.013210  0.010441  0.006758  0.005131  0.008576  0.010784  0.004669  0.005106  0.006126  0.002711  0.002361
32        0.013364  0.016906  0.011412  0.016440  0.011579  0.015718  0.012567  0.007292  0.005882  0.009461  0.011634  0.004785  0.004456  0.006468  0.003440  0.002845
33        0.018522  0.024280  0.016317  0.022411  0.018151  0.027024  0.016024  0.013929  0.010694  0.015212  0.019370  0.011047  0.009959  0.012151  0.010622  0.010223
34        0.015458  0.022871  0.015054  0.024762  0.014511  0.023825  0.014288  0.010741  0.008747  0.013806  0.016757  0.008551  0.007860  0.010522  0.008141  0.007852
35        0.021698  0.034079  0.022220  0.037624  0.020039  0.035840  0.020193  0.015625  0.013228  0.020047  0.024710  0.013003  0.012484  0.016297  0.012588  0.012630
36        0.022209  0.041197  0.026742  0.044370  0.023640  0.042566  0.023933  0.018231  0.015662  0.024301  0.030244  0.015310  0.015412  0.019591  0.015476  0.015524
37        0.022209  0.041197  0.026742  0.044370  0.023640  0.042566  0.023933  0.018231  0.015662  0.024301  0.030244  0.015310  0.015412  0.019591  0.015476  0.015524
38        0.022209  0.041197  0.026742  0.044370  0.023640  0.042566  0.023933  0.018231  0.015662  0.024301  0.030244  0.015310  0.015412  0.019591  0.015476  0.015524
39        0.022209  0.041197  0.026742  0.044370  0.023640  0.042566  0.023933  0.018231  0.015662  0.024301  0.030244  0.015310  0.015412  0.019591  0.015476  0.015524
40        0.022209  0.041197  0.026742  0.044370  0.023640  0.042566  0.023933  0.018231  0.015662  0.024301  0.030244  0.015310  0.015412  0.019591  0.015476  0.015524
41             NaN       NaN       NaN       NaN       NaN       NaN       NaN       NaN       NaN       NaN       NaN       NaN       NaN       NaN       NaN       NaN
42        0.027843  0.051419  0.033979  0.043909  0.046584  0.062467  0.035661  0.024678  0.027970  0.027316  0.033866  0.007406  0.010696  0.014575  0.006322  0.006351
43        0.027843  0.051419  0.033979  0.043909  0.046584  0.062467  0.035661  0.024678  0.027970  0.027316  0.033866  0.007406  0.010696  0.014575  0.006322  0.006351
44        0.027843  0.051419  0.033979  0.043909  0.046584  0.062467  0.035661  0.024678  0.027970  0.027316  0.033866  0.007406  0.010696  0.014575  0.006322  0.006351
45        0.027843  0.051419  0.033979  0.043909  0.046584  0.062467  0.035661  0.024678  0.027970  0.027316  0.033866  0.007406  0.010696  0.014575  0.006322  0.006351
46        0.027843  0.051419  0.033979  0.043909  0.046584  0.062467  0.035661  0.024678  0.027970  0.027316  0.033866  0.007406  0.010696  0.014575  0.006322  0.006351
47        0.027843  0.051419  0.033979  0.043909  0.046584  0.062467  0.035661  0.024678  0.027970  0.027316  0.033866  0.007406  0.010696  0.014575  0.006322  0.006351
48        0.021263  0.023976  0.017354  0.031386  0.018607  0.025669  0.020129  0.010736  0.011148  0.011684  0.012604  0.004730  0.013088  0.009209  0.004173  0.004179
49        0.021263  0.023976  0.017354  0.031386  0.018607  0.025669  0.020129  0.010736  0.011148  0.011684  0.012604  0.004730  0.013088  0.009209  0.004173  0.004179
50        0.021263  0.023976  0.017354  0.031386  0.018607  0.025669  0.020129  0.010736  0.011148  0.011684  0.012604  0.004730  0.013088  0.009209  0.004173  0.004179
51             NaN       NaN       NaN       NaN       NaN       NaN       NaN       NaN       NaN       NaN       NaN       NaN       NaN       NaN       NaN       NaN
52        0.021263  0.023976  0.017354  0.031386  0.018607  0.025669  0.020129  0.010736  0.011148  0.011684  0.012604  0.004730  0.013088  0.009209  0.004173  0.004179
53        0.021263  0.023976  0.017354  0.031386  0.018607  0.025669  0.020129  0.010736  0.011148  0.011684  0.012604  0.004730  0.013088  0.009209  0.004173  0.004179
54        0.019345  0.033259  0.020947  0.039855  0.025990  0.037492  0.023146  0.016008  0.014428  0.015503  0.019038  0.006308  0.016523  0.013425  0.005775  0.005788
55        0.024965  0.038524  0.024442  0.033168  0.028012  0.036250  0.029305  0.038748  0.021920  0.029696  0.039675  0.023269  0.029770  0.032587  0.022104  0.021104
56        0.020424  0.032207  0.021332  0.027216  0.028223  0.029201  0.022273  0.032939  0.018530  0.023324  0.034252  0.017734  0.025125  0.028715  0.015737  0.015077
57        0.020424  0.032207  0.021332  0.027216  0.028223  0.029201  0.022273  0.032939  0.018530  0.023324  0.034252  0.017734  0.025125  0.028715  0.015737  0.015077
58        0.020424  0.032207  0.021332  0.027216  0.028223  0.029201  0.022273  0.032939  0.018530  0.023324  0.034252  0.017734  0.025125  0.028715  0.015737  0.015077
59        0.020424  0.032207  0.021332  0.027216  0.028223  0.029201  0.022273  0.032939  0.018530  0.023324  0.034252  0.017734  0.025125  0.028715  0.015737  0.015077
60        0.020424  0.032207  0.021332  0.027216  0.028223  0.029201  0.022273  0.032939  0.018530  0.023324  0.034252  0.017734  0.025125  0.028715  0.015737  0.015077
61        0.025898  0.041762  0.028561  0.032789  0.044494  0.036578  0.024291  0.040498  0.022872  0.023512  0.042628  0.015815  0.030171  0.037439  0.009716  0.009406
62        0.023044  0.037155  0.025385  0.030108  0.039384  0.032579  0.022365  0.036009  0.020097  0.020700  0.037587  0.013970  0.026435  0.032685  0.008531  0.008266
63        0.023044  0.037155  0.025385  0.030108  0.039384  0.032579  0.022365  0.036009  0.020097  0.020700  0.037587  0.013970  0.026435  0.032685  0.008531  0.008266
64        0.021838  0.034261  0.025556  0.040876  0.035894  0.034413  0.032052  0.033463  0.013534  0.020143  0.025714  0.014107  0.018306  0.014877  0.009750  0.006706
65        0.020492  0.028969  0.021116  0.034242  0.027365  0.025913  0.024729  0.024388  0.011328  0.014525  0.021063  0.009950  0.013353  0.011961  0.006464  0.005261
66        0.020492  0.028969  0.021116  0.034242  0.027365  0.025913  0.024729  0.024388  0.011328  0.014525  0.021063  0.009950  0.013353  0.011961  0.006464  0.005261
67        0.020492  0.028969  0.021116  0.034242  0.027365  0.025913  0.024729  0.024388  0.011328  0.014525  0.021063  0.009950  0.013353  0.011961  0.006464  0.005261
68        0.020492  0.028969  0.021116  0.034242  0.027365  0.025913  0.024729  0.024388  0.011328  0.014525  0.021063  0.009950  0.013353  0.011961  0.006464  0.005261
69             NaN       NaN       NaN       NaN       NaN       NaN       NaN       NaN       NaN       NaN       NaN       NaN       NaN       NaN       NaN       NaN
70        0.020492  0.028969  0.021116  0.034242  0.027365  0.025913  0.024729  0.024388  0.011328  0.014525  0.021063  0.009950  0.013353  0.011961  0.006464  0.005261
71             NaN       NaN       NaN       NaN       NaN       NaN       NaN       NaN       NaN       NaN       NaN       NaN       NaN       NaN       NaN       NaN
72             NaN       NaN       NaN       NaN       NaN       NaN       NaN       NaN       NaN       NaN       NaN       NaN       NaN       NaN       NaN       NaN
73        0.020492  0.028969  0.021116  0.034242  0.027365  0.025913  0.024729  0.024388  0.011328  0.014525  0.021063  0.009950  0.013353  0.011961  0.006464  0.005261
74        0.020492  0.028969  0.021116  0.034242  0.027365  0.025913  0.024729  0.024388  0.011328  0.014525  0.021063  0.009950  0.013353  0.011961  0.006464  0.005261
75        0.020492  0.028969  0.021116  0.034242  0.027365  0.025913  0.024729  0.024388  0.011328  0.014525  0.021063  0.009950  0.013353  0.011961  0.006464  0.005261
76        0.020492  0.028969  0.021116  0.034242  0.027365  0.025913  0.024729  0.024388  0.011328  0.014525  0.021063  0.009950  0.013353  0.011961  0.006464  0.005261
77        0.020492  0.028969  0.021116  0.034242  0.027365  0.025913  0.024729  0.024388  0.011328  0.014525  0.021063  0.009950  0.013353  0.011961  0.006464  0.005261
78        0.020492  0.028969  0.021116  0.034242  0.027365  0.025913  0.024729  0.024388  0.011328  0.014525  0.021063  0.009950  0.013353  0.011961  0.006464  0.005261
79        0.020492  0.028969  0.021116  0.034242  0.027365  0.025913  0.024729  0.024388  0.011328  0.014525  0.021063  0.009950  0.013353  0.011961  0.006464  0.005261
80        0.020492  0.028969  0.021116  0.034242  0.027365  0.025913  0.024729  0.024388  0.011328  0.014525  0.021063  0.009950  0.013353  0.011961  0.006464  0.005261
81        0.020492  0.028969  0.021116  0.034242  0.027365  0.025913  0.024729  0.024388  0.011328  0.014525  0.021063  0.009950  0.013353  0.011961  0.006464  0.005261
82        0.020492  0.028969  0.021116  0.034242  0.027365  0.025913  0.024729  0.024388  0.011328  0.014525  0.021063  0.009950  0.013353  0.011961  0.006464  0.005261
83        0.020492  0.028969  0.021116  0.034242  0.027365  0.025913  0.024729  0.024388  0.011328  0.014525  0.021063  0.009950  0.013353  0.011961  0.006464  0.005261
84        0.020492  0.028969  0.021116  0.034242  0.027365  0.025913  0.024729  0.024388  0.011328  0.014525  0.021063  0.009950  0.013353  0.011961  0.006464  0.005261
85        0.020492  0.028969  0.021116  0.034242  0.027365  0.025913  0.024729  0.024388  0.011328  0.014525  0.021063  0.009950  0.013353  0.011961  0.006464  0.005261
86        0.020492  0.028969  0.021116  0.034242  0.027365  0.025913  0.024729  0.024388  0.011328  0.014525  0.021063  0.009950  0.013353  0.011961  0.006464  0.005261
87        0.020492  0.028969  0.021116  0.034242  0.027365  0.025913  0.024729  0.024388  0.011328  0.014525  0.021063  0.009950  0.013353  0.011961  0.006464  0.005261
88        0.020492  0.028969  0.021116  0.034242  0.027365  0.025913  0.024729  0.024388  0.011328  0.014525  0.021063  0.009950  0.013353  0.011961  0.006464  0.005261
89        0.020492  0.028969  0.021116  0.034242  0.027365  0.025913  0.024729  0.024388  0.011328  0.014525  0.021063  0.009950  0.013353  0.011961  0.006464  0.005261
90        0.018997  0.031515  0.022308  0.035919  0.030438  0.029063  0.026956  0.029470  0.012077  0.016303  0.023584  0.011010  0.015034  0.013278  0.007237  0.005278
91        0.047314  0.076817  0.052871  0.101203  0.077271  0.069259  0.063213  0.080107  0.028181  0.019241  0.054052  0.028372  0.042900  0.041742  0.017976  0.017762
92        0.034166  0.054314  0.038083  0.071200  0.053196  0.049185  0.045221  0.057220  0.021264  0.014605  0.036013  0.018502  0.033462  0.030100  0.012878  0.012743
93        0.034166  0.054314  0.038083  0.071200  0.053196  0.049185  0.045221  0.057220  0.021264  0.014605  0.036013  0.018502  0.033462  0.030100  0.012878  0.012743
94        0.027444  0.039119  0.031819  0.050357  0.037866  0.034243  0.032623  0.037234  0.020277  0.017552  0.025946  0.029465  0.028463  0.029077  0.012990  0.012957
95        0.027444  0.039119  0.031819  0.050357  0.037866  0.034243  0.032623  0.037234  0.020277  0.017552  0.025946  0.029465  0.028463  0.029077  0.012990  0.012957
96        0.027444  0.039119  0.031819  0.050357  0.037866  0.034243  0.032623  0.037234  0.020277  0.017552  0.025946  0.029465  0.028463  0.029077  0.012990  0.012957
97        0.027444  0.039119  0.031819  0.050357  0.037866  0.034243  0.032623  0.037234  0.020277  0.017552  0.025946  0.029465  0.028463  0.029077  0.012990  0.012957
98        0.027444  0.039119  0.031819  0.050357  0.037866  0.034243  0.032623  0.037234  0.020277  0.017552  0.025946  0.029465  0.028463  0.029077  0.012990  0.012957
99        0.027444  0.039119  0.031819  0.050357  0.037866  0.034243  0.032623  0.037234  0.020277  0.017552  0.025946  0.029465  0.028463  0.029077  0.012990  0.012957
100       0.027444  0.039119  0.031819  0.050357  0.037866  0.034243  0.032623  0.037234  0.020277  0.017552  0.025946  0.029465  0.028463  0.029077  0.012990  0.012957
101       0.027444  0.039119  0.031819  0.050357  0.037866  0.034243  0.032623  0.037234  0.020277  0.017552  0.025946  0.029465  0.028463  0.029077  0.012990  0.012957
102       0.027444  0.039119  0.031819  0.050357  0.037866  0.034243  0.032623  0.037234  0.020277  0.017552  0.025946  0.029465  0.028463  0.029077  0.012990  0.012957
103       0.027444  0.039119  0.031819  0.050357  0.037866  0.034243  0.032623  0.037234  0.020277  0.017552  0.025946  0.029465  0.028463  0.029077  0.012990  0.012957
104            NaN       NaN       NaN       NaN       NaN       NaN       NaN       NaN       NaN       NaN       NaN       NaN       NaN       NaN       NaN       NaN
105       0.018813  0.034730  0.020758  0.036418  0.030691  0.033760  0.024800  0.027462  0.018233  0.021841  0.026248  0.014504  0.016254  0.015764  0.009146  0.008434
106       0.018757  0.033543  0.021319  0.034993  0.033069  0.033368  0.024517  0.027187  0.017087  0.020659  0.024456  0.013905  0.016736  0.014602  0.008613  0.007980
107       0.018757  0.033543  0.021319  0.034993  0.033069  0.033368  0.024517  0.027187  0.017087  0.020659  0.024456  0.013905  0.016736  0.014602  0.008613  0.007980
108       0.018867  0.034116  0.023206  0.036551  0.033328  0.033830  0.026064  0.033175  0.018199  0.020891  0.022953  0.013288  0.018026  0.014332  0.008018  0.007448
109       0.018867  0.034116  0.023206  0.036551  0.033328  0.033830  0.026064  0.033175  0.018199  0.020891  0.022953  0.013288  0.018026  0.014332  0.008018  0.007448
110       0.018867  0.034116  0.023206  0.036551  0.033328  0.033830  0.026064  0.033175  0.018199  0.020891  0.022953  0.013288  0.018026  0.014332  0.008018  0.007448
111       0.022905  0.039833  0.027940  0.045040  0.038877  0.041208  0.031852  0.040388  0.019841  0.021099  0.023988  0.011478  0.021713  0.017353  0.007587  0.007146
112       0.027630  0.049455  0.035854  0.051074  0.042961  0.044449  0.037305  0.053832  0.027216  0.030479  0.029762  0.014084  0.024941  0.023644  0.008217  0.007936
113       0.045412  0.052139  0.079633  0.129057  0.067831  0.094913  0.120536  0.224050  0.156707  0.135223  0.101123  0.034572  0.059955  0.062418  0.040485  0.025862
114       0.047390  0.058059  0.069733  0.105926  0.067518  0.087277  0.095679  0.177344  0.122333  0.103601  0.079200  0.029231  0.060250  0.052308  0.033000  0.022714
115       0.047390  0.058059  0.069733  0.105926  0.067518  0.087277  0.095679  0.177344  0.122333  0.103601  0.079200  0.029231  0.060250  0.052308  0.033000  0.022714
116       0.047390  0.058059  0.069733  0.105926  0.067518  0.087277  0.095679  0.177344  0.122333  0.103601  0.079200  0.029231  0.060250  0.052308  0.033000  0.022714
117       0.047390  0.058059  0.069733  0.105926  0.067518  0.087277  0.095679  0.177344  0.122333  0.103601  0.079200  0.029231  0.060250  0.052308  0.033000  0.022714
118       0.047390  0.058059  0.069733  0.105926  0.067518  0.087277  0.095679  0.177344  0.122333  0.103601  0.079200  0.029231  0.060250  0.052308  0.033000  0.022714
119       0.047390  0.058059  0.069733  0.105926  0.067518  0.087277  0.095679  0.177344  0.122333  0.103601  0.079200  0.029231  0.060250  0.052308  0.033000  0.022714
120       0.047390  0.058059  0.069733  0.105926  0.067518  0.087277  0.095679  0.177344  0.122333  0.103601  0.079200  0.029231  0.060250  0.052308  0.033000  0.022714
121       0.047390  0.058059  0.069733  0.105926  0.067518  0.087277  0.095679  0.177344  0.122333  0.103601  0.079200  0.029231  0.060250  0.052308  0.033000  0.022714
122       0.032076  0.051978  0.039105  0.048586  0.047925  0.053849  0.033465  0.047248  0.027399  0.031867  0.031884  0.016393  0.024369  0.031062  0.009567  0.008269
123       0.024670  0.044214  0.029319  0.038538  0.035089  0.043271  0.024451  0.034398  0.019824  0.024985  0.026501  0.013142  0.012333  0.022128  0.007359  0.007088
124       0.024670  0.044214  0.029319  0.038538  0.035089  0.043271  0.024451  0.034398  0.019824  0.024985  0.026501  0.013142  0.012333  0.022128  0.007359  0.007088
125       0.024670  0.044214  0.029319  0.038538  0.035089  0.043271  0.024451  0.034398  0.019824  0.024985  0.026501  0.013142  0.012333  0.022128  0.007359  0.007088
126       0.024377  0.048561  0.022702  0.043569  0.031542  0.049956  0.030332  0.017937  0.017634  0.018860  0.027698  0.009357  0.013736  0.018266  0.006949  0.010612
127       0.025223  0.032305  0.026033  0.042339  0.024583  0.034624  0.027414  0.016229  0.017866  0.019020  0.017932  0.009451  0.020851  0.017121  0.008604  0.009511
128       0.025223  0.032305  0.026033  0.042339  0.024583  0.034624  0.027414  0.016229  0.017866  0.019020  0.017932  0.009451  0.020851  0.017121  0.008604  0.009511
129       0.025223  0.032305  0.026033  0.042339  0.024583  0.034624  0.027414  0.016229  0.017866  0.019020  0.017932  0.009451  0.020851  0.017121  0.008604  0.009511
130       0.025223  0.032305  0.026033  0.042339  0.024583  0.034624  0.027414  0.016229  0.017866  0.019020  0.017932  0.009451  0.020851  0.017121  0.008604  0.009511
131       0.025223  0.032305  0.026033  0.042339  0.024583  0.034624  0.027414  0.016229  0.017866  0.019020  0.017932  0.009451  0.020851  0.017121  0.008604  0.009511
132       0.025223  0.032305  0.026033  0.042339  0.024583  0.034624  0.027414  0.016229  0.017866  0.019020  0.017932  0.009451  0.020851  0.017121  0.008604  0.009511
133       0.025223  0.032305  0.026033  0.042339  0.024583  0.034624  0.027414  0.016229  0.017866  0.019020  0.017932  0.009451  0.020851  0.017121  0.008604  0.009511
134       0.026117  0.043067  0.018891  0.047163  0.029026  0.040238  0.032723  0.020121  0.016207  0.021417  0.026618  0.010071  0.011367  0.017176  0.004855  0.019950
135       0.020089  0.030461  0.014542  0.033427  0.021801  0.028500  0.024127  0.016394  0.010287  0.014621  0.020090  0.008278  0.008396  0.013381  0.003838  0.008991
136       0.020089  0.030461  0.014542  0.033427  0.021801  0.028500  0.024127  0.016394  0.010287  0.014621  0.020090  0.008278  0.008396  0.013381  0.003838  0.008991
137       0.020089  0.030461  0.014542  0.033427  0.021801  0.028500  0.024127  0.016394  0.010287  0.014621  0.020090  0.008278  0.008396  0.013381  0.003838  0.008991
138       0.020089  0.030461  0.014542  0.033427  0.021801  0.028500  0.024127  0.016394  0.010287  0.014621  0.020090  0.008278  0.008396  0.013381  0.003838  0.008991
139       0.018256  0.023613  0.014167  0.031602  0.019732  0.022540  0.022327  0.015856  0.010040  0.012106  0.016789  0.007355  0.012303  0.013670  0.003046  0.006705
140       0.018256  0.023613  0.014167  0.031602  0.019732  0.022540  0.022327  0.015856  0.010040  0.012106  0.016789  0.007355  0.012303  0.013670  0.003046  0.006705
141       0.018256  0.023613  0.014167  0.031602  0.019732  0.022540  0.022327  0.015856  0.010040  0.012106  0.016789  0.007355  0.012303  0.013670  0.003046  0.006705
142            NaN       NaN       NaN       NaN       NaN       NaN       NaN       NaN       NaN       NaN       NaN       NaN       NaN       NaN       NaN       NaN
143       0.018256  0.023613  0.014167  0.031602  0.019732  0.022540  0.022327  0.015856  0.010040  0.012106  0.016789  0.007355  0.012303  0.013670  0.003046  0.006705
144       0.018256  0.023613  0.014167  0.031602  0.019732  0.022540  0.022327  0.015856  0.010040  0.012106  0.016789  0.007355  0.012303  0.013670  0.003046  0.006705
145       0.018256  0.023613  0.014167  0.031602  0.019732  0.022540  0.022327  0.015856  0.010040  0.012106  0.016789  0.007355  0.012303  0.013670  0.003046  0.006705
146       0.018256  0.023613  0.014167  0.031602  0.019732  0.022540  0.022327  0.015856  0.010040  0.012106  0.016789  0.007355  0.012303  0.013670  0.003046  0.006705
147       0.018256  0.023613  0.014167  0.031602  0.019732  0.022540  0.022327  0.015856  0.010040  0.012106  0.016789  0.007355  0.012303  0.013670  0.003046  0.006705
148            NaN       NaN       NaN       NaN       NaN       NaN       NaN       NaN       NaN       NaN       NaN       NaN       NaN       NaN       NaN       NaN
149       0.018256  0.023613  0.014167  0.031602  0.019732  0.022540  0.022327  0.015856  0.010040  0.012106  0.016789  0.007355  0.012303  0.013670  0.003046  0.006705
150       0.018256  0.023613  0.014167  0.031602  0.019732  0.022540  0.022327  0.015856  0.010040  0.012106  0.016789  0.007355  0.012303  0.013670  0.003046  0.006705
151       0.018256  0.023613  0.014167  0.031602  0.019732  0.022540  0.022327  0.015856  0.010040  0.012106  0.016789  0.007355  0.012303  0.013670  0.003046  0.006705
152       0.018256  0.023613  0.014167  0.031602  0.019732  0.022540  0.022327  0.015856  0.010040  0.012106  0.016789  0.007355  0.012303  0.013670  0.003046  0.006705
153            NaN       NaN       NaN       NaN       NaN       NaN       NaN       NaN       NaN       NaN       NaN       NaN       NaN       NaN       NaN       NaN
154       0.018256  0.023613  0.014167  0.031602  0.019732  0.022540  0.022327  0.015856  0.010040  0.012106  0.016789  0.007355  0.012303  0.013670  0.003046  0.006705
155       0.018256  0.023613  0.014167  0.031602  0.019732  0.022540  0.022327  0.015856  0.010040  0.012106  0.016789  0.007355  0.012303  0.013670  0.003046  0.006705
156            NaN       NaN       NaN       NaN       NaN       NaN       NaN       NaN       NaN       NaN       NaN       NaN       NaN       NaN       NaN       NaN
157       0.018256  0.023613  0.014167  0.031602  0.019732  0.022540  0.022327  0.015856  0.010040  0.012106  0.016789  0.007355  0.012303  0.013670  0.003046  0.006705
158       0.018256  0.023613  0.014167  0.031602  0.019732  0.022540  0.022327  0.015856  0.010040  0.012106  0.016789  0.007355  0.012303  0.013670  0.003046  0.006705
159       0.018256  0.023613  0.014167  0.031602  0.019732  0.022540  0.022327  0.015856  0.010040  0.012106  0.016789  0.007355  0.012303  0.013670  0.003046  0.006705
160       0.018256  0.023613  0.014167  0.031602  0.019732  0.022540  0.022327  0.015856  0.010040  0.012106  0.016789  0.007355  0.012303  0.013670  0.003046  0.006705
161       0.045118  0.059595  0.029910  0.063808  0.046843  0.057472  0.048530  0.032748  0.019504  0.030297  0.041226  0.019734  0.010657  0.030451  0.008204  0.008404
162       0.045118  0.059595  0.029910  0.063808  0.046843  0.057472  0.048530  0.032748  0.019504  0.030297  0.041226  0.019734  0.010657  0.030451  0.008204  0.008404