exposure   0.60      4.98      10.02     19.98     30.00     40.02     60.00     150.00    300.00    600.00    900.00    1200.00   1800.00
r_number                                                                                                                                  
2         0.045996  0.039914  0.032952  0.024594  0.018684  0.010735  0.015182  0.013427  0.009973  0.007600  0.005939  0.008416  0.007377
3         0.041912  0.036426  0.029937  0.022388  0.017006  0.009812  0.014081  0.012397  0.009150  0.007045  0.005624  0.007801  0.006995
4         0.041912  0.036426  0.029937  0.022388  0.017006  0.009812  0.014081  0.012397  0.009150  0.007045  0.005624  0.007801  0.006995
5         0.041912  0.036426  0.029937  0.022388  0.017006  0.009812  0.014081  0.012397  0.009150  0.007045  0.005624  0.007801  0.006995
6         0.041912  0.036426  0.029937  0.022388  0.017006  0.009812  0.014081  0.012397  0.009150  0.007045  0.005624  0.007801  0.006995
7         0.041912  0.036426  0.029937  0.022388  0.017006  0.009812  0.014081  0.012397  0.009150  0.007045  0.005624  0.007801  0.006995
8         0.041912  0.036426  0.029937  0.022388  0.017006  0.009812  0.014081  0.012397  0.009150  0.007045  0.005624  0.007801  0.006995
9         0.041912  0.036426  0.029937  0.022388  0.017006  0.009812  0.014081  0.012397  0.009150  0.007045  0.005624  0.007801  0.006995
10        0.041912  0.036426  0.029937  0.022388  0.017006  0.009812  0.014081  0.012397  0.009150  0.007045  0.005624  0.007801  0.006995
11        0.041912  0.036426  0.029937  0.022388  0.017006  0.009812  0.014081  0.012397  0.009150  0.007045  0.005624  0.007801  0.006995
12        0.041912  0.036426  0.029937  0.022388  0.017006  0.009812  0.014081  0.012397  0.009150  0.007045  0.005624  0.007801  0.006995
13        0.041912  0.036426  0.029937  0.022388  0.017006  0.009812  0.014081  0.012397  0.009150  0.007045  0.005624  0.007801  0.006995
14        0.041912  0.036426  0.029937  0.022388  0.017006  0.009812  0.014081  0.012397  0.009150  0.007045  0.005624  0.007801  0.006995
15        0.041912  0.036426  0.029937  0.022388  0.017006  0.009812  0.014081  0.012397  0.009150  0.007045  0.005624  0.007801  0.006995
16        0.043513  0.039111  0.034085  0.025208  0.019258  0.010889  0.015266  0.013871  0.010691  0.008200  0.006358  0.008998  0.007821
17        0.033256  0.035835  0.041558  0.025583  0.014607  0.012285  0.017745  0.012374  0.010878  0.008943  0.008247  0.010258  0.010842
18        0.033256  0.035835  0.041558  0.025583  0.014607  0.012285  0.017745  0.012374  0.010878  0.008943  0.008247  0.010258  0.010842
19        0.033256  0.035835  0.041558  0.025583  0.014607  0.012285  0.017745  0.012374  0.010878  0.008943  0.008247  0.010258  0.010842
20        0.033256  0.035835  0.041558  0.025583  0.014607  0.012285  0.017745  0.012374  0.010878  0.008943  0.008247  0.010258  0.010842
21             NaN       NaN       NaN       NaN       NaN       NaN       NaN       NaN       NaN       NaN       NaN       NaN       NaN
22        0.033256  0.035835  0.041558  0.025583  0.014607  0.012285  0.017745  0.012374  0.010878  0.008943  0.008247  0.010258  0.010842
23        0.033256  0.035835  0.041558  0.025583  0.014607  0.012285  0.017745  0.012374  0.010878  0.008943  0.008247  0.010258  0.010842
24        0.033256  0.035835  0.041558  0.025583  0.014607  0.012285  0.017745  0.012374  0.010878  0.008943  0.008247  0.010258  0.010842
25        0.033256  0.035835  0.041558  0.025583  0.014607  0.012285  0.017745  0.012374  0.010878  0.008943  0.008247  0.010258  0.010842
26        0.033256  0.035835  0.041558  0.025583  0.014607  0.012285  0.017745  0.012374  0.010878  0.008943  0.008247  0.010258  0.010842
27        0.034152  0.038780  0.044762  0.026674  0.014593  0.013209  0.019343  0.012976  0.011300  0.008773  0.009033  0.011251  0.011868
28        0.034856  0.038489  0.047938  0.027849  0.015293  0.013731  0.021194  0.014087  0.012398  0.009624  0.010064  0.012492  0.013217
29        0.035255  0.028459  0.029134  0.018090  0.012147  0.011824  0.024789  0.010619  0.012293  0.009234  0.009096  0.010947  0.011412
30        0.023047  0.018018  0.013535  0.020421  0.012853  0.012091  0.029324  0.012409  0.012698  0.010256  0.010448  0.012365  0.013401
31        0.041308  0.029410  0.017858  0.032024  0.017857  0.016446  0.037803  0.020670  0.019748  0.018819  0.016918  0.016373  0.021682
32        0.025343  0.015012  0.012238  0.020228  0.011143  0.010828  0.021917  0.012615  0.012568  0.010610  0.010271  0.010004  0.012714
33        0.020250  0.021367  0.024346  0.016658  0.016375  0.008610  0.016890  0.015375  0.013054  0.009114  0.014305  0.011857  0.009596
34        0.020250  0.021367  0.024346  0.016658  0.016375  0.008610  0.016890  0.015375  0.013054  0.009114  0.014305  0.011857  0.009596
35        0.020250  0.021367  0.024346  0.016658  0.016375  0.008610  0.016890  0.015375  0.013054  0.009114  0.014305  0.011857  0.009596
36        0.020250  0.021367  0.024346  0.016658  0.016375  0.008610  0.016890  0.015375  0.013054  0.009114  0.014305  0.011857  0.009596
37        0.027057  0.029391  0.031183  0.020439  0.014457  0.009930  0.016971  0.012620  0.011778  0.008922  0.012639  0.010330  0.009666
38        0.027057  0.029391  0.031183  0.020439  0.014457  0.009930  0.016971  0.012620  0.011778  0.008922  0.012639  0.010330  0.009666
39        0.027057  0.029391  0.031183  0.020439  0.014457  0.009930  0.016971  0.012620  0.011778  0.008922  0.012639  0.010330  0.009666
40        0.027057  0.029391  0.031183  0.020439  0.014457  0.009930  0.016971  0.012620  0.011778  0.008922  0.012639  0.010330  0.009666
41        0.027057  0.029391  0.031183  0.020439  0.014457  0.009930  0.016971  0.012620  0.011778  0.008922  0.012639  0.010330  0.009666
42        0.050653  0.053114  0.055141  0.036979  0.018799  0.018109  0.029326  0.013756  0.016457  0.014178  0.016224  0.013399  0.015773
43        0.050234  0.043072  0.045197  0.036832  0.018467  0.031071  0.035272  0.020527  0.020570  0.019807  0.022544  0.020853  0.024671
44        0.050234  0.043072  0.045197  0.036832  0.018467  0.031071  0.035272  0.020527  0.020570  0.019807  0.022544  0.020853  0.024671
45        0.050234  0.043072  0.045197  0.036832  0.018467  0.031071  0.035272  0.020527  0.020570  0.019807  0.022544  0.020853  0.024671
46        0.050234  0.043072  0.045197  0.036832  0.018467  0.031071  0.035272  0.020527  0.020570  0.019807  0.022544  0.020853  0.024671
47        0.050234  0.043072  0.045197  0.036832  0.018467  0.031071  0.035272  0.020527  0.020570  0.019807  0.022544  0.020853  0.024671
48        0.063000  0.053445  0.056427  0.046608  0.022679  0.040392  0.045757  0.026621  0.026636  0.025951  0.029736  0.027368  0.032272
49        0.113321  0.097568  0.095800  0.070629  0.045615  0.089688  0.091714  0.056746  0.055292  0.053736  0.064396  0.056836  0.071565
50        0.036610  0.071780  0.069208  0.047688  0.022494  0.038920  0.043894  0.028660  0.020325  0.019732  0.020284  0.024859  0.027170
51        0.036610  0.071780  0.069208  0.047688  0.022494  0.038920  0.043894  0.028660  0.020325  0.019732  0.020284  0.024859  0.027170
52        0.036610  0.071780  0.069208  0.047688  0.022494  0.038920  0.043894  0.028660  0.020325  0.019732  0.020284  0.024859  0.027170
53        0.036610  0.071780  0.069208  0.047688  0.022494  0.038920  0.043894  0.028660  0.020325  0.019732  0.020284  0.024859  0.027170
54        0.036610  0.071780  0.069208  0.047688  0.022494  0.038920  0.043894  0.028660  0.020325  0.019732  0.020284  0.024859  0.027170
55        0.036610  0.071780  0.069208  0.047688  0.022494  0.038920  0.043894  0.028660  0.020325  0.019732  0.020284  0.024859  0.027170
56        0.036610  0.071780  0.069208  0.047688  0.022494  0.038920  0.043894  0.028660  0.020325  0.019732  0.020284  0.024859  0.027170
57             NaN       NaN       NaN       NaN       NaN       NaN       NaN       NaN       NaN       NaN       NaN       NaN       NaN
58        0.036610  0.071780  0.069208  0.047688  0.022494  0.038920  0.043894  0.028660  0.020325  0.019732  0.020284  0.024859  0.027170
59        0.036610  0.071780  0.069208  0.047688  0.022494  0.038920  0.043894  0.028660  0.020325  0.019732  0.020284  0.024859  0.027170
60        0.036610  0.071780  0.069208  0.047688  0.022494  0.038920  0.043894  0.028660  0.020325  0.019732  0.020284  0.024859  0.027170
61        0.036610  0.071780  0.069208  0.047688  0.022494  0.038920  0.043894  0.028660  0.020325  0.019732  0.020284  0.024859  0.027170
62        0.036610  0.071780  0.069208  0.047688  0.022494  0.038920  0.043894  0.028660  0.020325  0.019732  0.020284  0.024859  0.027170
63        0.036610  0.071780  0.069208  0.047688  0.022494  0.038920  0.043894  0.028660  0.020325  0.019732  0.020284  0.024859  0.027170
64        0.036610  0.071780  0.069208  0.047688  0.022494  0.038920  0.043894  0.028660  0.020325  0.019732  0.020284  0.024859  0.027170
65        0.036610  0.071780  0.069208  0.047688  0.022494  0.038920  0.043894  0.028660  0.020325  0.019732  0.020284  0.024859  0.027170
66        0.036610  0.071780  0.069208  0.047688  0.022494  0.038920  0.043894  0.028660  0.020325  0.019732  0.020284  0.024859  0.027170
67             NaN       NaN       NaN       NaN       NaN       NaN       NaN       NaN       NaN       NaN       NaN       NaN       NaN
68        0.036610  0.071780  0.069208  0.047688  0.022494  0.038920  0.043894  0.028660  0.020325  0.019732  0.020284  0.024859  0.027170
69        0.036610  0.071780  0.069208  0.047688  0.022494  0.038920  0.043894  0.028660  0.020325  0.019732  0.020284  0.024859  0.027170
70        0.036610  0.071780  0.069208  0.047688  0.022494  0.038920  0.043894  0.028660  0.020325  0.019732  0.020284  0.024859  0.027170
71        0.036610  0.071780  0.069208  0.047688  0.022494  0.038920  0.043894  0.028660  0.020325  0.019732  0.020284  0.024859  0.027170
72        0.036610  0.071780  0.069208  0.047688  0.022494  0.038920  0.043894  0.028660  0.020325  0.019732  0.020284  0.024859  0.027170
73        0.036610  0.071780  0.069208  0.047688  0.022494  0.038920  0.043894  0.028660  0.020325  0.019732  0.020284  0.024859  0.027170
74        0.036610  0.071780  0.069208  0.047688  0.022494  0.038920  0.043894  0.028660  0.020325  0.019732  0.020284  0.024859  0.027170
75        0.036610  0.071780  0.069208  0.047688  0.022494  0.038920  0.043894  0.028660  0.020325  0.019732  0.020284  0.024859  0.027170
76        0.036610  0.071780  0.069208  0.047688  0.022494  0.038920  0.043894  0.028660  0.020325  0.019732  0.020284  0.024859  0.027170
77        0.036610  0.071780  0.069208  0.047688  0.022494  0.038920  0.043894  0.028660  0.020325  0.019732  0.020284  0.024859  0.027170
78        0.036610  0.071780  0.069208  0.047688  0.022494  0.038920  0.043894  0.028660  0.020325  0.019732  0.020284  0.024859  0.027170
79        0.036610  0.071780  0.069208  0.047688  0.022494  0.038920  0.043894  0.028660  0.020325  0.019732  0.020284  0.024859  0.027170
80        0.036610  0.071780  0.069208  0.047688  0.022494  0.038920  0.043894  0.028660  0.020325  0.019732  0.020284  0.024859  0.027170
81        0.036610  0.071780  0.069208  0.047688  0.022494  0.038920  0.043894  0.028660  0.020325  0.019732  0.020284  0.024859  0.027170
82        0.036610  0.071780  0.069208  0.047688  0.022494  0.038920  0.043894  0.028660  0.020325  0.019732  0.020284  0.024859  0.027170
83        0.036610  0.071780  0.069208  0.047688  0.022494  0.038920  0.043894  0.028660  0.020325  0.019732  0.020284  0.024859  0.027170
84        0.052951  0.089657  0.087212  0.057855  0.027986  0.045728  0.054869  0.035164  0.024598  0.024004  0.025303  0.031843  0.033512
85        0.131108  0.099190  0.095026  0.089910  0.043239  0.080673  0.074940  0.061070  0.037254  0.036924  0.036684  0.042257  0.046829
86        0.132293  0.086919  0.082334  0.095647  0.050490  0.080843  0.087751  0.066970  0.056589  0.052761  0.054466  0.055317  0.071746
87        0.092984  0.060336  0.052479  0.068826  0.034946  0.054952  0.058399  0.046805  0.039429  0.036003  0.037830  0.039193  0.048987
88        0.092984  0.060336  0.052479  0.068826  0.034946  0.054952  0.058399  0.046805  0.039429  0.036003  0.037830  0.039193  0.048987
89        0.092984  0.060336  0.052479  0.068826  0.034946  0.054952  0.058399  0.046805  0.039429  0.036003  0.037830  0.039193  0.048987
90        0.092984  0.060336  0.052479  0.068826  0.034946  0.054952  0.058399  0.046805  0.039429  0.036003  0.037830  0.039193  0.048987
91             NaN       NaN       NaN       NaN       NaN       NaN       NaN       NaN       NaN       NaN       NaN       NaN       NaN
92        0.092984  0.060336  0.052479  0.068826  0.034946  0.054952  0.058399  0.046805  0.039429  0.036003  0.037830  0.039193  0.048987
93        0.092984  0.060336  0.052479  0.068826  0.034946  0.054952  0.058399  0.046805  0.039429  0.036003  0.037830  0.039193  0.048987
94        0.081522  0.050295  0.051023  0.058716  0.035608  0.039011  0.043642  0.037021  0.027483  0.024375  0.025548  0.028431  0.033147
95        0.081522  0.050295  0.051023  0.058716  0.035608  0.039011  0.043642  0.037021  0.027483  0.024375  0.025548  0.028431  0.033147
96        0.081522  0.050295  0.051023  0.058716  0.035608  0.039011  0.043642  0.037021  0.027483  0.024375  0.025548  0.028431  0.033147
97        0.081522  0.050295  0.051023  0.058716  0.035608  0.039011  0.043642  0.037021  0.027483  0.024375  0.025548  0.028431  0.033147
98        0.081522  0.050295  0.051023  0.058716  0.035608  0.039011  0.043642  0.037021  0.027483  0.024375  0.025548  0.028431  0.033147
99        0.121307  0.072491  0.078815  0.083597  0.057903  0.039598  0.048721  0.047633  0.029421  0.023231  0.025205  0.035451  0.031343
100       0.059872  0.065615  0.063207  0.030560  0.017256  0.029080  0.036828  0.019984  0.020447  0.018062  0.018128  0.020214  0.023554
101       0.050091  0.054807  0.051628  0.027135  0.014776  0.024883  0.032000  0.017351  0.017533  0.015391  0.015763  0.017125  0.020082
102       0.050091  0.054807  0.051628  0.027135  0.014776  0.024883  0.032000  0.017351  0.017533  0.015391  0.015763  0.017125  0.020082
103       0.050091  0.054807  0.051628  0.027135  0.014776  0.024883  0.032000  0.017351  0.017533  0.015391  0.015763  0.017125  0.020082
104       0.052351  0.051425  0.052994  0.041825  0.020953  0.033797  0.045531  0.024113  0.029464  0.026056  0.024288  0.028624  0.032335
105       0.052351  0.051425  0.052994  0.041825  0.020953  0.033797  0.045531  0.024113  0.029464  0.026056  0.024288  0.028624  0.032335
106       0.052351  0.051425  0.052994  0.041825  0.020953  0.033797  0.045531  0.024113  0.029464  0.026056  0.024288  0.028624  0.032335
107       0.059999  0.056768  0.060675  0.052697  0.025871  0.042050  0.056691  0.029626  0.036804  0.032834  0.030640  0.036050  0.040749
108       0.072156  0.066779  0.072971  0.067769  0.032818  0.053521  0.072483  0.037600  0.047913  0.042544  0.039292  0.046666  0.052230
109       0.096117  0.082787  0.093183  0.095887  0.046402  0.073684  0.101432  0.053288  0.068363  0.060470  0.055381  0.066156  0.074186
110       0.096117  0.082787  0.093183  0.095887  0.046402  0.073684  0.101432  0.053288  0.068363  0.060470  0.055381  0.066156  0.074186
111            NaN       NaN       NaN       NaN       NaN       NaN       NaN       NaN       NaN       NaN       NaN       NaN       NaN
112       0.414209  0.443141  0.476833  0.443826  0.312259  0.229770  0.458199  0.334341  0.299442  0.250839  0.287676  0.286124  0.307954
113       0.414209  0.443141  0.476833  0.443826  0.312259  0.229770  0.458199  0.334341  0.299442  0.250839  0.287676  0.286124  0.307954
114       0.242885  0.248272  0.304058  0.247893  0.187509  0.132019  0.245868  0.195484  0.166582  0.147583  0.158601  0.160608  0.173963
115       0.196430  0.199827  0.245530  0.201677  0.151246  0.106397  0.198039  0.157674  0.134167  0.119215  0.127899  0.129579  0.140270
116       0.196430  0.199827  0.245530  0.201677  0.151246  0.106397  0.198039  0.157674  0.134167  0.119215  0.127899  0.129579  0.140270
117       0.196430  0.199827  0.245530  0.201677  0.151246  0.106397  0.198039  0.157674  0.134167  0.119215  0.127899  0.129579  0.140270
118       0.196430  0.199827  0.245530  0.201677  0.151246  0.106397  0.198039  0.157674  0.134167  0.119215  0.127899  0.129579  0.140270
119       0.196430  0.199827  0.245530  0.201677  0.151246  0.106397  0.198039  0.157674  0.134167  0.119215  0.127899  0.129579  0.140270
120       0.093889  0.047486  0.092069  0.101255  0.066933  0.048887  0.083904  0.058235  0.062235  0.053509  0.053349  0.052542  0.066870
121       0.094344  0.034985  0.095264  0.099882  0.054298  0.030109  0.070441  0.042915  0.037500  0.038630  0.042095  0.036482  0.039874
122       0.094344  0.034985  0.095264  0.099882  0.054298  0.030109  0.070441  0.042915  0.037500  0.038630  0.042095  0.036482  0.039874
123            NaN       NaN       NaN       NaN       NaN       NaN       NaN       NaN       NaN       NaN       NaN       NaN       NaN
124       0.092992  0.080033  0.060565  0.040266  0.031615  0.044486  0.059251  0.033190  0.027989  0.028159  0.027526  0.026694  0.033864
125       0.078263  0.066949  0.063145  0.046128  0.023779  0.030461  0.032751  0.026982  0.021415  0.021250  0.023384  0.023791  0.027755
126       0.078263  0.066949  0.063145  0.046128  0.023779  0.030461  0.032751  0.026982  0.021415  0.021250  0.023384  0.023791  0.027755
127       0.078263  0.066949  0.063145  0.046128  0.023779  0.030461  0.032751  0.026982  0.021415  0.021250  0.023384  0.023791  0.027755
128       0.078263  0.066949  0.063145  0.046128  0.023779  0.030461  0.032751  0.026982  0.021415  0.021250  0.023384  0.023791  0.027755
129       0.078263  0.066949  0.063145  0.046128  0.023779  0.030461  0.032751  0.026982  0.021415  0.021250  0.023384  0.023791  0.027755
130       0.078263  0.066949  0.063145  0.046128  0.023779  0.030461  0.032751  0.026982  0.021415  0.021250  0.023384  0.023791  0.027755
131       0.095749  0.083940  0.076353  0.037905  0.020808  0.030300  0.032354  0.020379  0.014645  0.011592  0.012752  0.017073  0.015735
132       0.070396  0.083598  0.094524  0.045808  0.020730  0.030279  0.035646  0.024239  0.018375  0.013857  0.015726  0.020948  0.018976
133       0.034838  0.047324  0.055498  0.031983  0.019703  0.031019  0.020987  0.018971  0.010430  0.012160  0.014269  0.016366  0.011285
134       0.034838  0.047324  0.055498  0.031983  0.019703  0.031019  0.020987  0.018971  0.010430  0.012160  0.014269  0.016366  0.011285
135       0.034838  0.047324  0.055498  0.031983  0.019703  0.031019  0.020987  0.018971  0.010430  0.012160  0.014269  0.016366  0.011285
136       0.034838  0.047324  0.055498  0.031983  0.019703  0.031019  0.020987  0.018971  0.010430  0.012160  0.014269  0.016366  0.011285
137       0.034838  0.047324  0.055498  0.031983  0.019703  0.031019  0.020987  0.018971  0.010430  0.012160  0.014269  0.016366  0.011285
138       0.034838  0.047324  0.055498  0.031983  0.019703  0.031019  0.020987  0.018971  0.010430  0.012160  0.014269  0.016366  0.011285
139       0.034838  0.047324  0.055498  0.031983  0.019703  0.031019  0.020987  0.018971  0.010430  0.012160  0.014269  0.016366  0.011285
140       0.034838  0.047324  0.055498  0.031983  0.019703  0.031019  0.020987  0.018971  0.010430  0.012160  0.014269  0.016366  0.011285
141       0.034838  0.047324  0.055498  0.031983  0.019703  0.031019  0.020987  0.018971  0.010430  0.012160  0.014269  0.016366  0.011285
142       0.034838  0.047324  0.055498  0.031983  0.019703  0.031019  0.020987  0.018971  0.010430  0.012160  0.014269  0.016366  0.011285
143       0.034838  0.047324  0.055498  0.031983  0.019703  0.031019  0.020987  0.018971  0.010430  0.012160  0.014269  0.016366  0.011285
144       0.034838  0.047324  0.055498  0.031983  0.019703  0.031019  0.020987  0.018971  0.010430  0.012160  0.014269  0.016366  0.011285
145       0.034838  0.047324  0.055498  0.031983  0.019703  0.031019  0.020987  0.018971  0.010430  0.012160  0.014269  0.016366  0.011285
146       0.034838  0.047324  0.055498  0.031983  0.019703  0.031019  0.020987  0.018971  0.010430  0.012160  0.014269  0.016366  0.011285
147       0.042306  0.053922  0.058932  0.031754  0.013898  0.025160  0.023116  0.016909  0.011594  0.009677  0.010477  0.014178  0.013102
148       0.059670  0.054338  0.060172  0.036297  0.014193  0.022941  0.020801  0.023471  0.012898  0.007900  0.010533  0.019176  0.009987
149       0.059670  0.054338  0.060172  0.036297  0.014193  0.022941  0.020801  0.023471  0.012898  0.007900  0.010533  0.019176  0.009987
150       0.059670  0.054338  0.060172  0.036297  0.014193  0.022941  0.020801  0.023471  0.012898  0.007900  0.010533  0.019176  0.009987
151            NaN       NaN       NaN       NaN       NaN       NaN       NaN       NaN       NaN       NaN       NaN       NaN       NaN
152       0.059670  0.054338  0.060172  0.036297  0.014193  0.022941  0.020801  0.023471  0.012898  0.007900  0.010533  0.019176  0.009987
153       0.059670  0.054338  0.060172  0.036297  0.014193  0.022941  0.020801  0.023471  0.012898  0.007900  0.010533  0.019176  0.009987
154       0.073438  0.064589  0.071632  0.042350  0.016371  0.025550  0.022792  0.028273  0.015067  0.008370  0.011874  0.022809  0.010196
155       0.068459  0.063568  0.068618  0.038571  0.015818  0.023956  0.021565  0.025413  0.014071  0.009160  0.011684  0.020282  0.011981
156       0.076838  0.070336  0.075804  0.042288  0.017221  0.024759  0.023217  0.028126  0.015639  0.010012  0.013108  0.022412  0.013272
157       0.076838  0.070336  0.075804  0.042288  0.017221  0.024759  0.023217  0.028126  0.015639  0.010012  0.013108  0.022412  0.013272
158       0.076838  0.070336  0.075804  0.042288  0.017221  0.024759  0.023217  0.028126  0.015639  0.010012  0.013108  0.022412  0.013272
159       0.103899  0.125276  0.123831  0.055299  0.027519  0.040510  0.037469  0.030819  0.021915  0.020620  0.021512  0.022071  0.029327
160       0.103899  0.125276  0.123831  0.055299  0.027519  0.040510  0.037469  0.030819  0.021915  0.020620  0.021512  0.022071  0.029327
161       0.103899  0.125276  0.123831  0.055299  0.027519  0.040510  0.037469  0.030819  0.021915  0.020620  0.021512  0.022071  0.029327
162       0.137124  0.160115  0.155704  0.069863  0.036997  0.054269  0.046734  0.040882  0.029211  0.027843  0.028745  0.028664  0.039792
163       0.137124  0.160115  0.155704  0.069863  0.036997  0.054269  0.046734  0.040882  0.029211  0.027843  0.028745  0.028664  0.039792
164       0.137124  0.160115  0.155704  0.069863  0.036997  0.054269  0.046734  0.040882  0.029211  0.027843  0.028745  0.028664  0.039792
165       0.137124  0.160115  0.155704  0.069863  0.036997  0.054269  0.046734  0.040882  0.029211  0.027843  0.028745  0.028664  0.039792
166       0.137124  0.160115  0.155704  0.069863  0.036997  0.054269  0.046734  0.040882  0.029211  0.027843  0.028745  0.028664  0.039792
167       0.137124  0.160115  0.155704  0.069863  0.036997  0.054269  0.046734  0.040882  0.029211  0.027843  0.028745  0.028664  0.039792
168       0.137124  0.160115  0.155704  0.069863  0.036997  0.054269  0.046734  0.040882  0.029211  0.027843  0.028745  0.028664  0.039792
169       0.137124  0.160115  0.155704  0.069863  0.036997  0.054269  0.046734  0.040882  0.029211  0.027843  0.028745  0.028664  0.039792
170       0.137124  0.160115  0.155704  0.069863  0.036997  0.054269  0.046734  0.040882  0.029211  0.027843  0.028745  0.028664  0.039792
171       0.137124  0.160115  0.155704  0.069863  0.036997  0.054269  0.046734  0.040882  0.029211  0.027843  0.028745  0.028664  0.039792
172       0.137124  0.160115  0.155704  0.069863  0.036997  0.054269  0.046734  0.040882  0.029211  0.027843  0.028745  0.028664  0.039792