exposure   0.60      4.98      10.02     19.98     30.00     40.02     60.00     150.00    300.00    600.00    900.00    1200.00  1800.00
r_number                                                                                                                                 
2         0.334956  0.686186  0.737553  0.812906  0.885861  0.928430  0.988896  0.940036  0.963060  0.987381  1.006974  0.984367      1.0
3         0.331177  0.685694  0.737998  0.810382  0.880644  0.920937  0.984983  0.939811  0.963150  0.985868  1.007290  0.983836      1.0
4         0.331177  0.685694  0.737998  0.810382  0.880644  0.920937  0.984983  0.939811  0.963150  0.985868  1.007290  0.983836      1.0
5         0.331177  0.685694  0.737998  0.810382  0.880644  0.920937  0.984983  0.939811  0.963150  0.985868  1.007290  0.983836      1.0
6         0.331177  0.685694  0.737998  0.810382  0.880644  0.920937  0.984983  0.939811  0.963150  0.985868  1.007290  0.983836      1.0
7         0.331177  0.685694  0.737998  0.810382  0.880644  0.920937  0.984983  0.939811  0.963150  0.985868  1.007290  0.983836      1.0
8         0.331177  0.685694  0.737998  0.810382  0.880644  0.920937  0.984983  0.939811  0.963150  0.985868  1.007290  0.983836      1.0
9         0.331177  0.685694  0.737998  0.810382  0.880644  0.920937  0.984983  0.939811  0.963150  0.985868  1.007290  0.983836      1.0
10        0.331177  0.685694  0.737998  0.810382  0.880644  0.920937  0.984983  0.939811  0.963150  0.985868  1.007290  0.983836      1.0
11        0.331177  0.685694  0.737998  0.810382  0.880644  0.920937  0.984983  0.939811  0.963150  0.985868  1.007290  0.983836      1.0
12        0.331177  0.685694  0.737998  0.810382  0.880644  0.920937  0.984983  0.939811  0.963150  0.985868  1.007290  0.983836      1.0
13        0.331177  0.685694  0.737998  0.810382  0.880644  0.920937  0.984983  0.939811  0.963150  0.985868  1.007290  0.983836      1.0
14        0.331177  0.685694  0.737998  0.810382  0.880644  0.920937  0.984983  0.939811  0.963150  0.985868  1.007290  0.983836      1.0
15        0.331177  0.685694  0.737998  0.810382  0.880644  0.920937  0.984983  0.939811  0.963150  0.985868  1.007290  0.983836      1.0
16        0.322506  0.663179  0.714551  0.797715  0.870671  0.914676  0.982122  0.935516  0.959830  0.984687  1.007944  0.982233      1.0
17        0.275735  0.603806  0.634927  0.770945  0.854203  0.893701  0.969747  0.930184  0.957751  0.976774  1.001775  0.982174      1.0
18        0.275735  0.603806  0.634927  0.770945  0.854203  0.893701  0.969747  0.930184  0.957751  0.976774  1.001775  0.982174      1.0
19        0.275735  0.603806  0.634927  0.770945  0.854203  0.893701  0.969747  0.930184  0.957751  0.976774  1.001775  0.982174      1.0
20        0.275735  0.603806  0.634927  0.770945  0.854203  0.893701  0.969747  0.930184  0.957751  0.976774  1.001775  0.982174      1.0
21             NaN       NaN       NaN       NaN       NaN       NaN       NaN       NaN       NaN       NaN       NaN       NaN      NaN
22        0.275735  0.603806  0.634927  0.770945  0.854203  0.893701  0.969747  0.930184  0.957751  0.976774  1.001775  0.982174      1.0
23        0.275735  0.603806  0.634927  0.770945  0.854203  0.893701  0.969747  0.930184  0.957751  0.976774  1.001775  0.982174      1.0
24        0.275735  0.603806  0.634927  0.770945  0.854203  0.893701  0.969747  0.930184  0.957751  0.976774  1.001775  0.982174      1.0
25        0.275735  0.603806  0.634927  0.770945  0.854203  0.893701  0.969747  0.930184  0.957751  0.976774  1.001775  0.982174      1.0
26        0.275735  0.603806  0.634927  0.770945  0.854203  0.893701  0.969747  0.930184  0.957751  0.976774  1.001775  0.982174      1.0
27        0.275622  0.620127  0.654879  0.770977  0.855301  0.890920  0.968086  0.930026  0.959141  0.980034  1.001655  0.982208      1.0
28        0.283919  0.621517  0.648568  0.781588  0.859197  0.888508  0.965664  0.933261  0.957678  0.978578  1.001476  0.980097      1.0
29        0.345429  0.701006  0.741840  0.821344  0.879307  0.893748  0.969724  0.943980  0.957480  0.978493  1.002714  0.980000      1.0
30        0.349644  0.725252  0.772519  0.825799  0.878908  0.890219  0.970582  0.950777  0.962437  0.981203  1.002861  0.980548      1.0
31        0.291471  0.705621  0.754058  0.820883  0.875842  0.884339  0.969157  0.945607  0.953398  0.975899  0.996339  0.980334      1.0
32        0.275031  0.684020  0.733559  0.810564  0.871998  0.882373  0.974653  0.950662  0.958305  0.980799  0.999771  0.980311      1.0
33        0.275387  0.686911  0.737954  0.819242  0.882900  0.893174  0.977782  0.952487  0.957431  0.987138  1.005199  0.980792      1.0
34        0.275387  0.686911  0.737954  0.819242  0.882900  0.893174  0.977782  0.952487  0.957431  0.987138  1.005199  0.980792      1.0
35        0.275387  0.686911  0.737954  0.819242  0.882900  0.893174  0.977782  0.952487  0.957431  0.987138  1.005199  0.980792      1.0
36        0.275387  0.686911  0.737954  0.819242  0.882900  0.893174  0.977782  0.952487  0.957431  0.987138  1.005199  0.980792      1.0
37        0.251589  0.648552  0.701293  0.801368  0.877465  0.899889  0.982881  0.955969  0.976139  0.996224  1.014119  0.989761      1.0
38        0.251589  0.648552  0.701293  0.801368  0.877465  0.899889  0.982881  0.955969  0.976139  0.996224  1.014119  0.989761      1.0
39        0.251589  0.648552  0.701293  0.801368  0.877465  0.899889  0.982881  0.955969  0.976139  0.996224  1.014119  0.989761      1.0
40        0.251589  0.648552  0.701293  0.801368  0.877465  0.899889  0.982881  0.955969  0.976139  0.996224  1.014119  0.989761      1.0
41        0.251589  0.648552  0.701293  0.801368  0.877465  0.899889  0.982881  0.955969  0.976139  0.996224  1.014119  0.989761      1.0
42        0.221480  0.597676  0.650391  0.770920  0.864436  0.901217  0.988505  0.961299  0.999440  1.005384  1.023789  1.000817      1.0
43        0.126636  0.542108  0.612393  0.744330  0.848619  0.894802  0.992508  0.951365  0.993706  1.015634  1.035963  1.015050      1.0
44        0.126636  0.542108  0.612393  0.744330  0.848619  0.894802  0.992508  0.951365  0.993706  1.015634  1.035963  1.015050      1.0
45        0.126636  0.542108  0.612393  0.744330  0.848619  0.894802  0.992508  0.951365  0.993706  1.015634  1.035963  1.015050      1.0
46        0.126636  0.542108  0.612393  0.744330  0.848619  0.894802  0.992508  0.951365  0.993706  1.015634  1.035963  1.015050      1.0
47        0.126636  0.542108  0.612393  0.744330  0.848619  0.894802  0.992508  0.951365  0.993706  1.015634  1.035963  1.015050      1.0
48        0.093486  0.525265  0.595988  0.737924  0.848235  0.895408  0.996659  0.953444  0.995913  1.024261  1.043823  1.024980      1.0
49       -0.001233  0.463353  0.552006  0.696858  0.809552  0.881427  0.980603  0.917628  0.966124  1.022391  1.033264  1.009607      1.0
50        0.099381  0.408565  0.500716  0.639516  0.761728  0.830330  0.960823  0.883506  0.946189  0.983622  1.010030  0.986791      1.0
51        0.099381  0.408565  0.500716  0.639516  0.761728  0.830330  0.960823  0.883506  0.946189  0.983622  1.010030  0.986791      1.0
52        0.099381  0.408565  0.500716  0.639516  0.761728  0.830330  0.960823  0.883506  0.946189  0.983622  1.010030  0.986791      1.0
53        0.099381  0.408565  0.500716  0.639516  0.761728  0.830330  0.960823  0.883506  0.946189  0.983622  1.010030  0.986791      1.0
54        0.099381  0.408565  0.500716  0.639516  0.761728  0.830330  0.960823  0.883506  0.946189  0.983622  1.010030  0.986791      1.0
55        0.099381  0.408565  0.500716  0.639516  0.761728  0.830330  0.960823  0.883506  0.946189  0.983622  1.010030  0.986791      1.0
56        0.099381  0.408565  0.500716  0.639516  0.761728  0.830330  0.960823  0.883506  0.946189  0.983622  1.010030  0.986791      1.0
57             NaN       NaN       NaN       NaN       NaN       NaN       NaN       NaN       NaN       NaN       NaN       NaN      NaN
58        0.099381  0.408565  0.500716  0.639516  0.761728  0.830330  0.960823  0.883506  0.946189  0.983622  1.010030  0.986791      1.0
59        0.099381  0.408565  0.500716  0.639516  0.761728  0.830330  0.960823  0.883506  0.946189  0.983622  1.010030  0.986791      1.0
60        0.099381  0.408565  0.500716  0.639516  0.761728  0.830330  0.960823  0.883506  0.946189  0.983622  1.010030  0.986791      1.0
61        0.099381  0.408565  0.500716  0.639516  0.761728  0.830330  0.960823  0.883506  0.946189  0.983622  1.010030  0.986791      1.0
62        0.099381  0.408565  0.500716  0.639516  0.761728  0.830330  0.960823  0.883506  0.946189  0.983622  1.010030  0.986791      1.0
63        0.099381  0.408565  0.500716  0.639516  0.761728  0.830330  0.960823  0.883506  0.946189  0.983622  1.010030  0.986791      1.0
64        0.099381  0.408565  0.500716  0.639516  0.761728  0.830330  0.960823  0.883506  0.946189  0.983622  1.010030  0.986791      1.0
65        0.099381  0.408565  0.500716  0.639516  0.761728  0.830330  0.960823  0.883506  0.946189  0.983622  1.010030  0.986791      1.0
66        0.099381  0.408565  0.500716  0.639516  0.761728  0.830330  0.960823  0.883506  0.946189  0.983622  1.010030  0.986791      1.0
67             NaN       NaN       NaN       NaN       NaN       NaN       NaN       NaN       NaN       NaN       NaN       NaN      NaN
68        0.099381  0.408565  0.500716  0.639516  0.761728  0.830330  0.960823  0.883506  0.946189  0.983622  1.010030  0.986791      1.0
69        0.099381  0.408565  0.500716  0.639516  0.761728  0.830330  0.960823  0.883506  0.946189  0.983622  1.010030  0.986791      1.0
70        0.099381  0.408565  0.500716  0.639516  0.761728  0.830330  0.960823  0.883506  0.946189  0.983622  1.010030  0.986791      1.0
71        0.099381  0.408565  0.500716  0.639516  0.761728  0.830330  0.960823  0.883506  0.946189  0.983622  1.010030  0.986791      1.0
72        0.099381  0.408565  0.500716  0.639516  0.761728  0.830330  0.960823  0.883506  0.946189  0.983622  1.010030  0.986791      1.0
73        0.099381  0.408565  0.500716  0.639516  0.761728  0.830330  0.960823  0.883506  0.946189  0.983622  1.010030  0.986791      1.0
74        0.099381  0.408565  0.500716  0.639516  0.761728  0.830330  0.960823  0.883506  0.946189  0.983622  1.010030  0.986791      1.0
75        0.099381  0.408565  0.500716  0.639516  0.761728  0.830330  0.960823  0.883506  0.946189  0.983622  1.010030  0.986791      1.0
76        0.099381  0.408565  0.500716  0.639516  0.761728  0.830330  0.960823  0.883506  0.946189  0.983622  1.010030  0.986791      1.0
77        0.099381  0.408565  0.500716  0.639516  0.761728  0.830330  0.960823  0.883506  0.946189  0.983622  1.010030  0.986791      1.0
78        0.099381  0.408565  0.500716  0.639516  0.761728  0.830330  0.960823  0.883506  0.946189  0.983622  1.010030  0.986791      1.0
79        0.099381  0.408565  0.500716  0.639516  0.761728  0.830330  0.960823  0.883506  0.946189  0.983622  1.010030  0.986791      1.0
80        0.099381  0.408565  0.500716  0.639516  0.761728  0.830330  0.960823  0.883506  0.946189  0.983622  1.010030  0.986791      1.0
81        0.099381  0.408565  0.500716  0.639516  0.761728  0.830330  0.960823  0.883506  0.946189  0.983622  1.010030  0.986791      1.0
82        0.099381  0.408565  0.500716  0.639516  0.761728  0.830330  0.960823  0.883506  0.946189  0.983622  1.010030  0.986791      1.0
83        0.099381  0.408565  0.500716  0.639516  0.761728  0.830330  0.960823  0.883506  0.946189  0.983622  1.010030  0.986791      1.0
84        0.162474  0.399803  0.493031  0.632775  0.754895  0.819525  0.950763  0.874163  0.947116  0.975072  1.002897  0.975702      1.0
85       -0.004703  0.405799  0.517315  0.645424  0.780068  0.862126  1.000206  0.909330  0.976809  1.008022  1.046024  1.006050      1.0
86       -0.041519  0.436654  0.548505  0.666030  0.800480  0.873099  1.035142  0.926408  0.996267  1.022276  1.055733  1.029557      1.0
87       -0.002649  0.496619  0.611085  0.702873  0.820917  0.886724  1.045169  0.948838  1.001258  1.022049  1.077048  1.020638      1.0
88       -0.002649  0.496619  0.611085  0.702873  0.820917  0.886724  1.045169  0.948838  1.001258  1.022049  1.077048  1.020638      1.0
89       -0.002649  0.496619  0.611085  0.702873  0.820917  0.886724  1.045169  0.948838  1.001258  1.022049  1.077048  1.020638      1.0
90       -0.002649  0.496619  0.611085  0.702873  0.820917  0.886724  1.045169  0.948838  1.001258  1.022049  1.077048  1.020638      1.0
91             NaN       NaN       NaN       NaN       NaN       NaN       NaN       NaN       NaN       NaN       NaN       NaN      NaN
92       -0.002649  0.496619  0.611085  0.702873  0.820917  0.886724  1.045169  0.948838  1.001258  1.022049  1.077048  1.020638      1.0
93       -0.002649  0.496619  0.611085  0.702873  0.820917  0.886724  1.045169  0.948838  1.001258  1.022049  1.077048  1.020638      1.0
94        0.015104  0.394765  0.475348  0.681575  0.800467  0.877298  1.014394  0.924786  0.981789  1.002558  1.047125  1.002858      1.0
95        0.015104  0.394765  0.475348  0.681575  0.800467  0.877298  1.014394  0.924786  0.981789  1.002558  1.047125  1.002858      1.0
96        0.015104  0.394765  0.475348  0.681575  0.800467  0.877298  1.014394  0.924786  0.981789  1.002558  1.047125  1.002858      1.0
97        0.015104  0.394765  0.475348  0.681575  0.800467  0.877298  1.014394  0.924786  0.981789  1.002558  1.047125  1.002858      1.0
98        0.015104  0.394765  0.475348  0.681575  0.800467  0.877298  1.014394  0.924786  0.981789  1.002558  1.047125  1.002858      1.0
99        0.071312  0.343431  0.389597  0.688366  0.792771  0.884877  0.992633  0.923403  0.961259  0.982378  1.040620  0.975579      1.0
100       0.160647  0.532352  0.587695  0.734920  0.829358  0.863357  0.953447  0.929505  0.957654  0.979699  1.007533  0.982116      1.0
101       0.200592  0.540248  0.597937  0.734189  0.829403  0.862183  0.953153  0.931074  0.963760  0.979862  1.010796  0.980176      1.0
102       0.200592  0.540248  0.597937  0.734189  0.829403  0.862183  0.953153  0.931074  0.963760  0.979862  1.010796  0.980176      1.0
103       0.200592  0.540248  0.597937  0.734189  0.829403  0.862183  0.953153  0.931074  0.963760  0.979862  1.010796  0.980176      1.0
104       0.126605  0.470181  0.541870  0.693772  0.805239  0.852259  0.964199  0.919423  0.959148  0.990194  1.015577  0.976790      1.0
105       0.126605  0.470181  0.541870  0.693772  0.805239  0.852259  0.964199  0.919423  0.959148  0.990194  1.015577  0.976790      1.0
106       0.126605  0.470181  0.541870  0.693772  0.805239  0.852259  0.964199  0.919423  0.959148  0.990194  1.015577  0.976790      1.0
107       0.117704  0.454262  0.531043  0.680640  0.799975  0.850789  0.969309  0.916835  0.960890  0.995298  1.019620  0.978706      1.0
108       0.106526  0.420053  0.505292  0.657742  0.786898  0.846006  0.970786  0.910143  0.959108  0.999836  1.021509  0.973659      1.0
109       0.073483  0.373165  0.470362  0.629562  0.767604  0.834941  0.980977  0.903690  0.961478  1.006569  1.028129  0.968479      1.0
110       0.073483  0.373165  0.470362  0.629562  0.767604  0.834941  0.980977  0.903690  0.961478  1.006569  1.028129  0.968479      1.0
111            NaN       NaN       NaN       NaN       NaN       NaN       NaN       NaN       NaN       NaN       NaN       NaN      NaN
112       0.183821  1.144741  1.036384  1.080653  1.095570  0.939109  1.353299  1.113524  1.166434  1.002087  1.144967  1.142446      1.0
113       0.183821  1.144741  1.036384  1.080653  1.095570  0.939109  1.353299  1.113524  1.166434  1.002087  1.144967  1.142446      1.0
114       0.213920  1.128679  1.061518  1.056543  1.136096  0.973895  1.327121  1.138191  1.175255  0.994223  1.148331  1.151093      1.0
115       0.202008  1.037158  0.982350  1.014406  1.086810  0.956313  1.263509  1.107195  1.138406  0.982088  1.116222  1.110471      1.0
116       0.202008  1.037158  0.982350  1.014406  1.086810  0.956313  1.263509  1.107195  1.138406  0.982088  1.116222  1.110471      1.0
117       0.202008  1.037158  0.982350  1.014406  1.086810  0.956313  1.263509  1.107195  1.138406  0.982088  1.116222  1.110471      1.0
118       0.202008  1.037158  0.982350  1.014406  1.086810  0.956313  1.263509  1.107195  1.138406  0.982088  1.116222  1.110471      1.0
119       0.202008  1.037158  0.982350  1.014406  1.086810  0.956313  1.263509  1.107195  1.138406  0.982088  1.116222  1.110471      1.0
120       0.201217  0.747541  0.747557  0.887375  0.935944  0.894859  1.057893  1.008702  1.022510  0.954484  1.013158  1.001904      1.0
121       0.143823  0.684906  0.706994  0.858581  0.909961  0.886840  1.012027  1.012316  1.013356  0.952464  1.018231  0.994843      1.0
122       0.143823  0.684906  0.706994  0.858581  0.909961  0.886840  1.012027  1.012316  1.013356  0.952464  1.018231  0.994843      1.0
123            NaN       NaN       NaN       NaN       NaN       NaN       NaN       NaN       NaN       NaN       NaN       NaN      NaN
124       0.443980  0.749231  0.763902  0.874313  0.914584  0.903145  0.964147  0.971448  0.961820  0.991466  1.025892  0.995920      1.0
125       0.380110  0.664808  0.687332  0.831709  0.887393  0.914664  0.967327  0.945459  0.965161  0.984622  1.026524  0.992354      1.0
126       0.380110  0.664808  0.687332  0.831709  0.887393  0.914664  0.967327  0.945459  0.965161  0.984622  1.026524  0.992354      1.0
127       0.380110  0.664808  0.687332  0.831709  0.887393  0.914664  0.967327  0.945459  0.965161  0.984622  1.026524  0.992354      1.0
128       0.380110  0.664808  0.687332  0.831709  0.887393  0.914664  0.967327  0.945459  0.965161  0.984622  1.026524  0.992354      1.0
129       0.380110  0.664808  0.687332  0.831709  0.887393  0.914664  0.967327  0.945459  0.965161  0.984622  1.026524  0.992354      1.0
130       0.380110  0.664808  0.687332  0.831709  0.887393  0.914664  0.967327  0.945459  0.965161  0.984622  1.026524  0.992354      1.0
131       0.374847  0.663926  0.694487  0.823945  0.874592  0.900746  0.972200  0.938232  0.970412  0.981312  1.010270  0.990965      1.0
132       0.301722  0.502794  0.537692  0.710233  0.794345  0.854398  0.951488  0.898526  0.947681  0.980651  0.992604  0.973749      1.0
133       0.207608  0.464298  0.528825  0.683384  0.782369  0.862530  0.954792  0.890805  0.951769  0.990441  1.010029  1.000848      1.0
134       0.207608  0.464298  0.528825  0.683384  0.782369  0.862530  0.954792  0.890805  0.951769  0.990441  1.010029  1.000848      1.0
135       0.207608  0.464298  0.528825  0.683384  0.782369  0.862530  0.954792  0.890805  0.951769  0.990441  1.010029  1.000848      1.0
136       0.207608  0.464298  0.528825  0.683384  0.782369  0.862530  0.954792  0.890805  0.951769  0.990441  1.010029  1.000848      1.0
137       0.207608  0.464298  0.528825  0.683384  0.782369  0.862530  0.954792  0.890805  0.951769  0.990441  1.010029  1.000848      1.0
138       0.207608  0.464298  0.528825  0.683384  0.782369  0.862530  0.954792  0.890805  0.951769  0.990441  1.010029  1.000848      1.0
139       0.207608  0.464298  0.528825  0.683384  0.782369  0.862530  0.954792  0.890805  0.951769  0.990441  1.010029  1.000848      1.0
140       0.207608  0.464298  0.528825  0.683384  0.782369  0.862530  0.954792  0.890805  0.951769  0.990441  1.010029  1.000848      1.0
141       0.207608  0.464298  0.528825  0.683384  0.782369  0.862530  0.954792  0.890805  0.951769  0.990441  1.010029  1.000848      1.0
142       0.207608  0.464298  0.528825  0.683384  0.782369  0.862530  0.954792  0.890805  0.951769  0.990441  1.010029  1.000848      1.0
143       0.207608  0.464298  0.528825  0.683384  0.782369  0.862530  0.954792  0.890805  0.951769  0.990441  1.010029  1.000848      1.0
144       0.207608  0.464298  0.528825  0.683384  0.782369  0.862530  0.954792  0.890805  0.951769  0.990441  1.010029  1.000848      1.0
145       0.207608  0.464298  0.528825  0.683384  0.782369  0.862530  0.954792  0.890805  0.951769  0.990441  1.010029  1.000848      1.0
146       0.207608  0.464298  0.528825  0.683384  0.782369  0.862530  0.954792  0.890805  0.951769  0.990441  1.010029  1.000848      1.0
147       0.255662  0.461054  0.508873  0.678779  0.784077  0.853737  0.958345  0.896611  0.957355  0.989595  1.011126  0.990237      1.0
148       0.256529  0.467749  0.506674  0.675289  0.788317  0.852607  0.962621  0.892340  0.951965  0.992110  1.015622  0.991022      1.0
149       0.256529  0.467749  0.506674  0.675289  0.788317  0.852607  0.962621  0.892340  0.951965  0.992110  1.015622  0.991022      1.0
150       0.256529  0.467749  0.506674  0.675289  0.788317  0.852607  0.962621  0.892340  0.951965  0.992110  1.015622  0.991022      1.0
151            NaN       NaN       NaN       NaN       NaN       NaN       NaN       NaN       NaN       NaN       NaN       NaN      NaN
152       0.256529  0.467749  0.506674  0.675289  0.788317  0.852607  0.962621  0.892340  0.951965  0.992110  1.015622  0.991022      1.0
153       0.256529  0.467749  0.506674  0.675289  0.788317  0.852607  0.962621  0.892340  0.951965  0.992110  1.015622  0.991022      1.0
154       0.266865  0.474121  0.507693  0.679990  0.795272  0.859888  0.964440  0.896354  0.957315  0.997440  1.019028  0.996302      1.0
155       0.287157  0.493386  0.520072  0.694468  0.803915  0.865998  0.964757  0.899955  0.957693  0.995449  1.016736  0.993829      1.0
156       0.297728  0.505155  0.524937  0.702352  0.810252  0.868630  0.966113  0.902228  0.956301  0.993790  1.018067  0.995226      1.0
157       0.297728  0.505155  0.524937  0.702352  0.810252  0.868630  0.966113  0.902228  0.956301  0.993790  1.018067  0.995226      1.0
158       0.297728  0.505155  0.524937  0.702352  0.810252  0.868630  0.966113  0.902228  0.956301  0.993790  1.018067  0.995226      1.0
159       0.337524  0.543710  0.554166  0.740893  0.828333  0.890405  0.962448  0.916726  0.966369  0.986733  1.013501  1.002375      1.0
160       0.337524  0.543710  0.554166  0.740893  0.828333  0.890405  0.962448  0.916726  0.966369  0.986733  1.013501  1.002375      1.0
161       0.337524  0.543710  0.554166  0.740893  0.828333  0.890405  0.962448  0.916726  0.966369  0.986733  1.013501  1.002375      1.0
162       0.363062  0.568362  0.569296  0.756652  0.840132  0.897118  0.964357  0.920143  0.965085  0.984906  1.010954  1.000159      1.0
163       0.363062  0.568362  0.569296  0.756652  0.840132  0.897118  0.964357  0.920143  0.965085  0.984906  1.010954  1.000159      1.0
164       0.363062  0.568362  0.569296  0.756652  0.840132  0.897118  0.964357  0.920143  0.965085  0.984906  1.010954  1.000159      1.0
165       0.363062  0.568362  0.569296  0.756652  0.840132  0.897118  0.964357  0.920143  0.965085  0.984906  1.010954  1.000159      1.0
166       0.363062  0.568362  0.569296  0.756652  0.840132  0.897118  0.964357  0.920143  0.965085  0.984906  1.010954  1.000159      1.0
167       0.363062  0.568362  0.569296  0.756652  0.840132  0.897118  0.964357  0.920143  0.965085  0.984906  1.010954  1.000159      1.0
168       0.363062  0.568362  0.569296  0.756652  0.840132  0.897118  0.964357  0.920143  0.965085  0.984906  1.010954  1.000159      1.0
169       0.363062  0.568362  0.569296  0.756652  0.840132  0.897118  0.964357  0.920143  0.965085  0.984906  1.010954  1.000159      1.0
170       0.363062  0.568362  0.569296  0.756652  0.840132  0.897118  0.964357  0.920143  0.965085  0.984906  1.010954  1.000159      1.0
171       0.363062  0.568362  0.569296  0.756652  0.840132  0.897118  0.964357  0.920143  0.965085  0.984906  1.010954  1.000159      1.0
172       0.363062  0.568362  0.569296  0.756652  0.840132  0.897118  0.964357  0.920143  0.965085  0.984906  1.010954  1.000159      1.0