exposure   0.60      4.98      10.02     20.04     30.00     40.02     60.00     150.00    300.00    600.00    900.00    1200.00   1800.00
r_number                                                                                                                                  
2         0.018070  0.010274  0.013360  0.011658  0.012406  0.014273  0.011560  0.014052  0.013302  0.012782  0.012505  0.011652  0.016473
3         0.016373  0.009485  0.012826  0.010840  0.011595  0.013701  0.010663  0.013082  0.012236  0.012477  0.012189  0.010997  0.015557
4         0.016373  0.009485  0.012826  0.010840  0.011595  0.013701  0.010663  0.013082  0.012236  0.012477  0.012189  0.010997  0.015557
5         0.016373  0.009485  0.012826  0.010840  0.011595  0.013701  0.010663  0.013082  0.012236  0.012477  0.012189  0.010997  0.015557
6         0.016373  0.009485  0.012826  0.010840  0.011595  0.013701  0.010663  0.013082  0.012236  0.012477  0.012189  0.010997  0.015557
7         0.016373  0.009485  0.012826  0.010840  0.011595  0.013701  0.010663  0.013082  0.012236  0.012477  0.012189  0.010997  0.015557
8         0.016373  0.009485  0.012826  0.010840  0.011595  0.013701  0.010663  0.013082  0.012236  0.012477  0.012189  0.010997  0.015557
9         0.016373  0.009485  0.012826  0.010840  0.011595  0.013701  0.010663  0.013082  0.012236  0.012477  0.012189  0.010997  0.015557
10        0.016373  0.009485  0.012826  0.010840  0.011595  0.013701  0.010663  0.013082  0.012236  0.012477  0.012189  0.010997  0.015557
11        0.016373  0.009485  0.012826  0.010840  0.011595  0.013701  0.010663  0.013082  0.012236  0.012477  0.012189  0.010997  0.015557
12        0.014968  0.008573  0.011446  0.010105  0.010352  0.012678  0.009909  0.012958  0.011324  0.011288  0.011146  0.010075  0.014270
13        0.014968  0.008573  0.011446  0.010105  0.010352  0.012678  0.009909  0.012958  0.011324  0.011288  0.011146  0.010075  0.014270
14        0.014968  0.008573  0.011446  0.010105  0.010352  0.012678  0.009909  0.012958  0.011324  0.011288  0.011146  0.010075  0.014270
15        0.014968  0.008573  0.011446  0.010105  0.010352  0.012678  0.009909  0.012958  0.011324  0.011288  0.011146  0.010075  0.014270
16        0.012217  0.008029  0.011848  0.010019  0.010485  0.013068  0.009725  0.012594  0.011113  0.011185  0.011195  0.009636  0.013656
17        0.013038  0.006935  0.011610  0.009679  0.009037  0.014383  0.009115  0.010403  0.013028  0.010641  0.010234  0.007849  0.010930
18        0.013038  0.006935  0.011610  0.009679  0.009037  0.014383  0.009115  0.010403  0.013028  0.010641  0.010234  0.007849  0.010930
19        0.013038  0.006935  0.011610  0.009679  0.009037  0.014383  0.009115  0.010403  0.013028  0.010641  0.010234  0.007849  0.010930
20        0.013038  0.006935  0.011610  0.009679  0.009037  0.014383  0.009115  0.010403  0.013028  0.010641  0.010234  0.007849  0.010930
21             NaN       NaN       NaN       NaN       NaN       NaN       NaN       NaN       NaN       NaN       NaN       NaN       NaN
22        0.013038  0.006935  0.011610  0.009679  0.009037  0.014383  0.009115  0.010403  0.013028  0.010641  0.010234  0.007849  0.010930
23        0.013038  0.006935  0.011610  0.009679  0.009037  0.014383  0.009115  0.010403  0.013028  0.010641  0.010234  0.007849  0.010930
24        0.013038  0.006935  0.011610  0.009679  0.009037  0.014383  0.009115  0.010403  0.013028  0.010641  0.010234  0.007849  0.010930
25        0.013038  0.006935  0.011610  0.009679  0.009037  0.014383  0.009115  0.010403  0.013028  0.010641  0.010234  0.007849  0.010930
26        0.013038  0.006935  0.011610  0.009679  0.009037  0.014383  0.009115  0.010403  0.013028  0.010641  0.010234  0.007849  0.010930
27        0.013951  0.007236  0.012159  0.010236  0.009406  0.015271  0.009584  0.010946  0.013838  0.011227  0.010763  0.008083  0.011225
28        0.013951  0.007236  0.012159  0.010236  0.009406  0.015271  0.009584  0.010946  0.013838  0.011227  0.010763  0.008083  0.011225
29        0.014297  0.008473  0.013442  0.012027  0.009671  0.014422  0.010006  0.013163  0.013215  0.013080  0.010951  0.010020  0.014156
30        0.017126  0.011603  0.018000  0.014933  0.014161  0.018024  0.013353  0.018835  0.016693  0.016291  0.015525  0.014538  0.020627
31        0.022542  0.015791  0.024813  0.020974  0.019781  0.024151  0.018659  0.025787  0.023300  0.022308  0.020967  0.019804  0.028094
32        0.018274  0.010493  0.017046  0.013695  0.013447  0.016520  0.012399  0.017535  0.016273  0.014618  0.013710  0.012887  0.018249
33        0.018274  0.010493  0.017046  0.013695  0.013447  0.016520  0.012399  0.017535  0.016273  0.014618  0.013710  0.012887  0.018249
34        0.018274  0.010493  0.017046  0.013695  0.013447  0.016520  0.012399  0.017535  0.016273  0.014618  0.013710  0.012887  0.018249
35        0.018274  0.010493  0.017046  0.013695  0.013447  0.016520  0.012399  0.017535  0.016273  0.014618  0.013710  0.012887  0.018249
36        0.018274  0.010493  0.017046  0.013695  0.013447  0.016520  0.012399  0.017535  0.016273  0.014618  0.013710  0.012887  0.018249
37        0.015681  0.009045  0.015119  0.011472  0.011916  0.014510  0.010379  0.015148  0.013710  0.012672  0.011794  0.010747  0.015167
38        0.015681  0.009045  0.015119  0.011472  0.011916  0.014510  0.010379  0.015148  0.013710  0.012672  0.011794  0.010747  0.015167
39        0.015681  0.009045  0.015119  0.011472  0.011916  0.014510  0.010379  0.015148  0.013710  0.012672  0.011794  0.010747  0.015167
40        0.015681  0.009045  0.015119  0.011472  0.011916  0.014510  0.010379  0.015148  0.013710  0.012672  0.011794  0.010747  0.015167
41        0.015681  0.009045  0.015119  0.011472  0.011916  0.014510  0.010379  0.015148  0.013710  0.012672  0.011794  0.010747  0.015167
42        0.019849  0.010833  0.020452  0.013896  0.015558  0.018900  0.011979  0.018122  0.016012  0.014959  0.013751  0.012008  0.016800
43        0.018507  0.018448  0.023358  0.019972  0.025634  0.026860  0.021346  0.026709  0.025396  0.026086  0.023900  0.023389  0.032457
44        0.018507  0.018448  0.023358  0.019972  0.025634  0.026860  0.021346  0.026709  0.025396  0.026086  0.023900  0.023389  0.032457
45        0.018507  0.018448  0.023358  0.019972  0.025634  0.026860  0.021346  0.026709  0.025396  0.026086  0.023900  0.023389  0.032457
46        0.018507  0.018448  0.023358  0.019972  0.025634  0.026860  0.021346  0.026709  0.025396  0.026086  0.023900  0.023389  0.032457
47        0.018066  0.017556  0.022678  0.019004  0.024438  0.025580  0.020237  0.025391  0.024175  0.024678  0.022775  0.022132  0.030602
48        0.021237  0.021633  0.027142  0.023203  0.030023  0.031179  0.025088  0.031097  0.029719  0.030540  0.028169  0.027494  0.037994
49        0.029098  0.033775  0.042208  0.038406  0.054268  0.047246  0.043465  0.051922  0.049910  0.053427  0.045493  0.042684  0.059414
50        0.047447  0.022317  0.042817  0.025571  0.034722  0.039408  0.028440  0.035806  0.037468  0.036734  0.038486  0.033960  0.045413
51        0.047447  0.022317  0.042817  0.025571  0.034722  0.039408  0.028440  0.035806  0.037468  0.036734  0.038486  0.033960  0.045413
52        0.047447  0.022317  0.042817  0.025571  0.034722  0.039408  0.028440  0.035806  0.037468  0.036734  0.038486  0.033960  0.045413
53        0.047447  0.022317  0.042817  0.025571  0.034722  0.039408  0.028440  0.035806  0.037468  0.036734  0.038486  0.033960  0.045413
54        0.047447  0.022317  0.042817  0.025571  0.034722  0.039408  0.028440  0.035806  0.037468  0.036734  0.038486  0.033960  0.045413
55        0.047447  0.022317  0.042817  0.025571  0.034722  0.039408  0.028440  0.035806  0.037468  0.036734  0.038486  0.033960  0.045413
56        0.047447  0.022317  0.042817  0.025571  0.034722  0.039408  0.028440  0.035806  0.037468  0.036734  0.038486  0.033960  0.045413
57             NaN       NaN       NaN       NaN       NaN       NaN       NaN       NaN       NaN       NaN       NaN       NaN       NaN
58        0.047447  0.022317  0.042817  0.025571  0.034722  0.039408  0.028440  0.035806  0.037468  0.036734  0.038486  0.033960  0.045413
59        0.047447  0.022317  0.042817  0.025571  0.034722  0.039408  0.028440  0.035806  0.037468  0.036734  0.038486  0.033960  0.045413
60        0.047447  0.022317  0.042817  0.025571  0.034722  0.039408  0.028440  0.035806  0.037468  0.036734  0.038486  0.033960  0.045413
61        0.047447  0.022317  0.042817  0.025571  0.034722  0.039408  0.028440  0.035806  0.037468  0.036734  0.038486  0.033960  0.045413
62        0.047447  0.022317  0.042817  0.025571  0.034722  0.039408  0.028440  0.035806  0.037468  0.036734  0.038486  0.033960  0.045413
63        0.047447  0.022317  0.042817  0.025571  0.034722  0.039408  0.028440  0.035806  0.037468  0.036734  0.038486  0.033960  0.045413
64        0.047447  0.022317  0.042817  0.025571  0.034722  0.039408  0.028440  0.035806  0.037468  0.036734  0.038486  0.033960  0.045413
65        0.047447  0.022317  0.042817  0.025571  0.034722  0.039408  0.028440  0.035806  0.037468  0.036734  0.038486  0.033960  0.045413
66        0.047447  0.022317  0.042817  0.025571  0.034722  0.039408  0.028440  0.035806  0.037468  0.036734  0.038486  0.033960  0.045413
67             NaN       NaN       NaN       NaN       NaN       NaN       NaN       NaN       NaN       NaN       NaN       NaN       NaN
68        0.059354  0.020857  0.045490  0.025768  0.035688  0.044169  0.031919  0.038490  0.042436  0.044037  0.045400  0.041191  0.056700
69        0.059354  0.020857  0.045490  0.025768  0.035688  0.044169  0.031919  0.038490  0.042436  0.044037  0.045400  0.041191  0.056700
70        0.059354  0.020857  0.045490  0.025768  0.035688  0.044169  0.031919  0.038490  0.042436  0.044037  0.045400  0.041191  0.056700
71        0.059354  0.020857  0.045490  0.025768  0.035688  0.044169  0.031919  0.038490  0.042436  0.044037  0.045400  0.041191  0.056700
72        0.059354  0.020857  0.045490  0.025768  0.035688  0.044169  0.031919  0.038490  0.042436  0.044037  0.045400  0.041191  0.056700
73        0.059354  0.020857  0.045490  0.025768  0.035688  0.044169  0.031919  0.038490  0.042436  0.044037  0.045400  0.041191  0.056700
74        0.059354  0.020857  0.045490  0.025768  0.035688  0.044169  0.031919  0.038490  0.042436  0.044037  0.045400  0.041191  0.056700
75        0.059354  0.020857  0.045490  0.025768  0.035688  0.044169  0.031919  0.038490  0.042436  0.044037  0.045400  0.041191  0.056700
76        0.059354  0.020857  0.045490  0.025768  0.035688  0.044169  0.031919  0.038490  0.042436  0.044037  0.045400  0.041191  0.056700
77        0.059354  0.020857  0.045490  0.025768  0.035688  0.044169  0.031919  0.038490  0.042436  0.044037  0.045400  0.041191  0.056700
78        0.059354  0.020857  0.045490  0.025768  0.035688  0.044169  0.031919  0.038490  0.042436  0.044037  0.045400  0.041191  0.056700
79        0.059354  0.020857  0.045490  0.025768  0.035688  0.044169  0.031919  0.038490  0.042436  0.044037  0.045400  0.041191  0.056700
80        0.059354  0.020857  0.045490  0.025768  0.035688  0.044169  0.031919  0.038490  0.042436  0.044037  0.045400  0.041191  0.056700
81        0.059354  0.020857  0.045490  0.025768  0.035688  0.044169  0.031919  0.038490  0.042436  0.044037  0.045400  0.041191  0.056700
82        0.059354  0.020857  0.045490  0.025768  0.035688  0.044169  0.031919  0.038490  0.042436  0.044037  0.045400  0.041191  0.056700
83        0.059354  0.020857  0.045490  0.025768  0.035688  0.044169  0.031919  0.038490  0.042436  0.044037  0.045400  0.041191  0.056700
84        0.066986  0.024076  0.051992  0.028469  0.039934  0.051276  0.034785  0.043096  0.047470  0.046636  0.049897  0.046033  0.063329
85        0.088219  0.034970  0.064953  0.041078  0.052931  0.062717  0.041488  0.054261  0.054744  0.054639  0.056523  0.055877  0.075208
86        0.085326  0.032335  0.061839  0.036076  0.048349  0.058511  0.035438  0.047018  0.045922  0.044045  0.047418  0.044677  0.060024
87        0.064320  0.026057  0.045317  0.029781  0.036812  0.044822  0.030022  0.035732  0.035497  0.033697  0.037561  0.036165  0.049363
88        0.064320  0.026057  0.045317  0.029781  0.036812  0.044822  0.030022  0.035732  0.035497  0.033697  0.037561  0.036165  0.049363
89        0.064320  0.026057  0.045317  0.029781  0.036812  0.044822  0.030022  0.035732  0.035497  0.033697  0.037561  0.036165  0.049363
90        0.064320  0.026057  0.045317  0.029781  0.036812  0.044822  0.030022  0.035732  0.035497  0.033697  0.037561  0.036165  0.049363
91             NaN       NaN       NaN       NaN       NaN       NaN       NaN       NaN       NaN       NaN       NaN       NaN       NaN
92        0.064320  0.026057  0.045317  0.029781  0.036812  0.044822  0.030022  0.035732  0.035497  0.033697  0.037561  0.036165  0.049363
93        0.064320  0.026057  0.045317  0.029781  0.036812  0.044822  0.030022  0.035732  0.035497  0.033697  0.037561  0.036165  0.049363
94        0.064320  0.026057  0.045317  0.029781  0.036812  0.044822  0.030022  0.035732  0.035497  0.033697  0.037561  0.036165  0.049363
95        0.064320  0.026057  0.045317  0.029781  0.036812  0.044822  0.030022  0.035732  0.035497  0.033697  0.037561  0.036165  0.049363
96        0.064320  0.026057  0.045317  0.029781  0.036812  0.044822  0.030022  0.035732  0.035497  0.033697  0.037561  0.036165  0.049363
97        0.064320  0.026057  0.045317  0.029781  0.036812  0.044822  0.030022  0.035732  0.035497  0.033697  0.037561  0.036165  0.049363
98        0.064320  0.026057  0.045317  0.029781  0.036812  0.044822  0.030022  0.035732  0.035497  0.033697  0.037561  0.036165  0.049363
99        0.142395  0.070725  0.095630  0.081713  0.087843  0.099516  0.084586  0.084849  0.086611  0.084425  0.097158  0.097287  0.135254
100       0.028055  0.021645  0.033811  0.021903  0.027109  0.032870  0.021890  0.028980  0.027928  0.024990  0.026101  0.025153  0.034447
101       0.026525  0.018235  0.029704  0.019751  0.024863  0.028164  0.019342  0.026067  0.025510  0.022618  0.023153  0.021106  0.029011
102       0.026525  0.018235  0.029704  0.019751  0.024863  0.028164  0.019342  0.026067  0.025510  0.022618  0.023153  0.021106  0.029011
103       0.026525  0.018235  0.029704  0.019751  0.024863  0.028164  0.019342  0.026067  0.025510  0.022618  0.023153  0.021106  0.029011
104       0.038382  0.021130  0.034749  0.020773  0.027795  0.032310  0.021712  0.026774  0.026151  0.022100  0.024361  0.019924  0.027104
105       0.038382  0.021130  0.034749  0.020773  0.027795  0.032310  0.021712  0.026774  0.026151  0.022100  0.024361  0.019924  0.027104
106       0.038382  0.021130  0.034749  0.020773  0.027795  0.032310  0.021712  0.026774  0.026151  0.022100  0.024361  0.019924  0.027104
107       0.046363  0.023606  0.039854  0.022971  0.031546  0.037399  0.024346  0.029938  0.029269  0.023649  0.026825  0.020178  0.027251
108       0.057440  0.026984  0.046727  0.025864  0.036990  0.042982  0.027673  0.033385  0.033340  0.025797  0.029881  0.019675  0.026503
109       0.074857  0.034103  0.059268  0.032815  0.047052  0.053984  0.035489  0.041394  0.041381  0.032189  0.037686  0.023788  0.031897
110       0.074857  0.034103  0.059268  0.032815  0.047052  0.053984  0.035489  0.041394  0.041381  0.032189  0.037686  0.023788  0.031897
111            NaN       NaN       NaN       NaN       NaN       NaN       NaN       NaN       NaN       NaN       NaN       NaN       NaN
112       0.095899  0.036807  0.077968  0.037966  0.075938  0.073545  0.044118  0.075801  0.062301  0.060646  0.048792  0.042402  0.046768
113       0.095899  0.036807  0.077968  0.037966  0.075938  0.073545  0.044118  0.075801  0.062301  0.060646  0.048792  0.042402  0.046768
114       0.074216  0.030874  0.061706  0.031218  0.059018  0.056805  0.036387  0.059106  0.049444  0.049581  0.041393  0.036005  0.042119
115       0.060664  0.025305  0.050811  0.025712  0.047863  0.047320  0.029188  0.047244  0.039848  0.040474  0.033361  0.029425  0.035046
116       0.060664  0.025305  0.050811  0.025712  0.047863  0.047320  0.029188  0.047244  0.039848  0.040474  0.033361  0.029425  0.035046
117       0.048431  0.024431  0.041486  0.022284  0.037887  0.038107  0.024145  0.038321  0.032281  0.032988  0.027949  0.025277  0.031581
118       0.048431  0.024431  0.041486  0.022284  0.037887  0.038107  0.024145  0.038321  0.032281  0.032988  0.027949  0.025277  0.031581
119       0.048431  0.024431  0.041486  0.022284  0.037887  0.038107  0.024145  0.038321  0.032281  0.032988  0.027949  0.025277  0.031581
120       0.035848  0.024491  0.037344  0.021236  0.033586  0.032699  0.021304  0.031558  0.027541  0.028687  0.026832  0.024520  0.033144
121       0.037164  0.028074  0.037295  0.023019  0.028873  0.032486  0.022886  0.029950  0.026829  0.030472  0.028057  0.026998  0.037803
122       0.037164  0.028074  0.037295  0.023019  0.028873  0.032486  0.022886  0.029950  0.026829  0.030472  0.028057  0.026998  0.037803
123            NaN       NaN       NaN       NaN       NaN       NaN       NaN       NaN       NaN       NaN       NaN       NaN       NaN
124       0.030939  0.034604  0.063331  0.065285  0.051177  0.049245  0.036144  0.063966  0.055415  0.040289  0.040761  0.037408  0.049231
125       0.020357  0.021809  0.037693  0.036212  0.034074  0.032332  0.023391  0.040267  0.033112  0.034399  0.029818  0.024968  0.033061
126       0.020357  0.021809  0.037693  0.036212  0.034074  0.032332  0.023391  0.040267  0.033112  0.034399  0.029818  0.024968  0.033061
127       0.020357  0.021809  0.037693  0.036212  0.034074  0.032332  0.023391  0.040267  0.033112  0.034399  0.029818  0.024968  0.033061
128       0.020357  0.021809  0.037693  0.036212  0.034074  0.032332  0.023391  0.040267  0.033112  0.034399  0.029818  0.024968  0.033061
129       0.020357  0.021809  0.037693  0.036212  0.034074  0.032332  0.023391  0.040267  0.033112  0.034399  0.029818  0.024968  0.033061
130       0.020357  0.021809  0.037693  0.036212  0.034074  0.032332  0.023391  0.040267  0.033112  0.034399  0.029818  0.024968  0.033061
131       0.029405  0.037352  0.050218  0.040518  0.048169  0.051709  0.043138  0.054191  0.050180  0.048808  0.048131  0.047409  0.063265
132       0.037023  0.015195  0.041738  0.020593  0.030148  0.034327  0.024788  0.028143  0.037521  0.035479  0.040630  0.016032  0.023694
133       0.031273  0.012009  0.030634  0.017072  0.024330  0.027252  0.017661  0.023500  0.027785  0.026350  0.027133  0.014961  0.021712
134       0.031273  0.012009  0.030634  0.017072  0.024330  0.027252  0.017661  0.023500  0.027785  0.026350  0.027133  0.014961  0.021712
135       0.031273  0.012009  0.030634  0.017072  0.024330  0.027252  0.017661  0.023500  0.027785  0.026350  0.027133  0.014961  0.021712
136       0.031273  0.012009  0.030634  0.017072  0.024330  0.027252  0.017661  0.023500  0.027785  0.026350  0.027133  0.014961  0.021712
137       0.031273  0.012009  0.030634  0.017072  0.024330  0.027252  0.017661  0.023500  0.027785  0.026350  0.027133  0.014961  0.021712
138       0.031273  0.012009  0.030634  0.017072  0.024330  0.027252  0.017661  0.023500  0.027785  0.026350  0.027133  0.014961  0.021712
139       0.031273  0.012009  0.030634  0.017072  0.024330  0.027252  0.017661  0.023500  0.027785  0.026350  0.027133  0.014961  0.021712
140       0.031273  0.012009  0.030634  0.017072  0.024330  0.027252  0.017661  0.023500  0.027785  0.026350  0.027133  0.014961  0.021712
141       0.031273  0.012009  0.030634  0.017072  0.024330  0.027252  0.017661  0.023500  0.027785  0.026350  0.027133  0.014961  0.021712
142       0.031273  0.012009  0.030634  0.017072  0.024330  0.027252  0.017661  0.023500  0.027785  0.026350  0.027133  0.014961  0.021712
143       0.031273  0.012009  0.030634  0.017072  0.024330  0.027252  0.017661  0.023500  0.027785  0.026350  0.027133  0.014961  0.021712
144       0.031273  0.012009  0.030634  0.017072  0.024330  0.027252  0.017661  0.023500  0.027785  0.026350  0.027133  0.014961  0.021712
145       0.031273  0.012009  0.030634  0.017072  0.024330  0.027252  0.017661  0.023500  0.027785  0.026350  0.027133  0.014961  0.021712
146       0.031273  0.012009  0.030634  0.017072  0.024330  0.027252  0.017661  0.023500  0.027785  0.026350  0.027133  0.014961  0.021712
147       0.031273  0.012009  0.030634  0.017072  0.024330  0.027252  0.017661  0.023500  0.027785  0.026350  0.027133  0.014961  0.021712
148       0.026695  0.013241  0.026587  0.019596  0.025210  0.031495  0.021266  0.021382  0.027319  0.026118  0.026724  0.017640  0.025362
149       0.026695  0.013241  0.026587  0.019596  0.025210  0.031495  0.021266  0.021382  0.027319  0.026118  0.026724  0.017640  0.025362
150       0.026695  0.013241  0.026587  0.019596  0.025210  0.031495  0.021266  0.021382  0.027319  0.026118  0.026724  0.017640  0.025362
151            NaN       NaN       NaN       NaN       NaN       NaN       NaN       NaN       NaN       NaN       NaN       NaN       NaN
152       0.026695  0.013241  0.026587  0.019596  0.025210  0.031495  0.021266  0.021382  0.027319  0.026118  0.026724  0.017640  0.025362
153       0.026695  0.013241  0.026587  0.019596  0.025210  0.031495  0.021266  0.021382  0.027319  0.026118  0.026724  0.017640  0.025362
154       0.028633  0.015495  0.029161  0.023670  0.029639  0.038518  0.025789  0.024279  0.032194  0.030153  0.031266  0.020436  0.029225
155       0.028633  0.015495  0.029161  0.023670  0.029639  0.038518  0.025789  0.024279  0.032194  0.030153  0.031266  0.020436  0.029225
156       0.028633  0.015495  0.029161  0.023670  0.029639  0.038518  0.025789  0.024279  0.032194  0.030153  0.031266  0.020436  0.029225
157       0.028633  0.015495  0.029161  0.023670  0.029639  0.038518  0.025789  0.024279  0.032194  0.030153  0.031266  0.020436  0.029225
158       0.028633  0.015495  0.029161  0.023670  0.029639  0.038518  0.025789  0.024279  0.032194  0.030153  0.031266  0.020436  0.029225
159       0.070297  0.024670  0.063519  0.032946  0.048129  0.056333  0.038164  0.049314  0.056423  0.038255  0.050570  0.023494  0.032818
160       0.070297  0.024670  0.063519  0.032946  0.048129  0.056333  0.038164  0.049314  0.056423  0.038255  0.050570  0.023494  0.032818
161       0.070297  0.024670  0.063519  0.032946  0.048129  0.056333  0.038164  0.049314  0.056423  0.038255  0.050570  0.023494  0.032818