exposure   0.60      4.98      10.02     20.04     30.00     40.02     60.00     150.00    300.00    600.00    900.00    1200.00  1800.00
r_number                                                                                                                                 
2         0.334158  0.774389  0.798425  0.828888  0.844846  0.836641  0.869585  0.923794  0.947999  0.975365  0.990770  1.002599      1.0
3         0.323573  0.757915  0.784943  0.815412  0.832386  0.824635  0.857565  0.914823  0.938224  0.971168  0.988396  1.001592      1.0
4         0.323573  0.757915  0.784943  0.815412  0.832386  0.824635  0.857565  0.914823  0.938224  0.971168  0.988396  1.001592      1.0
5         0.323573  0.757915  0.784943  0.815412  0.832386  0.824635  0.857565  0.914823  0.938224  0.971168  0.988396  1.001592      1.0
6         0.323573  0.757915  0.784943  0.815412  0.832386  0.824635  0.857565  0.914823  0.938224  0.971168  0.988396  1.001592      1.0
7         0.323573  0.757915  0.784943  0.815412  0.832386  0.824635  0.857565  0.914823  0.938224  0.971168  0.988396  1.001592      1.0
8         0.323573  0.757915  0.784943  0.815412  0.832386  0.824635  0.857565  0.914823  0.938224  0.971168  0.988396  1.001592      1.0
9         0.323573  0.757915  0.784943  0.815412  0.832386  0.824635  0.857565  0.914823  0.938224  0.971168  0.988396  1.001592      1.0
10        0.323573  0.757915  0.784943  0.815412  0.832386  0.824635  0.857565  0.914823  0.938224  0.971168  0.988396  1.001592      1.0
11        0.323573  0.757915  0.784943  0.815412  0.832386  0.824635  0.857565  0.914823  0.938224  0.971168  0.988396  1.001592      1.0
12        0.325949  0.756904  0.782877  0.810310  0.829323  0.819399  0.851396  0.911448  0.933021  0.969200  0.984216  1.000053      1.0
13        0.325949  0.756904  0.782877  0.810310  0.829323  0.819399  0.851396  0.911448  0.933021  0.969200  0.984216  1.000053      1.0
14        0.325949  0.756904  0.782877  0.810310  0.829323  0.819399  0.851396  0.911448  0.933021  0.969200  0.984216  1.000053      1.0
15        0.325949  0.756904  0.782877  0.810310  0.829323  0.819399  0.851396  0.911448  0.933021  0.969200  0.984216  1.000053      1.0
16        0.319719  0.737646  0.765072  0.792203  0.811746  0.802456  0.835231  0.899249  0.924067  0.964280  0.981354  1.000243      1.0
17        0.289526  0.711666  0.736975  0.757181  0.781985  0.778469  0.811145  0.874556  0.904971  0.953923  0.974346  0.997892      1.0
18        0.289526  0.711666  0.736975  0.757181  0.781985  0.778469  0.811145  0.874556  0.904971  0.953923  0.974346  0.997892      1.0
19        0.289526  0.711666  0.736975  0.757181  0.781985  0.778469  0.811145  0.874556  0.904971  0.953923  0.974346  0.997892      1.0
20        0.289526  0.711666  0.736975  0.757181  0.781985  0.778469  0.811145  0.874556  0.904971  0.953923  0.974346  0.997892      1.0
21             NaN       NaN       NaN       NaN       NaN       NaN       NaN       NaN       NaN       NaN       NaN       NaN      NaN
22        0.289526  0.711666  0.736975  0.757181  0.781985  0.778469  0.811145  0.874556  0.904971  0.953923  0.974346  0.997892      1.0
23        0.289526  0.711666  0.736975  0.757181  0.781985  0.778469  0.811145  0.874556  0.904971  0.953923  0.974346  0.997892      1.0
24        0.289526  0.711666  0.736975  0.757181  0.781985  0.778469  0.811145  0.874556  0.904971  0.953923  0.974346  0.997892      1.0
25        0.289526  0.711666  0.736975  0.757181  0.781985  0.778469  0.811145  0.874556  0.904971  0.953923  0.974346  0.997892      1.0
26        0.289526  0.711666  0.736975  0.757181  0.781985  0.778469  0.811145  0.874556  0.904971  0.953923  0.974346  0.997892      1.0
27        0.286082  0.708765  0.734892  0.754510  0.779633  0.776106  0.809653  0.872400  0.903766  0.953824  0.973684  0.998486      1.0
28        0.286082  0.708765  0.734892  0.754510  0.779633  0.776106  0.809653  0.872400  0.903766  0.953824  0.973684  0.998486      1.0
29        0.295807  0.725211  0.753763  0.770665  0.797702  0.792650  0.826803  0.888086  0.914252  0.957831  0.976925  0.993414      1.0
30        0.291897  0.729657  0.760341  0.793058  0.810758  0.795662  0.830103  0.897486  0.924959  0.964619  0.984056  1.000271      1.0
31        0.260075  0.751048  0.775188  0.821420  0.831430  0.815097  0.851849  0.917328  0.945763  0.972929  0.990939  1.000974      1.0
32        0.268223  0.748074  0.770107  0.809587  0.823040  0.810284  0.847167  0.907604  0.936160  0.965050  0.984969  1.001794      1.0
33        0.268223  0.748074  0.770107  0.809587  0.823040  0.810284  0.847167  0.907604  0.936160  0.965050  0.984969  1.001794      1.0
34        0.268223  0.748074  0.770107  0.809587  0.823040  0.810284  0.847167  0.907604  0.936160  0.965050  0.984969  1.001794      1.0
35        0.268223  0.748074  0.770107  0.809587  0.823040  0.810284  0.847167  0.907604  0.936160  0.965050  0.984969  1.001794      1.0
36        0.268223  0.748074  0.770107  0.809587  0.823040  0.810284  0.847167  0.907604  0.936160  0.965050  0.984969  1.001794      1.0
37        0.272352  0.743893  0.768211  0.800493  0.813081  0.802556  0.838694  0.898821  0.924423  0.957333  0.978386  1.003420      1.0
38        0.272352  0.743893  0.768211  0.800493  0.813081  0.802556  0.838694  0.898821  0.924423  0.957333  0.978386  1.003420      1.0
39        0.272352  0.743893  0.768211  0.800493  0.813081  0.802556  0.838694  0.898821  0.924423  0.957333  0.978386  1.003420      1.0
40        0.272352  0.743893  0.768211  0.800493  0.813081  0.802556  0.838694  0.898821  0.924423  0.957333  0.978386  1.003420      1.0
41        0.272352  0.743893  0.768211  0.800493  0.813081  0.802556  0.838694  0.898821  0.924423  0.957333  0.978386  1.003420      1.0
42        0.279965  0.736008  0.762228  0.784591  0.793820  0.788089  0.823150  0.881730  0.904594  0.943813  0.970260  1.006789      1.0
43        0.262172  0.726842  0.763125  0.771335  0.784299  0.773740  0.810937  0.884043  0.899737  0.937776  0.965886  1.009858      1.0
44        0.262172  0.726842  0.763125  0.771335  0.784299  0.773740  0.810937  0.884043  0.899737  0.937776  0.965886  1.009858      1.0
45        0.262172  0.726842  0.763125  0.771335  0.784299  0.773740  0.810937  0.884043  0.899737  0.937776  0.965886  1.009858      1.0
46        0.262172  0.726842  0.763125  0.771335  0.784299  0.773740  0.810937  0.884043  0.899737  0.937776  0.965886  1.009858      1.0
47        0.273048  0.734318  0.772127  0.778777  0.792600  0.781856  0.820658  0.891925  0.905963  0.943039  0.970663  1.018361      1.0
48        0.271527  0.731977  0.775767  0.778008  0.792242  0.783193  0.820318  0.895405  0.905616  0.943817  0.970748  1.021491      1.0
49        0.260816  0.701710  0.766349  0.743051  0.770233  0.753982  0.802052  0.881307  0.898561  0.942450  0.975385  1.036259      1.0
50        0.262128  0.542823  0.592726  0.580071  0.623915  0.604642  0.687273  0.784026  0.829611  0.905625  0.954870  1.059787      1.0
51        0.262128  0.542823  0.592726  0.580071  0.623915  0.604642  0.687273  0.784026  0.829611  0.905625  0.954870  1.059787      1.0
52        0.262128  0.542823  0.592726  0.580071  0.623915  0.604642  0.687273  0.784026  0.829611  0.905625  0.954870  1.059787      1.0
53        0.262128  0.542823  0.592726  0.580071  0.623915  0.604642  0.687273  0.784026  0.829611  0.905625  0.954870  1.059787      1.0
54        0.262128  0.542823  0.592726  0.580071  0.623915  0.604642  0.687273  0.784026  0.829611  0.905625  0.954870  1.059787      1.0
55        0.262128  0.542823  0.592726  0.580071  0.623915  0.604642  0.687273  0.784026  0.829611  0.905625  0.954870  1.059787      1.0
56        0.262128  0.542823  0.592726  0.580071  0.623915  0.604642  0.687273  0.784026  0.829611  0.905625  0.954870  1.059787      1.0
57             NaN       NaN       NaN       NaN       NaN       NaN       NaN       NaN       NaN       NaN       NaN       NaN      NaN
58        0.262128  0.542823  0.592726  0.580071  0.623915  0.604642  0.687273  0.784026  0.829611  0.905625  0.954870  1.059787      1.0
59        0.262128  0.542823  0.592726  0.580071  0.623915  0.604642  0.687273  0.784026  0.829611  0.905625  0.954870  1.059787      1.0
60        0.262128  0.542823  0.592726  0.580071  0.623915  0.604642  0.687273  0.784026  0.829611  0.905625  0.954870  1.059787      1.0
61        0.262128  0.542823  0.592726  0.580071  0.623915  0.604642  0.687273  0.784026  0.829611  0.905625  0.954870  1.059787      1.0
62        0.262128  0.542823  0.592726  0.580071  0.623915  0.604642  0.687273  0.784026  0.829611  0.905625  0.954870  1.059787      1.0
63        0.262128  0.542823  0.592726  0.580071  0.623915  0.604642  0.687273  0.784026  0.829611  0.905625  0.954870  1.059787      1.0
64        0.262128  0.542823  0.592726  0.580071  0.623915  0.604642  0.687273  0.784026  0.829611  0.905625  0.954870  1.059787      1.0
65        0.262128  0.542823  0.592726  0.580071  0.623915  0.604642  0.687273  0.784026  0.829611  0.905625  0.954870  1.059787      1.0
66        0.262128  0.542823  0.592726  0.580071  0.623915  0.604642  0.687273  0.784026  0.829611  0.905625  0.954870  1.059787      1.0
67             NaN       NaN       NaN       NaN       NaN       NaN       NaN       NaN       NaN       NaN       NaN       NaN      NaN
68        0.191173  0.407777  0.454104  0.441843  0.494566  0.472414  0.565879  0.685715  0.756120  0.856222  0.918545  1.027742      1.0
69        0.191173  0.407777  0.454104  0.441843  0.494566  0.472414  0.565879  0.685715  0.756120  0.856222  0.918545  1.027742      1.0
70        0.191173  0.407777  0.454104  0.441843  0.494566  0.472414  0.565879  0.685715  0.756120  0.856222  0.918545  1.027742      1.0
71        0.191173  0.407777  0.454104  0.441843  0.494566  0.472414  0.565879  0.685715  0.756120  0.856222  0.918545  1.027742      1.0
72        0.191173  0.407777  0.454104  0.441843  0.494566  0.472414  0.565879  0.685715  0.756120  0.856222  0.918545  1.027742      1.0
73        0.191173  0.407777  0.454104  0.441843  0.494566  0.472414  0.565879  0.685715  0.756120  0.856222  0.918545  1.027742      1.0
74        0.191173  0.407777  0.454104  0.441843  0.494566  0.472414  0.565879  0.685715  0.756120  0.856222  0.918545  1.027742      1.0
75        0.191173  0.407777  0.454104  0.441843  0.494566  0.472414  0.565879  0.685715  0.756120  0.856222  0.918545  1.027742      1.0
76        0.191173  0.407777  0.454104  0.441843  0.494566  0.472414  0.565879  0.685715  0.756120  0.856222  0.918545  1.027742      1.0
77        0.191173  0.407777  0.454104  0.441843  0.494566  0.472414  0.565879  0.685715  0.756120  0.856222  0.918545  1.027742      1.0
78        0.191173  0.407777  0.454104  0.441843  0.494566  0.472414  0.565879  0.685715  0.756120  0.856222  0.918545  1.027742      1.0
79        0.191173  0.407777  0.454104  0.441843  0.494566  0.472414  0.565879  0.685715  0.756120  0.856222  0.918545  1.027742      1.0
80        0.191173  0.407777  0.454104  0.441843  0.494566  0.472414  0.565879  0.685715  0.756120  0.856222  0.918545  1.027742      1.0
81        0.191173  0.407777  0.454104  0.441843  0.494566  0.472414  0.565879  0.685715  0.756120  0.856222  0.918545  1.027742      1.0
82        0.191173  0.407777  0.454104  0.441843  0.494566  0.472414  0.565879  0.685715  0.756120  0.856222  0.918545  1.027742      1.0
83        0.191173  0.407777  0.454104  0.441843  0.494566  0.472414  0.565879  0.685715  0.756120  0.856222  0.918545  1.027742      1.0
84        0.170984  0.403769  0.444678  0.437730  0.488478  0.469247  0.560427  0.681365  0.755061  0.851754  0.914216  1.029343      1.0
85        0.206747  0.514955  0.543159  0.528115  0.569468  0.564811  0.642291  0.745400  0.790803  0.879356  0.932367  1.045719      1.0
86        0.225329  0.570305  0.587425  0.571794  0.608515  0.607604  0.679020  0.772047  0.800585  0.878753  0.928308  1.049893      1.0
87        0.230665  0.597779  0.613621  0.601032  0.632948  0.634087  0.696912  0.785696  0.809289  0.870981  0.918991  1.040089      1.0
88        0.230665  0.597779  0.613621  0.601032  0.632948  0.634087  0.696912  0.785696  0.809289  0.870981  0.918991  1.040089      1.0
89        0.230665  0.597779  0.613621  0.601032  0.632948  0.634087  0.696912  0.785696  0.809289  0.870981  0.918991  1.040089      1.0
90        0.230665  0.597779  0.613621  0.601032  0.632948  0.634087  0.696912  0.785696  0.809289  0.870981  0.918991  1.040089      1.0
91             NaN       NaN       NaN       NaN       NaN       NaN       NaN       NaN       NaN       NaN       NaN       NaN      NaN
92        0.230665  0.597779  0.613621  0.601032  0.632948  0.634087  0.696912  0.785696  0.809289  0.870981  0.918991  1.040089      1.0
93        0.230665  0.597779  0.613621  0.601032  0.632948  0.634087  0.696912  0.785696  0.809289  0.870981  0.918991  1.040089      1.0
94        0.230665  0.597779  0.613621  0.601032  0.632948  0.634087  0.696912  0.785696  0.809289  0.870981  0.918991  1.040089      1.0
95        0.230665  0.597779  0.613621  0.601032  0.632948  0.634087  0.696912  0.785696  0.809289  0.870981  0.918991  1.040089      1.0
96        0.230665  0.597779  0.613621  0.601032  0.632948  0.634087  0.696912  0.785696  0.809289  0.870981  0.918991  1.040089      1.0
97        0.230665  0.597779  0.613621  0.601032  0.632948  0.634087  0.696912  0.785696  0.809289  0.870981  0.918991  1.040089      1.0
98        0.230665  0.597779  0.613621  0.601032  0.632948  0.634087  0.696912  0.785696  0.809289  0.870981  0.918991  1.040089      1.0
99        0.243619  0.651523  0.664372  0.661962  0.671123  0.685820  0.735079  0.813840  0.836807  0.867483  0.912088  1.017184      1.0
100       0.302718  0.722425  0.723720  0.748140  0.761177  0.750087  0.787662  0.864583  0.874671  0.919964  0.952545  1.018732      1.0
101       0.293230  0.691395  0.696481  0.725777  0.735306  0.729664  0.764483  0.833773  0.856983  0.903332  0.937537  1.002779      1.0
102       0.293230  0.691395  0.696481  0.725777  0.735306  0.729664  0.764483  0.833773  0.856983  0.903332  0.937537  1.002779      1.0
103       0.293230  0.691395  0.696481  0.725777  0.735306  0.729664  0.764483  0.833773  0.856983  0.903332  0.937537  1.002779      1.0
104       0.262229  0.643178  0.649729  0.675854  0.684203  0.681324  0.723139  0.802887  0.831230  0.888602  0.925331  1.013859      1.0
105       0.262229  0.643178  0.649729  0.675854  0.684203  0.681324  0.723139  0.802887  0.831230  0.888602  0.925331  1.013859      1.0
106       0.262229  0.643178  0.649729  0.675854  0.684203  0.681324  0.723139  0.802887  0.831230  0.888602  0.925331  1.013859      1.0
107       0.251121  0.620498  0.625589  0.652257  0.657147  0.656518  0.701274  0.781257  0.814761  0.875001  0.913437  1.013817      1.0
108       0.235101  0.577170  0.584556  0.614786  0.614791  0.617720  0.665416  0.746327  0.791527  0.856976  0.898474  1.006967      1.0
109       0.203874  0.525079  0.538917  0.568122  0.568278  0.575413  0.624419  0.709363  0.763744  0.837083  0.881248  1.000300      1.0
110       0.203874  0.525079  0.538917  0.568122  0.568278  0.575413  0.624419  0.709363  0.763744  0.837083  0.881248  1.000300      1.0
111            NaN       NaN       NaN       NaN       NaN       NaN       NaN       NaN       NaN       NaN       NaN       NaN      NaN
112       0.241836  0.786099  0.812984  0.767542  0.819191  0.775425  0.858061  0.987277  0.937872  1.000816  1.052224  1.190025      1.0
113       0.241836  0.786099  0.812984  0.767542  0.819191  0.775425  0.858061  0.987277  0.937872  1.000816  1.052224  1.190025      1.0
114       0.248698  0.766470  0.784592  0.754030  0.797975  0.763867  0.834432  0.951720  0.920544  0.988721  1.034748  1.146013      1.0
115       0.245175  0.738102  0.756803  0.733940  0.776008  0.745194  0.806941  0.925214  0.901751  0.968671  1.018953  1.117167      1.0
116       0.245175  0.738102  0.756803  0.733940  0.776008  0.745194  0.806941  0.925214  0.901751  0.968671  1.018953  1.117167      1.0
117       0.230139  0.694555  0.716359  0.703687  0.740184  0.720302  0.776651  0.890093  0.877923  0.946582  0.992378  1.079409      1.0
118       0.230139  0.694555  0.716359  0.703687  0.740184  0.720302  0.776651  0.890093  0.877923  0.946582  0.992378  1.079409      1.0
119       0.230139  0.694555  0.716359  0.703687  0.740184  0.720302  0.776651  0.890093  0.877923  0.946582  0.992378  1.079409      1.0
120       0.221367  0.670812  0.690031  0.686856  0.722965  0.707786  0.753133  0.858763  0.863955  0.935616  0.978404  1.042148      1.0
121       0.227547  0.641153  0.660660  0.666293  0.693222  0.687043  0.725213  0.828813  0.839961  0.914274  0.956266  1.005421      1.0
122       0.227547  0.641153  0.660660  0.666293  0.693222  0.687043  0.725213  0.828813  0.839961  0.914274  0.956266  1.005421      1.0
123            NaN       NaN       NaN       NaN       NaN       NaN       NaN       NaN       NaN       NaN       NaN       NaN      NaN
124       0.423446  0.822057  0.861575  0.881476  0.896451  0.873613  0.905561  0.980762  0.957511  0.984245  1.008159  1.071459      1.0
125       0.416854  0.795249  0.833872  0.848589  0.862667  0.850765  0.894147  0.963678  0.938110  0.964089  0.993126  1.058825      1.0
126       0.416854  0.795249  0.833872  0.848589  0.862667  0.850765  0.894147  0.963678  0.938110  0.964089  0.993126  1.058825      1.0
127       0.416854  0.795249  0.833872  0.848589  0.862667  0.850765  0.894147  0.963678  0.938110  0.964089  0.993126  1.058825      1.0
128       0.416854  0.795249  0.833872  0.848589  0.862667  0.850765  0.894147  0.963678  0.938110  0.964089  0.993126  1.058825      1.0
129       0.416854  0.795249  0.833872  0.848589  0.862667  0.850765  0.894147  0.963678  0.938110  0.964089  0.993126  1.058825      1.0
130       0.416854  0.795249  0.833872  0.848589  0.862667  0.850765  0.894147  0.963678  0.938110  0.964089  0.993126  1.058825      1.0
131       0.396682  0.749318  0.784128  0.789158  0.814725  0.792056  0.844823  0.910419  0.889892  0.920996  0.948772  1.038257      1.0
132       0.303663  0.515860  0.549374  0.563995  0.587541  0.574139  0.649229  0.713440  0.751703  0.794511  0.839515  0.952732      1.0
133       0.284870  0.494836  0.528999  0.535872  0.570984  0.554650  0.630700  0.709936  0.750244  0.808333  0.857853  0.971631      1.0
134       0.284870  0.494836  0.528999  0.535872  0.570984  0.554650  0.630700  0.709936  0.750244  0.808333  0.857853  0.971631      1.0
135       0.284870  0.494836  0.528999  0.535872  0.570984  0.554650  0.630700  0.709936  0.750244  0.808333  0.857853  0.971631      1.0
136       0.284870  0.494836  0.528999  0.535872  0.570984  0.554650  0.630700  0.709936  0.750244  0.808333  0.857853  0.971631      1.0
137       0.284870  0.494836  0.528999  0.535872  0.570984  0.554650  0.630700  0.709936  0.750244  0.808333  0.857853  0.971631      1.0
138       0.284870  0.494836  0.528999  0.535872  0.570984  0.554650  0.630700  0.709936  0.750244  0.808333  0.857853  0.971631      1.0
139       0.284870  0.494836  0.528999  0.535872  0.570984  0.554650  0.630700  0.709936  0.750244  0.808333  0.857853  0.971631      1.0
140       0.284870  0.494836  0.528999  0.535872  0.570984  0.554650  0.630700  0.709936  0.750244  0.808333  0.857853  0.971631      1.0
141       0.284870  0.494836  0.528999  0.535872  0.570984  0.554650  0.630700  0.709936  0.750244  0.808333  0.857853  0.971631      1.0
142       0.284870  0.494836  0.528999  0.535872  0.570984  0.554650  0.630700  0.709936  0.750244  0.808333  0.857853  0.971631      1.0
143       0.284870  0.494836  0.528999  0.535872  0.570984  0.554650  0.630700  0.709936  0.750244  0.808333  0.857853  0.971631      1.0
144       0.284870  0.494836  0.528999  0.535872  0.570984  0.554650  0.630700  0.709936  0.750244  0.808333  0.857853  0.971631      1.0
145       0.284870  0.494836  0.528999  0.535872  0.570984  0.554650  0.630700  0.709936  0.750244  0.808333  0.857853  0.971631      1.0
146       0.284870  0.494836  0.528999  0.535872  0.570984  0.554650  0.630700  0.709936  0.750244  0.808333  0.857853  0.971631      1.0
147       0.284870  0.494836  0.528999  0.535872  0.570984  0.554650  0.630700  0.709936  0.750244  0.808333  0.857853  0.971631      1.0
148       0.306758  0.512626  0.560375  0.567697  0.600417  0.576945  0.648422  0.733548  0.779968  0.832126  0.875588  0.976721      1.0
149       0.306758  0.512626  0.560375  0.567697  0.600417  0.576945  0.648422  0.733548  0.779968  0.832126  0.875588  0.976721      1.0
150       0.306758  0.512626  0.560375  0.567697  0.600417  0.576945  0.648422  0.733548  0.779968  0.832126  0.875588  0.976721      1.0
151            NaN       NaN       NaN       NaN       NaN       NaN       NaN       NaN       NaN       NaN       NaN       NaN      NaN
152       0.306758  0.512626  0.560375  0.567697  0.600417  0.576945  0.648422  0.733548  0.779968  0.832126  0.875588  0.976721      1.0
153       0.306758  0.512626  0.560375  0.567697  0.600417  0.576945  0.648422  0.733548  0.779968  0.832126  0.875588  0.976721      1.0
154       0.333243  0.537363  0.587098  0.599554  0.628446  0.604901  0.672450  0.753973  0.804273  0.846076  0.886182  0.980291      1.0
155       0.333243  0.537363  0.587098  0.599554  0.628446  0.604901  0.672450  0.753973  0.804273  0.846076  0.886182  0.980291      1.0
156       0.333243  0.537363  0.587098  0.599554  0.628446  0.604901  0.672450  0.753973  0.804273  0.846076  0.886182  0.980291      1.0
157       0.333243  0.537363  0.587098  0.599554  0.628446  0.604901  0.672450  0.753973  0.804273  0.846076  0.886182  0.980291      1.0
158       0.333243  0.537363  0.587098  0.599554  0.628446  0.604901  0.672450  0.753973  0.804273  0.846076  0.886182  0.980291      1.0
159       0.312706  0.558904  0.582512  0.601997  0.635722  0.627655  0.692917  0.760723  0.803824  0.845601  0.904249  1.002874      1.0
160       0.312706  0.558904  0.582512  0.601997  0.635722  0.627655  0.692917  0.760723  0.803824  0.845601  0.904249  1.002874      1.0
161       0.312706  0.558904  0.582512  0.601997  0.635722  0.627655  0.692917  0.760723  0.803824  0.845601  0.904249  1.002874      1.0