exposure   0.60      4.98      10.02     20.04     30.00     40.02     60.00     150.00    300.00    600.00    900.00    1200.00   1800.00
r_number                                                                                                                                  
2         0.313219  0.726282  0.748770  0.777339  0.792300  0.784548  0.815428  0.866129  0.888685  0.914311  0.928606  0.939540  0.937206
3         0.302617  0.709027  0.734189  0.762677  0.778524  0.771216  0.801992  0.855343  0.877114  0.907767  0.923703  0.935873  0.934455
4         0.302617  0.709027  0.734189  0.762677  0.778524  0.771216  0.801992  0.855343  0.877114  0.907767  0.923703  0.935873  0.934455
5         0.302617  0.709027  0.734189  0.762677  0.778524  0.771216  0.801992  0.855343  0.877114  0.907767  0.923703  0.935873  0.934455
6         0.302617  0.709027  0.734189  0.762677  0.778524  0.771216  0.801992  0.855343  0.877114  0.907767  0.923703  0.935873  0.934455
7         0.302617  0.709027  0.734189  0.762677  0.778524  0.771216  0.801992  0.855343  0.877114  0.907767  0.923703  0.935873  0.934455
8         0.302617  0.709027  0.734189  0.762677  0.778524  0.771216  0.801992  0.855343  0.877114  0.907767  0.923703  0.935873  0.934455
9         0.302617  0.709027  0.734189  0.762677  0.778524  0.771216  0.801992  0.855343  0.877114  0.907767  0.923703  0.935873  0.934455
10        0.302617  0.709027  0.734189  0.762677  0.778524  0.771216  0.801992  0.855343  0.877114  0.907767  0.923703  0.935873  0.934455
11        0.302617  0.709027  0.734189  0.762677  0.778524  0.771216  0.801992  0.855343  0.877114  0.907767  0.923703  0.935873  0.934455
12        0.307156  0.713184  0.737514  0.763237  0.781201  0.771720  0.801809  0.858321  0.878478  0.912550  0.926463  0.941338  0.941406
13        0.307156  0.713184  0.737514  0.763237  0.781201  0.771720  0.801809  0.858321  0.878478  0.912550  0.926463  0.941338  0.941406
14        0.307156  0.713184  0.737514  0.763237  0.781201  0.771720  0.801809  0.858321  0.878478  0.912550  0.926463  0.941338  0.941406
15        0.307156  0.713184  0.737514  0.763237  0.781201  0.771720  0.801809  0.858321  0.878478  0.912550  0.926463  0.941338  0.941406
16        0.299597  0.691002  0.716571  0.741839  0.760234  0.751379  0.782048  0.842067  0.865200  0.902974  0.918737  0.936460  0.936374
17        0.267205  0.654458  0.677805  0.696674  0.719322  0.715573  0.745751  0.804308  0.832147  0.877165  0.895753  0.917671  0.919432
18        0.267205  0.654458  0.677805  0.696674  0.719322  0.715573  0.745751  0.804308  0.832147  0.877165  0.895753  0.917671  0.919432
19        0.267205  0.654458  0.677805  0.696674  0.719322  0.715573  0.745751  0.804308  0.832147  0.877165  0.895753  0.917671  0.919432
20        0.267205  0.654458  0.677805  0.696674  0.719322  0.715573  0.745751  0.804308  0.832147  0.877165  0.895753  0.917671  0.919432
21             NaN       NaN       NaN       NaN       NaN       NaN       NaN       NaN       NaN       NaN       NaN       NaN       NaN
22        0.267205  0.654458  0.677805  0.696674  0.719322  0.715573  0.745751  0.804308  0.832147  0.877165  0.895753  0.917671  0.919432
23        0.267205  0.654458  0.677805  0.696674  0.719322  0.715573  0.745751  0.804308  0.832147  0.877165  0.895753  0.917671  0.919432
24        0.267205  0.654458  0.677805  0.696674  0.719322  0.715573  0.745751  0.804308  0.832147  0.877165  0.895753  0.917671  0.919432
25        0.267205  0.654458  0.677805  0.696674  0.719322  0.715573  0.745751  0.804308  0.832147  0.877165  0.895753  0.917671  0.919432
26        0.267205  0.654458  0.677805  0.696674  0.719322  0.715573  0.745751  0.804308  0.832147  0.877165  0.895753  0.917671  0.919432
27        0.264085  0.651718  0.675822  0.694172  0.717097  0.713296  0.744283  0.802243  0.830944  0.876976  0.895027  0.918121  0.919320
28        0.264085  0.651718  0.675822  0.694172  0.717097  0.713296  0.744283  0.802243  0.830944  0.876976  0.895027  0.918121  0.919320
29        0.273411  0.666920  0.693285  0.709247  0.733876  0.728479  0.760076  0.816792  0.840670  0.880760  0.898038  0.913598  0.919393
30        0.272608  0.680334  0.708892  0.739161  0.755768  0.741637  0.773725  0.836564  0.862080  0.899173  0.917183  0.932444  0.932241
31        0.240522  0.694923  0.717285  0.760055  0.769308  0.754186  0.788266  0.848837  0.875143  0.900303  0.916990  0.926320  0.925423
32        0.250931  0.699730  0.720319  0.757150  0.769749  0.757868  0.792412  0.848898  0.875583  0.902670  0.921368  0.937245  0.935566
33        0.250931  0.699730  0.720319  0.757150  0.769749  0.757868  0.792412  0.848898  0.875583  0.902670  0.921368  0.937245  0.935566
34        0.250931  0.699730  0.720319  0.757150  0.769749  0.757868  0.792412  0.848898  0.875583  0.902670  0.921368  0.937245  0.935566
35        0.250931  0.699730  0.720319  0.757150  0.769749  0.757868  0.792412  0.848898  0.875583  0.902670  0.921368  0.937245  0.935566
36        0.250931  0.699730  0.720319  0.757150  0.769749  0.757868  0.792412  0.848898  0.875583  0.902670  0.921368  0.937245  0.935566
37        0.255196  0.696825  0.719636  0.749766  0.761560  0.751792  0.785647  0.841947  0.865858  0.896788  0.916539  0.940148  0.936956
38        0.255196  0.696825  0.719636  0.749766  0.761560  0.751792  0.785647  0.841947  0.865858  0.896788  0.916539  0.940148  0.936956
39        0.255196  0.696825  0.719636  0.749766  0.761560  0.751792  0.785647  0.841947  0.865858  0.896788  0.916539  0.940148  0.936956
40        0.255196  0.696825  0.719636  0.749766  0.761560  0.751792  0.785647  0.841947  0.865858  0.896788  0.916539  0.940148  0.936956
41        0.255196  0.696825  0.719636  0.749766  0.761560  0.751792  0.785647  0.841947  0.865858  0.896788  0.916539  0.940148  0.936956
42        0.264122  0.694454  0.719207  0.740300  0.749025  0.743707  0.776749  0.832043  0.853522  0.890608  0.915530  0.950048  0.943719
43        0.246259  0.682535  0.716686  0.724362  0.736557  0.726712  0.761599  0.830159  0.844926  0.880731  0.907111  0.948324  0.939187
44        0.246259  0.682535  0.716686  0.724362  0.736557  0.726712  0.761599  0.830159  0.844926  0.880731  0.907111  0.948324  0.939187
45        0.246259  0.682535  0.716686  0.724362  0.736557  0.726712  0.761599  0.830159  0.844926  0.880731  0.907111  0.948324  0.939187
46        0.246259  0.682535  0.716686  0.724362  0.736557  0.726712  0.761599  0.830159  0.844926  0.880731  0.907111  0.948324  0.939187
47        0.254325  0.685252  0.720533  0.726817  0.739687  0.729731  0.765821  0.832414  0.845662  0.880429  0.906243  0.950464  0.933998
48        0.252137  0.681333  0.722176  0.724276  0.737493  0.729168  0.763551  0.833595  0.843257  0.879040  0.904157  0.951081  0.931850
49        0.238129  0.640485  0.699978  0.678373  0.702466  0.687702  0.730281  0.802033  0.816713  0.855851  0.885215  0.938664  0.907675
50        0.216907  0.446765  0.487396  0.477141  0.512020  0.496598  0.562765  0.639623  0.674901  0.734940  0.773930  0.858445  0.808325
51        0.216907  0.446765  0.487396  0.477141  0.512020  0.496598  0.562765  0.639623  0.674901  0.734940  0.773930  0.858445  0.808325
52        0.216907  0.446765  0.487396  0.477141  0.512020  0.496598  0.562765  0.639623  0.674901  0.734940  0.773930  0.858445  0.808325
53        0.216907  0.446765  0.487396  0.477141  0.512020  0.496598  0.562765  0.639623  0.674901  0.734940  0.773930  0.858445  0.808325
54        0.216907  0.446765  0.487396  0.477141  0.512020  0.496598  0.562765  0.639623  0.674901  0.734940  0.773930  0.858445  0.808325
55        0.216907  0.446765  0.487396  0.477141  0.512020  0.496598  0.562765  0.639623  0.674901  0.734940  0.773930  0.858445  0.808325
56        0.216907  0.446765  0.487396  0.477141  0.512020  0.496598  0.562765  0.639623  0.674901  0.734940  0.773930  0.858445  0.808325
57             NaN       NaN       NaN       NaN       NaN       NaN       NaN       NaN       NaN       NaN       NaN       NaN       NaN
58        0.216907  0.446765  0.487396  0.477141  0.512020  0.496598  0.562765  0.639623  0.674901  0.734940  0.773930  0.858445  0.808325
59        0.216907  0.446765  0.487396  0.477141  0.512020  0.496598  0.562765  0.639623  0.674901  0.734940  0.773930  0.858445  0.808325
60        0.216907  0.446765  0.487396  0.477141  0.512020  0.496598  0.562765  0.639623  0.674901  0.734940  0.773930  0.858445  0.808325
61        0.216907  0.446765  0.487396  0.477141  0.512020  0.496598  0.562765  0.639623  0.674901  0.734940  0.773930  0.858445  0.808325
62        0.216907  0.446765  0.487396  0.477141  0.512020  0.496598  0.562765  0.639623  0.674901  0.734940  0.773930  0.858445  0.808325
63        0.216907  0.446765  0.487396  0.477141  0.512020  0.496598  0.562765  0.639623  0.674901  0.734940  0.773930  0.858445  0.808325
64        0.216907  0.446765  0.487396  0.477141  0.512020  0.496598  0.562765  0.639623  0.674901  0.734940  0.773930  0.858445  0.808325
65        0.216907  0.446765  0.487396  0.477141  0.512020  0.496598  0.562765  0.639623  0.674901  0.734940  0.773930  0.858445  0.808325
66        0.216907  0.446765  0.487396  0.477141  0.512020  0.496598  0.562765  0.639623  0.674901  0.734940  0.773930  0.858445  0.808325
67             NaN       NaN       NaN       NaN       NaN       NaN       NaN       NaN       NaN       NaN       NaN       NaN       NaN
68        0.150532  0.318488  0.354783  0.345205  0.386313  0.368998  0.441994  0.535569  0.590374  0.668547  0.717139  0.802340  0.780808
69        0.150532  0.318488  0.354783  0.345205  0.386313  0.368998  0.441994  0.535569  0.590374  0.668547  0.717139  0.802340  0.780808
70        0.150532  0.318488  0.354783  0.345205  0.386313  0.368998  0.441994  0.535569  0.590374  0.668547  0.717139  0.802340  0.780808
71        0.150532  0.318488  0.354783  0.345205  0.386313  0.368998  0.441994  0.535569  0.590374  0.668547  0.717139  0.802340  0.780808
72        0.150532  0.318488  0.354783  0.345205  0.386313  0.368998  0.441994  0.535569  0.590374  0.668547  0.717139  0.802340  0.780808
73        0.150532  0.318488  0.354783  0.345205  0.386313  0.368998  0.441994  0.535569  0.590374  0.668547  0.717139  0.802340  0.780808
74        0.150532  0.318488  0.354783  0.345205  0.386313  0.368998  0.441994  0.535569  0.590374  0.668547  0.717139  0.802340  0.780808
75        0.150532  0.318488  0.354783  0.345205  0.386313  0.368998  0.441994  0.535569  0.590374  0.668547  0.717139  0.802340  0.780808
76        0.150532  0.318488  0.354783  0.345205  0.386313  0.368998  0.441994  0.535569  0.590374  0.668547  0.717139  0.802340  0.780808
77        0.150532  0.318488  0.354783  0.345205  0.386313  0.368998  0.441994  0.535569  0.590374  0.668547  0.717139  0.802340  0.780808
78        0.150532  0.318488  0.354783  0.345205  0.386313  0.368998  0.441994  0.535569  0.590374  0.668547  0.717139  0.802340  0.780808
79        0.150532  0.318488  0.354783  0.345205  0.386313  0.368998  0.441994  0.535569  0.590374  0.668547  0.717139  0.802340  0.780808
80        0.150532  0.318488  0.354783  0.345205  0.386313  0.368998  0.441994  0.535569  0.590374  0.668547  0.717139  0.802340  0.780808
81        0.150532  0.318488  0.354783  0.345205  0.386313  0.368998  0.441994  0.535569  0.590374  0.668547  0.717139  0.802340  0.780808
82        0.150532  0.318488  0.354783  0.345205  0.386313  0.368998  0.441994  0.535569  0.590374  0.668547  0.717139  0.802340  0.780808
83        0.150532  0.318488  0.354783  0.345205  0.386313  0.368998  0.441994  0.535569  0.590374  0.668547  0.717139  0.802340  0.780808
84        0.134668  0.314387  0.346353  0.340984  0.380388  0.365419  0.436397  0.530553  0.587716  0.662969  0.711493  0.801074  0.778399
85        0.172843  0.427212  0.450216  0.437559  0.471212  0.467730  0.531221  0.615423  0.651569  0.724083  0.767167  0.860370  0.822452
86        0.194519  0.488159  0.502483  0.489131  0.520075  0.519550  0.580061  0.658887  0.682277  0.748505  0.790426  0.894087  0.851528
87        0.202705  0.523441  0.537092  0.526197  0.553662  0.554895  0.609326  0.686445  0.706479  0.759683  0.801374  0.906964  0.872246
88        0.202705  0.523441  0.537092  0.526197  0.553662  0.554895  0.609326  0.686445  0.706479  0.759683  0.801374  0.906964  0.872246
89        0.202705  0.523441  0.537092  0.526197  0.553662  0.554895  0.609326  0.686445  0.706479  0.759683  0.801374  0.906964  0.872246
90        0.202705  0.523441  0.537092  0.526197  0.553662  0.554895  0.609326  0.686445  0.706479  0.759683  0.801374  0.906964  0.872246
91             NaN       NaN       NaN       NaN       NaN       NaN       NaN       NaN       NaN       NaN       NaN       NaN       NaN
92        0.202705  0.523441  0.537092  0.526197  0.553662  0.554895  0.609326  0.686445  0.706479  0.759683  0.801374  0.906964  0.872246
93        0.202705  0.523441  0.537092  0.526197  0.553662  0.554895  0.609326  0.686445  0.706479  0.759683  0.801374  0.906964  0.872246
94        0.202705  0.523441  0.537092  0.526197  0.553662  0.554895  0.609326  0.686445  0.706479  0.759683  0.801374  0.906964  0.872246
95        0.202705  0.523441  0.537092  0.526197  0.553662  0.554895  0.609326  0.686445  0.706479  0.759683  0.801374  0.906964  0.872246
96        0.202705  0.523441  0.537092  0.526197  0.553662  0.554895  0.609326  0.686445  0.706479  0.759683  0.801374  0.906964  0.872246
97        0.202705  0.523441  0.537092  0.526197  0.553662  0.554895  0.609326  0.686445  0.706479  0.759683  0.801374  0.906964  0.872246
98        0.202705  0.523441  0.537092  0.526197  0.553662  0.554895  0.609326  0.686445  0.706479  0.759683  0.801374  0.906964  0.872246
99        0.220944  0.590881  0.602535  0.600349  0.608657  0.621986  0.666660  0.738091  0.758920  0.786741  0.827194  0.922508  0.906923
100       0.284260  0.678639  0.679863  0.702813  0.715006  0.704591  0.740007  0.812411  0.821993  0.864648  0.895362  0.957859  0.940418
101       0.275763  0.650361  0.655181  0.682793  0.691689  0.686423  0.719264  0.784527  0.806553  0.850263  0.882551  0.944201  0.941834
102       0.275763  0.650361  0.655181  0.682793  0.691689  0.686423  0.719264  0.784527  0.806553  0.850263  0.882551  0.944201  0.941834
103       0.275763  0.650361  0.655181  0.682793  0.691689  0.686423  0.719264  0.784527  0.806553  0.850263  0.882551  0.944201  0.941834
104       0.243283  0.594164  0.600057  0.624351  0.632063  0.629192  0.666919  0.739082  0.764723  0.816342  0.849856  0.928992  0.917548
105       0.243283  0.594164  0.600057  0.624351  0.632063  0.629192  0.666919  0.739082  0.764723  0.816342  0.849856  0.928992  0.917548
106       0.243283  0.594164  0.600057  0.624351  0.632063  0.629192  0.666919  0.739082  0.764723  0.816342  0.849856  0.928992  0.917548
107       0.233456  0.573631  0.578142  0.602991  0.607520  0.606668  0.646903  0.718951  0.749228  0.803177  0.838180  0.927625  0.916553
108       0.217034  0.528602  0.535200  0.563307  0.563180  0.565626  0.608039  0.679920  0.720866  0.778873  0.816381  0.911925  0.907909
109       0.187813  0.478231  0.490726  0.517914  0.517883  0.524137  0.567168  0.641753  0.690894  0.755332  0.794996  0.898659  0.901635
110       0.187813  0.478231  0.490726  0.517914  0.517883  0.524137  0.567168  0.641753  0.690894  0.755332  0.794996  0.898659  0.901635
111            NaN       NaN       NaN       NaN       NaN       NaN       NaN       NaN       NaN       NaN       NaN       NaN       NaN
112       0.213425  0.693368  0.717081  0.677083  0.722625  0.684066  0.756769  0.870682  0.827344  0.882991  0.928304  1.049386  0.882449
113       0.213425  0.693368  0.717081  0.677083  0.722625  0.684066  0.756769  0.870682  0.827344  0.882991  0.928304  1.049386  0.882449
114       0.221738  0.682090  0.698008  0.671227  0.710158  0.680059  0.742460  0.846568  0.819439  0.880380  0.921212  1.019288  0.890861
115       0.219284  0.658970  0.675518  0.655511  0.692928  0.665639  0.720384  0.825832  0.805443  0.865414  0.910278  0.997123  0.893977
116       0.219284  0.658970  0.675518  0.655511  0.692928  0.665639  0.720384  0.825832  0.805443  0.865414  0.910278  0.997123  0.893977
117       0.209705  0.632101  0.652162  0.641638  0.674501  0.657296  0.708145  0.811443  0.801580  0.864687  0.906223  0.984356  0.915644
118       0.209705  0.632101  0.652162  0.641638  0.674501  0.657296  0.708145  0.811443  0.801580  0.864687  0.906223  0.984356  0.915644
119       0.209705  0.632101  0.652162  0.641638  0.674501  0.657296  0.708145  0.811443  0.801580  0.864687  0.906223  0.984356  0.915644
120       0.203827  0.616584  0.634596  0.632481  0.665208  0.652145  0.693716  0.791056  0.796519  0.862894  0.902119  0.960340  0.924319
121       0.211320  0.596498  0.615012  0.620797  0.645669  0.640586  0.676227  0.772781  0.783683  0.853146  0.892030  0.937907  0.934420
122       0.211320  0.596498  0.615012  0.620797  0.645669  0.640586  0.676227  0.772781  0.783683  0.853146  0.892030  0.937907  0.934420
123            NaN       NaN       NaN       NaN       NaN       NaN       NaN       NaN       NaN       NaN       NaN       NaN       NaN
124       0.386487  0.749826  0.785682  0.803585  0.817480  0.796695  0.826044  0.894510  0.873144  0.897517  0.919121  0.977348  0.912587
125       0.382174  0.728988  0.764310  0.777553  0.790713  0.779578  0.819540  0.883214  0.859691  0.883572  0.910104  0.970867  0.917156
126       0.382174  0.728988  0.764310  0.777553  0.790713  0.779578  0.819540  0.883214  0.859691  0.883572  0.910104  0.970867  0.917156
127       0.382174  0.728988  0.764310  0.777553  0.790713  0.779578  0.819540  0.883214  0.859691  0.883572  0.910104  0.970867  0.917156
128       0.382174  0.728988  0.764310  0.777553  0.790713  0.779578  0.819540  0.883214  0.859691  0.883572  0.910104  0.970867  0.917156
129       0.382174  0.728988  0.764310  0.777553  0.790713  0.779578  0.819540  0.883214  0.859691  0.883572  0.910104  0.970867  0.917156
130       0.382174  0.728988  0.764310  0.777553  0.790713  0.779578  0.819540  0.883214  0.859691  0.883572  0.910104  0.970867  0.917156
131       0.372525  0.703915  0.736546  0.741207  0.765187  0.743873  0.793256  0.854783  0.835226  0.864308  0.890228  0.974123  0.937796
132       0.279319  0.474421  0.505210  0.518649  0.540308  0.527983  0.597090  0.656202  0.691416  0.730803  0.772128  0.876444  0.919991
133       0.258325  0.448786  0.479811  0.486041  0.517839  0.503004  0.572050  0.643941  0.680507  0.733212  0.778059  0.881481  0.907529
134       0.258325  0.448786  0.479811  0.486041  0.517839  0.503004  0.572050  0.643941  0.680507  0.733212  0.778059  0.881481  0.907529
135       0.258325  0.448786  0.479811  0.486041  0.517839  0.503004  0.572050  0.643941  0.680507  0.733212  0.778059  0.881481  0.907529
136       0.258325  0.448786  0.479811  0.486041  0.517839  0.503004  0.572050  0.643941  0.680507  0.733212  0.778059  0.881481  0.907529
137       0.258325  0.448786  0.479811  0.486041  0.517839  0.503004  0.572050  0.643941  0.680507  0.733212  0.778059  0.881481  0.907529
138       0.258325  0.448786  0.479811  0.486041  0.517839  0.503004  0.572050  0.643941  0.680507  0.733212  0.778059  0.881481  0.907529
139       0.258325  0.448786  0.479811  0.486041  0.517839  0.503004  0.572050  0.643941  0.680507  0.733212  0.778059  0.881481  0.907529
140       0.258325  0.448786  0.479811  0.486041  0.517839  0.503004  0.572050  0.643941  0.680507  0.733212  0.778059  0.881481  0.907529
141       0.258325  0.448786  0.479811  0.486041  0.517839  0.503004  0.572050  0.643941  0.680507  0.733212  0.778059  0.881481  0.907529
142       0.258325  0.448786  0.479811  0.486041  0.517839  0.503004  0.572050  0.643941  0.680507  0.733212  0.778059  0.881481  0.907529
143       0.258325  0.448786  0.479811  0.486041  0.517839  0.503004  0.572050  0.643941  0.680507  0.733212  0.778059  0.881481  0.907529
144       0.258325  0.448786  0.479811  0.486041  0.517839  0.503004  0.572050  0.643941  0.680507  0.733212  0.778059  0.881481  0.907529
145       0.258325  0.448786  0.479811  0.486041  0.517839  0.503004  0.572050  0.643941  0.680507  0.733212  0.778059  0.881481  0.907529
146       0.258325  0.448786  0.479811  0.486041  0.517839  0.503004  0.572050  0.643941  0.680507  0.733212  0.778059  0.881481  0.907529
147       0.258325  0.448786  0.479811  0.486041  0.517839  0.503004  0.572050  0.643941  0.680507  0.733212  0.778059  0.881481  0.907529
148       0.273452  0.457582  0.499868  0.506396  0.535678  0.514904  0.578973  0.654889  0.696194  0.743002  0.781983  0.872912  0.894094
149       0.273452  0.457582  0.499868  0.506396  0.535678  0.514904  0.578973  0.654889  0.696194  0.743002  0.781983  0.872912  0.894094
150       0.273452  0.457582  0.499868  0.506396  0.535678  0.514904  0.578973  0.654889  0.696194  0.743002  0.781983  0.872912  0.894094
151            NaN       NaN       NaN       NaN       NaN       NaN       NaN       NaN       NaN       NaN       NaN       NaN       NaN
152       0.273452  0.457582  0.499868  0.506396  0.535678  0.514904  0.578973  0.654889  0.696194  0.743002  0.781983  0.872912  0.894094
153       0.273452  0.457582  0.499868  0.506396  0.535678  0.514904  0.578973  0.654889  0.696194  0.743002  0.781983  0.872912  0.894094
154       0.294839  0.475633  0.519207  0.530361  0.555895  0.535315  0.595236  0.667117  0.711544  0.748517  0.784092  0.867939  0.885763
155       0.294839  0.475633  0.519207  0.530361  0.555895  0.535315  0.595236  0.667117  0.711544  0.748517  0.784092  0.867939  0.885763
156       0.294839  0.475633  0.519207  0.530361  0.555895  0.535315  0.595236  0.667117  0.711544  0.748517  0.784092  0.867939  0.885763
157       0.294839  0.475633  0.519207  0.530361  0.555895  0.535315  0.595236  0.667117  0.711544  0.748517  0.784092  0.867939  0.885763
158       0.294839  0.475633  0.519207  0.530361  0.555895  0.535315  0.595236  0.667117  0.711544  0.748517  0.784092  0.867939  0.885763
159       0.277484  0.495952  0.516901  0.534191  0.564118  0.556960  0.614870  0.675039  0.713286  0.750358  0.802400  0.889916  0.887366
160       0.277484  0.495952  0.516901  0.534191  0.564118  0.556960  0.614870  0.675039  0.713286  0.750358  0.802400  0.889916  0.887366
161       0.277484  0.495952  0.516901  0.534191  0.564118  0.556960  0.614870  0.675039  0.713286  0.750358  0.802400  0.889916  0.887366