exposure   0.60      4.98      10.02     19.98     30.00     40.02     60.00     150.00    300.00    600.00    900.00    1200.00   1800.00
r_number                                                                                                                                  
2         0.044914  0.038719  0.031718  0.023583  0.017963  0.009297  0.013835  0.012539  0.008459  0.005646  0.003348  0.006615  0.005329
3         0.040902  0.035303  0.028793  0.021436  0.016308  0.008435  0.012783  0.011508  0.007675  0.005142  0.003118  0.006048  0.005024
4         0.040902  0.035303  0.028793  0.021436  0.016308  0.008435  0.012783  0.011508  0.007675  0.005142  0.003118  0.006048  0.005024
5         0.040902  0.035303  0.028793  0.021436  0.016308  0.008435  0.012783  0.011508  0.007675  0.005142  0.003118  0.006048  0.005024
6         0.040902  0.035303  0.028793  0.021436  0.016308  0.008435  0.012783  0.011508  0.007675  0.005142  0.003118  0.006048  0.005024
7         0.040902  0.035303  0.028793  0.021436  0.016308  0.008435  0.012783  0.011508  0.007675  0.005142  0.003118  0.006048  0.005024
8         0.040902  0.035303  0.028793  0.021436  0.016308  0.008435  0.012783  0.011508  0.007675  0.005142  0.003118  0.006048  0.005024
9         0.040902  0.035303  0.028793  0.021436  0.016308  0.008435  0.012783  0.011508  0.007675  0.005142  0.003118  0.006048  0.005024
10        0.040902  0.035303  0.028793  0.021436  0.016308  0.008435  0.012783  0.011508  0.007675  0.005142  0.003118  0.006048  0.005024
11        0.040902  0.035303  0.028793  0.021436  0.016308  0.008435  0.012783  0.011508  0.007675  0.005142  0.003118  0.006048  0.005024
12        0.040902  0.035303  0.028793  0.021436  0.016308  0.008435  0.012783  0.011508  0.007675  0.005142  0.003118  0.006048  0.005024
13        0.040902  0.035303  0.028793  0.021436  0.016308  0.008435  0.012783  0.011508  0.007675  0.005142  0.003118  0.006048  0.005024
14        0.040902  0.035303  0.028793  0.021436  0.016308  0.008435  0.012783  0.011508  0.007675  0.005142  0.003118  0.006048  0.005024
15        0.040902  0.035303  0.028793  0.021436  0.016308  0.008435  0.012783  0.011508  0.007675  0.005142  0.003118  0.006048  0.005024
16        0.041979  0.037529  0.032612  0.024001  0.018441  0.009249  0.013622  0.012851  0.009064  0.006138  0.003594  0.007055  0.005559
17        0.030578  0.032336  0.037169  0.022514  0.012015  0.009451  0.014810  0.009246  0.007498  0.004786  0.003065  0.006427  0.007012
18        0.030578  0.032336  0.037169  0.022514  0.012015  0.009451  0.014810  0.009246  0.007498  0.004786  0.003065  0.006427  0.007012
19        0.030578  0.032336  0.037169  0.022514  0.012015  0.009451  0.014810  0.009246  0.007498  0.004786  0.003065  0.006427  0.007012
20        0.030578  0.032336  0.037169  0.022514  0.012015  0.009451  0.014810  0.009246  0.007498  0.004786  0.003065  0.006427  0.007012
21             NaN       NaN       NaN       NaN       NaN       NaN       NaN       NaN       NaN       NaN       NaN       NaN       NaN
22        0.030578  0.032336  0.037169  0.022514  0.012015  0.009451  0.014810  0.009246  0.007498  0.004786  0.003065  0.006427  0.007012
23        0.030578  0.032336  0.037169  0.022514  0.012015  0.009451  0.014810  0.009246  0.007498  0.004786  0.003065  0.006427  0.007012
24        0.030578  0.032336  0.037169  0.022514  0.012015  0.009451  0.014810  0.009246  0.007498  0.004786  0.003065  0.006427  0.007012
25        0.030578  0.032336  0.037169  0.022514  0.012015  0.009451  0.014810  0.009246  0.007498  0.004786  0.003065  0.006427  0.007012
26        0.030578  0.032336  0.037169  0.022514  0.012015  0.009451  0.014810  0.009246  0.007498  0.004786  0.003065  0.006427  0.007012
27        0.031290  0.034923  0.039914  0.023275  0.011612  0.010056  0.016108  0.009417  0.007386  0.003235  0.003325  0.007039  0.007647
28        0.031835  0.034349  0.042578  0.024058  0.011863  0.010054  0.017569  0.010036  0.007965  0.003216  0.003688  0.007774  0.008504
29        0.033468  0.026614  0.027280  0.015658  0.009328  0.008924  0.021897  0.006978  0.009062  0.004698  0.004094  0.007129  0.007593
30        0.021211  0.015588  0.010602  0.017451  0.009172  0.008154  0.025877  0.008060  0.008303  0.004315  0.004278  0.007627  0.008884
31        0.039702  0.026552  0.013187  0.028467  0.011634  0.009284  0.033694  0.014457  0.012880  0.011279  0.007412  0.006498  0.014988
32        0.024136  0.013234  0.009809  0.018086  0.007665  0.007079  0.019204  0.009053  0.008845  0.005783  0.004975  0.004694  0.008719
33        0.019026  0.018023  0.020051  0.014806  0.013076  0.006080  0.014884  0.012220  0.010139  0.005988  0.010787  0.008553  0.006869
34        0.019026  0.018023  0.020051  0.014806  0.013076  0.006080  0.014884  0.012220  0.010139  0.005988  0.010787  0.008553  0.006869
35        0.019026  0.018023  0.020051  0.014806  0.013076  0.006080  0.014884  0.012220  0.010139  0.005988  0.010787  0.008553  0.006869
36        0.019026  0.018023  0.020051  0.014806  0.013076  0.006080  0.014884  0.012220  0.010139  0.005988  0.010787  0.008553  0.006869
37        0.023544  0.024477  0.025745  0.017201  0.011304  0.007092  0.013997  0.009451  0.008491  0.005254  0.008943  0.006748  0.006412
38        0.023544  0.024477  0.025745  0.017201  0.011304  0.007092  0.013997  0.009451  0.008491  0.005254  0.008943  0.006748  0.006412
39        0.023544  0.024477  0.025745  0.017201  0.011304  0.007092  0.013997  0.009451  0.008491  0.005254  0.008943  0.006748  0.006412
40        0.023544  0.024477  0.025745  0.017201  0.011304  0.007092  0.013997  0.009451  0.008491  0.005254  0.008943  0.006748  0.006412
41        0.023544  0.024477  0.025745  0.017201  0.011304  0.007092  0.013997  0.009451  0.008491  0.005254  0.008943  0.006748  0.006412
42        0.043040  0.043996  0.045650  0.030490  0.014031  0.013290  0.023438  0.007643  0.010342  0.007438  0.009475  0.006397  0.009743
43        0.040194  0.034668  0.036085  0.028485  0.011526  0.022254  0.025048  0.011379  0.010438  0.008368  0.011399  0.009688  0.014797
44        0.040194  0.034668  0.036085  0.028485  0.011526  0.022254  0.025048  0.011379  0.010438  0.008368  0.011399  0.009688  0.014797
45        0.040194  0.034668  0.036085  0.028485  0.011526  0.022254  0.025048  0.011379  0.010438  0.008368  0.011399  0.009688  0.014797
46        0.040194  0.034668  0.036085  0.028485  0.011526  0.022254  0.025048  0.011379  0.010438  0.008368  0.011399  0.009688  0.014797
47        0.040194  0.034668  0.036085  0.028485  0.011526  0.022254  0.025048  0.011379  0.010438  0.008368  0.011399  0.009688  0.014797
48        0.049710  0.042478  0.044471  0.035529  0.013275  0.028729  0.032128  0.014561  0.013222  0.010941  0.015186  0.012728  0.019281
49        0.090457  0.077417  0.075112  0.051683  0.022647  0.063921  0.062971  0.029798  0.024657  0.016766  0.032242  0.023464  0.042352
50        0.027913  0.054319  0.052170  0.035115  0.013410  0.027091  0.030448  0.017747  0.007693  0.005372  0.005599  0.012680  0.014960
51        0.027913  0.054319  0.052170  0.035115  0.013410  0.027091  0.030448  0.017747  0.007693  0.005372  0.005599  0.012680  0.014960
52        0.027913  0.054319  0.052170  0.035115  0.013410  0.027091  0.030448  0.017747  0.007693  0.005372  0.005599  0.012680  0.014960
53        0.027913  0.054319  0.052170  0.035115  0.013410  0.027091  0.030448  0.017747  0.007693  0.005372  0.005599  0.012680  0.014960
54        0.027913  0.054319  0.052170  0.035115  0.013410  0.027091  0.030448  0.017747  0.007693  0.005372  0.005599  0.012680  0.014960
55        0.027913  0.054319  0.052170  0.035115  0.013410  0.027091  0.030448  0.017747  0.007693  0.005372  0.005599  0.012680  0.014960
56        0.027913  0.054319  0.052170  0.035115  0.013410  0.027091  0.030448  0.017747  0.007693  0.005372  0.005599  0.012680  0.014960
57             NaN       NaN       NaN       NaN       NaN       NaN       NaN       NaN       NaN       NaN       NaN       NaN       NaN
58        0.027913  0.054319  0.052170  0.035115  0.013410  0.027091  0.030448  0.017747  0.007693  0.005372  0.005599  0.012680  0.014960
59        0.027913  0.054319  0.052170  0.035115  0.013410  0.027091  0.030448  0.017747  0.007693  0.005372  0.005599  0.012680  0.014960
60        0.027913  0.054319  0.052170  0.035115  0.013410  0.027091  0.030448  0.017747  0.007693  0.005372  0.005599  0.012680  0.014960
61        0.027913  0.054319  0.052170  0.035115  0.013410  0.027091  0.030448  0.017747  0.007693  0.005372  0.005599  0.012680  0.014960
62        0.027913  0.054319  0.052170  0.035115  0.013410  0.027091  0.030448  0.017747  0.007693  0.005372  0.005599  0.012680  0.014960
63        0.027913  0.054319  0.052170  0.035115  0.013410  0.027091  0.030448  0.017747  0.007693  0.005372  0.005599  0.012680  0.014960
64        0.027913  0.054319  0.052170  0.035115  0.013410  0.027091  0.030448  0.017747  0.007693  0.005372  0.005599  0.012680  0.014960
65        0.027913  0.054319  0.052170  0.035115  0.013410  0.027091  0.030448  0.017747  0.007693  0.005372  0.005599  0.012680  0.014960
66        0.027913  0.054319  0.052170  0.035115  0.013410  0.027091  0.030448  0.017747  0.007693  0.005372  0.005599  0.012680  0.014960
67             NaN       NaN       NaN       NaN       NaN       NaN       NaN       NaN       NaN       NaN       NaN       NaN       NaN
68        0.027913  0.054319  0.052170  0.035115  0.013410  0.027091  0.030448  0.017747  0.007693  0.005372  0.005599  0.012680  0.014960
69        0.027913  0.054319  0.052170  0.035115  0.013410  0.027091  0.030448  0.017747  0.007693  0.005372  0.005599  0.012680  0.014960
70        0.027913  0.054319  0.052170  0.035115  0.013410  0.027091  0.030448  0.017747  0.007693  0.005372  0.005599  0.012680  0.014960
71        0.027913  0.054319  0.052170  0.035115  0.013410  0.027091  0.030448  0.017747  0.007693  0.005372  0.005599  0.012680  0.014960
72        0.027913  0.054319  0.052170  0.035115  0.013410  0.027091  0.030448  0.017747  0.007693  0.005372  0.005599  0.012680  0.014960
73        0.027913  0.054319  0.052170  0.035115  0.013410  0.027091  0.030448  0.017747  0.007693  0.005372  0.005599  0.012680  0.014960
74        0.027913  0.054319  0.052170  0.035115  0.013410  0.027091  0.030448  0.017747  0.007693  0.005372  0.005599  0.012680  0.014960
75        0.027913  0.054319  0.052170  0.035115  0.013410  0.027091  0.030448  0.017747  0.007693  0.005372  0.005599  0.012680  0.014960
76        0.027913  0.054319  0.052170  0.035115  0.013410  0.027091  0.030448  0.017747  0.007693  0.005372  0.005599  0.012680  0.014960
77        0.027913  0.054319  0.052170  0.035115  0.013410  0.027091  0.030448  0.017747  0.007693  0.005372  0.005599  0.012680  0.014960
78        0.027913  0.054319  0.052170  0.035115  0.013410  0.027091  0.030448  0.017747  0.007693  0.005372  0.005599  0.012680  0.014960
79        0.027913  0.054319  0.052170  0.035115  0.013410  0.027091  0.030448  0.017747  0.007693  0.005372  0.005599  0.012680  0.014960
80        0.027913  0.054319  0.052170  0.035115  0.013410  0.027091  0.030448  0.017747  0.007693  0.005372  0.005599  0.012680  0.014960
81        0.027913  0.054319  0.052170  0.035115  0.013410  0.027091  0.030448  0.017747  0.007693  0.005372  0.005599  0.012680  0.014960
82        0.027913  0.054319  0.052170  0.035115  0.013410  0.027091  0.030448  0.017747  0.007693  0.005372  0.005599  0.012680  0.014960
83        0.027913  0.054319  0.052170  0.035115  0.013410  0.027091  0.030448  0.017747  0.007693  0.005372  0.005599  0.012680  0.014960
84        0.040434  0.068233  0.066105  0.042835  0.017035  0.031806  0.038444  0.021927  0.008902  0.006441  0.007899  0.017257  0.018579
85        0.093068  0.073154  0.070005  0.065415  0.030742  0.056426  0.049888  0.041074  0.019443  0.017217  0.014280  0.022911  0.027830
86        0.093599  0.062797  0.058698  0.066702  0.028978  0.051747  0.052064  0.038389  0.024238  0.017339  0.016754  0.019883  0.039430
87        0.066663  0.043683  0.037033  0.048219  0.019596  0.035065  0.034223  0.026743  0.017131  0.011372  0.010959  0.015829  0.027048
88        0.066663  0.043683  0.037033  0.048219  0.019596  0.035065  0.034223  0.026743  0.017131  0.011372  0.010959  0.015829  0.027048
89        0.066663  0.043683  0.037033  0.048219  0.019596  0.035065  0.034223  0.026743  0.017131  0.011372  0.010959  0.015829  0.027048
90        0.066663  0.043683  0.037033  0.048219  0.019596  0.035065  0.034223  0.026743  0.017131  0.011372  0.010959  0.015829  0.027048
91             NaN       NaN       NaN       NaN       NaN       NaN       NaN       NaN       NaN       NaN       NaN       NaN       NaN
92        0.066663  0.043683  0.037033  0.048219  0.019596  0.035065  0.034223  0.026743  0.017131  0.011372  0.010959  0.015829  0.027048
93        0.066663  0.043683  0.037033  0.048219  0.019596  0.035065  0.034223  0.026743  0.017131  0.011372  0.010959  0.015829  0.027048
94        0.068570  0.041642  0.044175  0.048301  0.029466  0.026637  0.029738  0.026312  0.013392  0.007798  0.007388  0.014808  0.018460
95        0.068570  0.041642  0.044175  0.048301  0.029466  0.026637  0.029738  0.026312  0.013392  0.007798  0.007388  0.014808  0.018460
96        0.068570  0.041642  0.044175  0.048301  0.029466  0.026637  0.029738  0.026312  0.013392  0.007798  0.007388  0.014808  0.018460
97        0.068570  0.041642  0.044175  0.048301  0.029466  0.026637  0.029738  0.026312  0.013392  0.007798  0.007388  0.014808  0.018460
98        0.068570  0.041642  0.044175  0.048301  0.029466  0.026637  0.029738  0.026312  0.013392  0.007798  0.007388  0.014808  0.018460
99        0.113381  0.066000  0.075132  0.077293  0.053780  0.030556  0.040692  0.040634  0.017775  0.006727  0.004859  0.025212  0.017786
100       0.054663  0.059381  0.057058  0.026126  0.010737  0.023543  0.030647  0.012497  0.012525  0.008400  0.007600  0.011691  0.015914
101       0.045157  0.048996  0.046251  0.022756  0.009175  0.019860  0.026177  0.010848  0.010610  0.007115  0.006856  0.009766  0.013372
102       0.045157  0.048996  0.046251  0.022756  0.009175  0.019860  0.026177  0.010848  0.010610  0.007115  0.006856  0.009766  0.013372
103       0.045157  0.048996  0.046251  0.022756  0.009175  0.019860  0.026177  0.010848  0.010610  0.007115  0.006856  0.009766  0.013372
104       0.039882  0.041339  0.040822  0.026714  0.010587  0.020560  0.027636  0.011209  0.013953  0.009309  0.007212  0.012859  0.015976
105       0.039882  0.041339  0.040822  0.026714  0.010587  0.020560  0.027636  0.011209  0.013953  0.009309  0.007212  0.012859  0.015976
106       0.039882  0.041339  0.040822  0.026714  0.010587  0.020560  0.027636  0.011209  0.013953  0.009309  0.007212  0.012859  0.015976
107       0.042871  0.043180  0.044111  0.032764  0.012186  0.024566  0.032928  0.012395  0.016338  0.011030  0.008654  0.015543  0.019470
108       0.046440  0.046771  0.048646  0.040010  0.015078  0.029526  0.039438  0.014963  0.021158  0.014300  0.010899  0.019854  0.023492
109       0.056143  0.051160  0.054751  0.054923  0.021311  0.037705  0.052155  0.021058  0.029905  0.019908  0.014153  0.027410  0.032505
110       0.056143  0.051160  0.054751  0.054923  0.021311  0.037705  0.052155  0.021058  0.029905  0.019908  0.014153  0.027410  0.032505
111            NaN       NaN       NaN       NaN       NaN       NaN       NaN       NaN       NaN       NaN       NaN       NaN       NaN
112       0.267942  0.204393  0.260486  0.241099  0.133939  0.110421  0.190116  0.145893  0.094424  0.111114  0.075591  0.081441  0.167126
113       0.267942  0.204393  0.260486  0.241099  0.133939  0.110421  0.190116  0.145893  0.094424  0.111114  0.075591  0.081441  0.167126
114       0.158712  0.122886  0.178017  0.138941  0.088575  0.061376  0.108536  0.094044  0.059627  0.070678  0.050906  0.055524  0.095097
115       0.128777  0.098968  0.144275  0.114460  0.071719  0.049470  0.087581  0.076102  0.048038  0.057377  0.041341  0.045185  0.076753
116       0.128777  0.098968  0.144275  0.114460  0.071719  0.049470  0.087581  0.076102  0.048038  0.057377  0.041341  0.045185  0.076753
117       0.128777  0.098968  0.144275  0.114460  0.071719  0.049470  0.087581  0.076102  0.048038  0.057377  0.041341  0.045185  0.076753
118       0.128777  0.098968  0.144275  0.114460  0.071719  0.049470  0.087581  0.076102  0.048038  0.057377  0.041341  0.045185  0.076753
119       0.128777  0.098968  0.144275  0.114460  0.071719  0.049470  0.087581  0.076102  0.048038  0.057377  0.041341  0.045185  0.076753
120       0.078795  0.030375  0.072884  0.081067  0.047851  0.030752  0.061315  0.038434  0.042393  0.034435  0.031990  0.031433  0.048597
121       0.073948  0.023355  0.073468  0.078587  0.037982  0.014790  0.050062  0.026877  0.019974  0.023701  0.025166  0.020261  0.023691
122       0.073948  0.023355  0.073468  0.078587  0.037982  0.014790  0.050062  0.026877  0.019974  0.023701  0.025166  0.020261  0.023691
123            NaN       NaN       NaN       NaN       NaN       NaN       NaN       NaN       NaN       NaN       NaN       NaN       NaN
124       0.089177  0.075798  0.056721  0.035511  0.025256  0.039365  0.054131  0.026297  0.020474  0.019999  0.018393  0.018030  0.026917
125       0.076270  0.064336  0.060735  0.043459  0.017400  0.024635  0.026893  0.020895  0.012625  0.011877  0.014100  0.015839  0.021025
126       0.076270  0.064336  0.060735  0.043459  0.017400  0.024635  0.026893  0.020895  0.012625  0.011877  0.014100  0.015839  0.021025
127       0.076270  0.064336  0.060735  0.043459  0.017400  0.024635  0.026893  0.020895  0.012625  0.011877  0.014100  0.015839  0.021025
128       0.076270  0.064336  0.060735  0.043459  0.017400  0.024635  0.026893  0.020895  0.012625  0.011877  0.014100  0.015839  0.021025
129       0.076270  0.064336  0.060735  0.043459  0.017400  0.024635  0.026893  0.020895  0.012625  0.011877  0.014100  0.015839  0.021025
130       0.076270  0.064336  0.060735  0.043459  0.017400  0.024635  0.026893  0.020895  0.012625  0.011877  0.014100  0.015839  0.021025
131       0.091651  0.079924  0.072424  0.035640  0.018510  0.027891  0.029837  0.017723  0.011229  0.007206  0.008418  0.013823  0.012353
132       0.057852  0.068668  0.077476  0.036948  0.014712  0.023098  0.027612  0.017397  0.010998  0.003829  0.006963  0.013661  0.011180
133       0.028310  0.038557  0.045353  0.025907  0.015754  0.025097  0.016262  0.014790  0.006661  0.008411  0.010349  0.012300  0.007277
134       0.028310  0.038557  0.045353  0.025907  0.015754  0.025097  0.016262  0.014790  0.006661  0.008411  0.010349  0.012300  0.007277
135       0.028310  0.038557  0.045353  0.025907  0.015754  0.025097  0.016262  0.014790  0.006661  0.008411  0.010349  0.012300  0.007277
136       0.028310  0.038557  0.045353  0.025907  0.015754  0.025097  0.016262  0.014790  0.006661  0.008411  0.010349  0.012300  0.007277
137       0.028310  0.038557  0.045353  0.025907  0.015754  0.025097  0.016262  0.014790  0.006661  0.008411  0.010349  0.012300  0.007277
138       0.028310  0.038557  0.045353  0.025907  0.015754  0.025097  0.016262  0.014790  0.006661  0.008411  0.010349  0.012300  0.007277
139       0.028310  0.038557  0.045353  0.025907  0.015754  0.025097  0.016262  0.014790  0.006661  0.008411  0.010349  0.012300  0.007277
140       0.028310  0.038557  0.045353  0.025907  0.015754  0.025097  0.016262  0.014790  0.006661  0.008411  0.010349  0.012300  0.007277
141       0.028310  0.038557  0.045353  0.025907  0.015754  0.025097  0.016262  0.014790  0.006661  0.008411  0.010349  0.012300  0.007277
142       0.028310  0.038557  0.045353  0.025907  0.015754  0.025097  0.016262  0.014790  0.006661  0.008411  0.010349  0.012300  0.007277
143       0.028310  0.038557  0.045353  0.025907  0.015754  0.025097  0.016262  0.014790  0.006661  0.008411  0.010349  0.012300  0.007277
144       0.028310  0.038557  0.045353  0.025907  0.015754  0.025097  0.016262  0.014790  0.006661  0.008411  0.010349  0.012300  0.007277
145       0.028310  0.038557  0.045353  0.025907  0.015754  0.025097  0.016262  0.014790  0.006661  0.008411  0.010349  0.012300  0.007277
146       0.028310  0.038557  0.045353  0.025907  0.015754  0.025097  0.016262  0.014790  0.006661  0.008411  0.010349  0.012300  0.007277
147       0.034339  0.043692  0.047713  0.025171  0.009754  0.019278  0.017373  0.012031  0.006357  0.003161  0.004143  0.008920  0.007699
148       0.050984  0.045574  0.050485  0.030548  0.011597  0.018685  0.016807  0.019705  0.010185  0.005104  0.007763  0.015825  0.006985
149       0.050984  0.045574  0.050485  0.030548  0.011597  0.018685  0.016807  0.019705  0.010185  0.005104  0.007763  0.015825  0.006985
150       0.050984  0.045574  0.050485  0.030548  0.011597  0.018685  0.016807  0.019705  0.010185  0.005104  0.007763  0.015825  0.006985
151            NaN       NaN       NaN       NaN       NaN       NaN       NaN       NaN       NaN       NaN       NaN       NaN       NaN
152       0.050984  0.045574  0.050485  0.030548  0.011597  0.018685  0.016807  0.019705  0.010185  0.005104  0.007763  0.015825  0.006985
153       0.050984  0.045574  0.050485  0.030548  0.011597  0.018685  0.016807  0.019705  0.010185  0.005104  0.007763  0.015825  0.006985
154       0.062985  0.054516  0.060507  0.036088  0.013794  0.021263  0.018903  0.024141  0.012487  0.006246  0.009553  0.019344  0.007766
155       0.060110  0.055811  0.059904  0.033314  0.013226  0.020139  0.017952  0.021607  0.011143  0.006163  0.008723  0.016803  0.009275
156       0.067631  0.062050  0.066494  0.036723  0.014487  0.021030  0.019451  0.024020  0.012453  0.006769  0.009870  0.018655  0.010352
157       0.067631  0.062050  0.066494  0.036723  0.014487  0.021030  0.019451  0.024020  0.012453  0.006769  0.009870  0.018655  0.010352
158       0.067631  0.062050  0.066494  0.036723  0.014487  0.021030  0.019451  0.024020  0.012453  0.006769  0.009870  0.018655  0.010352
159       0.097063  0.115430  0.114144  0.049306  0.021693  0.034024  0.030597  0.024356  0.012604  0.010389  0.011115  0.012382  0.022128
160       0.097063  0.115430  0.114144  0.049306  0.021693  0.034024  0.030597  0.024356  0.012604  0.010389  0.011115  0.012382  0.022128
161       0.097063  0.115430  0.114144  0.049306  0.021693  0.034024  0.030597  0.024356  0.012604  0.010389  0.011115  0.012382  0.022128
162       0.130658  0.151274  0.147745  0.063771  0.029639  0.046206  0.038738  0.032844  0.017119  0.014671  0.015266  0.015974  0.030717
163       0.130658  0.151274  0.147745  0.063771  0.029639  0.046206  0.038738  0.032844  0.017119  0.014671  0.015266  0.015974  0.030717
164       0.130658  0.151274  0.147745  0.063771  0.029639  0.046206  0.038738  0.032844  0.017119  0.014671  0.015266  0.015974  0.030717
165       0.130658  0.151274  0.147745  0.063771  0.029639  0.046206  0.038738  0.032844  0.017119  0.014671  0.015266  0.015974  0.030717
166       0.130658  0.151274  0.147745  0.063771  0.029639  0.046206  0.038738  0.032844  0.017119  0.014671  0.015266  0.015974  0.030717
167       0.130658  0.151274  0.147745  0.063771  0.029639  0.046206  0.038738  0.032844  0.017119  0.014671  0.015266  0.015974  0.030717
168       0.130658  0.151274  0.147745  0.063771  0.029639  0.046206  0.038738  0.032844  0.017119  0.014671  0.015266  0.015974  0.030717
169       0.130658  0.151274  0.147745  0.063771  0.029639  0.046206  0.038738  0.032844  0.017119  0.014671  0.015266  0.015974  0.030717
170       0.130658  0.151274  0.147745  0.063771  0.029639  0.046206  0.038738  0.032844  0.017119  0.014671  0.015266  0.015974  0.030717
171       0.130658  0.151274  0.147745  0.063771  0.029639  0.046206  0.038738  0.032844  0.017119  0.014671  0.015266  0.015974  0.030717
172       0.130658  0.151274  0.147745  0.063771  0.029639  0.046206  0.038738  0.032844  0.017119  0.014671  0.015266  0.015974  0.030717