exposure   0.60      4.98      10.02     20.04     30.00     40.02     60.00     150.00    300.00    600.00    900.00    1200.00   1800.00
r_number                                                                                                                                  
2         0.016921  0.004791  0.009067  0.006313  0.007192  0.009900  0.005503  0.008781  0.007349  0.006047  0.005222  0.002747  0.011353
3         0.015289  0.004432  0.008934  0.005896  0.006782  0.009707  0.004964  0.008123  0.006563  0.006454  0.005683  0.002585  0.010675
4         0.015289  0.004432  0.008934  0.005896  0.006782  0.009707  0.004964  0.008123  0.006563  0.006454  0.005683  0.002585  0.010675
5         0.015289  0.004432  0.008934  0.005896  0.006782  0.009707  0.004964  0.008123  0.006563  0.006454  0.005683  0.002585  0.010675
6         0.015289  0.004432  0.008934  0.005896  0.006782  0.009707  0.004964  0.008123  0.006563  0.006454  0.005683  0.002585  0.010675
7         0.015289  0.004432  0.008934  0.005896  0.006782  0.009707  0.004964  0.008123  0.006563  0.006454  0.005683  0.002585  0.010675
8         0.015289  0.004432  0.008934  0.005896  0.006782  0.009707  0.004964  0.008123  0.006563  0.006454  0.005683  0.002585  0.010675
9         0.015289  0.004432  0.008934  0.005896  0.006782  0.009707  0.004964  0.008123  0.006563  0.006454  0.005683  0.002585  0.010675
10        0.015289  0.004432  0.008934  0.005896  0.006782  0.009707  0.004964  0.008123  0.006563  0.006454  0.005683  0.002585  0.010675
11        0.015289  0.004432  0.008934  0.005896  0.006782  0.009707  0.004964  0.008123  0.006563  0.006454  0.005683  0.002585  0.010675
12        0.014028  0.003989  0.007912  0.005890  0.005946  0.009226  0.005062  0.009006  0.006409  0.005826  0.005385  0.002672  0.009927
13        0.014028  0.003989  0.007912  0.005890  0.005946  0.009226  0.005062  0.009006  0.006409  0.005826  0.005385  0.002672  0.009927
14        0.014028  0.003989  0.007912  0.005890  0.005946  0.009226  0.005062  0.009006  0.006409  0.005826  0.005385  0.002672  0.009927
15        0.014028  0.003989  0.007912  0.005890  0.005946  0.009226  0.005062  0.009006  0.006409  0.005826  0.005385  0.002672  0.009927
16        0.011280  0.004225  0.008943  0.006646  0.006972  0.010190  0.005826  0.009173  0.006892  0.006439  0.006275  0.002902  0.009505
17        0.011864  0.004503  0.009501  0.007341  0.006602  0.012271  0.006583  0.007839  0.010389  0.007508  0.007008  0.003206  0.007783
18        0.011864  0.004503  0.009501  0.007341  0.006602  0.012271  0.006583  0.007839  0.010389  0.007508  0.007008  0.003206  0.007783
19        0.011864  0.004503  0.009501  0.007341  0.006602  0.012271  0.006583  0.007839  0.010389  0.007508  0.007008  0.003206  0.007783
20        0.011864  0.004503  0.009501  0.007341  0.006602  0.012271  0.006583  0.007839  0.010389  0.007508  0.007008  0.003206  0.007783
21             NaN       NaN       NaN       NaN       NaN       NaN       NaN       NaN       NaN       NaN       NaN       NaN       NaN
22        0.011864  0.004503  0.009501  0.007341  0.006602  0.012271  0.006583  0.007839  0.010389  0.007508  0.007008  0.003206  0.007783
23        0.011864  0.004503  0.009501  0.007341  0.006602  0.012271  0.006583  0.007839  0.010389  0.007508  0.007008  0.003206  0.007783
24        0.011864  0.004503  0.009501  0.007341  0.006602  0.012271  0.006583  0.007839  0.010389  0.007508  0.007008  0.003206  0.007783
25        0.011864  0.004503  0.009501  0.007341  0.006602  0.012271  0.006583  0.007839  0.010389  0.007508  0.007008  0.003206  0.007783
26        0.011864  0.004503  0.009501  0.007341  0.006602  0.012271  0.006583  0.007839  0.010389  0.007508  0.007008  0.003206  0.007783
27        0.012713  0.004835  0.010017  0.007892  0.006965  0.013121  0.007060  0.008395  0.011172  0.008087  0.007550  0.003405  0.008037
28        0.012713  0.004835  0.010017  0.007892  0.006965  0.013121  0.007060  0.008395  0.011172  0.008087  0.007550  0.003405  0.008037
29        0.012950  0.005106  0.010565  0.008862  0.005966  0.011615  0.006235  0.009812  0.009326  0.008807  0.005930  0.003813  0.010094
30        0.015587  0.004882  0.013422  0.009043  0.007551  0.013064  0.005898  0.012861  0.009452  0.008059  0.006189  0.003261  0.013883
31        0.020502  0.005878  0.018421  0.012637  0.010545  0.016955  0.008145  0.017183  0.013196  0.010816  0.007597  0.004066  0.018774
32        0.016922  0.004726  0.013258  0.008661  0.008145  0.012276  0.006180  0.012464  0.010559  0.007651  0.005621  0.003242  0.012421
33        0.016922  0.004726  0.013258  0.008661  0.008145  0.012276  0.006180  0.012464  0.010559  0.007651  0.005621  0.003242  0.012421
34        0.016922  0.004726  0.013258  0.008661  0.008145  0.012276  0.006180  0.012464  0.010559  0.007651  0.005621  0.003242  0.012421
35        0.016922  0.004726  0.013258  0.008661  0.008145  0.012276  0.006180  0.012464  0.010559  0.007651  0.005621  0.003242  0.012421
36        0.016922  0.004726  0.013258  0.008661  0.008145  0.012276  0.006180  0.012464  0.010559  0.007651  0.005621  0.003242  0.012421
37        0.014540  0.004698  0.012140  0.007498  0.007970  0.011223  0.005509  0.011217  0.009228  0.007445  0.005768  0.003113  0.010448
38        0.014540  0.004698  0.012140  0.007498  0.007970  0.011223  0.005509  0.011217  0.009228  0.007445  0.005768  0.003113  0.010448
39        0.014540  0.004698  0.012140  0.007498  0.007970  0.011223  0.005509  0.011217  0.009228  0.007445  0.005768  0.003113  0.010448
40        0.014540  0.004698  0.012140  0.007498  0.007970  0.011223  0.005509  0.011217  0.009228  0.007445  0.005768  0.003113  0.010448
41        0.014540  0.004698  0.012140  0.007498  0.007970  0.011223  0.005509  0.011217  0.009228  0.007445  0.005768  0.003113  0.010448
42        0.018554  0.006883  0.017573  0.010322  0.012168  0.015864  0.007502  0.014470  0.011876  0.010197  0.008204  0.004361  0.011980
43        0.016592  0.008563  0.015008  0.009989  0.017764  0.019452  0.011051  0.016729  0.014665  0.014781  0.009819  0.005166  0.021922
44        0.016592  0.008563  0.015008  0.009989  0.017764  0.019452  0.011051  0.016729  0.014665  0.014781  0.009819  0.005166  0.021922
45        0.016592  0.008563  0.015008  0.009989  0.017764  0.019452  0.011051  0.016729  0.014665  0.014781  0.009819  0.005166  0.021922
46        0.016592  0.008563  0.015008  0.009989  0.017764  0.019452  0.011051  0.016729  0.014665  0.014781  0.009819  0.005166  0.021922
47        0.016119  0.008360  0.014901  0.009696  0.017024  0.018584  0.010581  0.016031  0.014153  0.014083  0.009785  0.005299  0.020710
48        0.018814  0.010031  0.017053  0.011300  0.020704  0.022327  0.013028  0.019234  0.017067  0.017276  0.011839  0.006399  0.025654
49        0.024528  0.017530  0.025724  0.022631  0.041815  0.033511  0.027820  0.035658  0.032482  0.035809  0.021870  0.012083  0.040894
50        0.037882  0.013605  0.032401  0.016238  0.024712  0.028952  0.016767  0.022941  0.023622  0.020719  0.021522  0.010714  0.027661
51        0.037882  0.013605  0.032401  0.016238  0.024712  0.028952  0.016767  0.022941  0.023622  0.020719  0.021522  0.010714  0.027661
52        0.037882  0.013605  0.032401  0.016238  0.024712  0.028952  0.016767  0.022941  0.023622  0.020719  0.021522  0.010714  0.027661
53        0.037882  0.013605  0.032401  0.016238  0.024712  0.028952  0.016767  0.022941  0.023622  0.020719  0.021522  0.010714  0.027661
54        0.037882  0.013605  0.032401  0.016238  0.024712  0.028952  0.016767  0.022941  0.023622  0.020719  0.021522  0.010714  0.027661
55        0.037882  0.013605  0.032401  0.016238  0.024712  0.028952  0.016767  0.022941  0.023622  0.020719  0.021522  0.010714  0.027661
56        0.037882  0.013605  0.032401  0.016238  0.024712  0.028952  0.016767  0.022941  0.023622  0.020719  0.021522  0.010714  0.027661
57             NaN       NaN       NaN       NaN       NaN       NaN       NaN       NaN       NaN       NaN       NaN       NaN       NaN
58        0.037882  0.013605  0.032401  0.016238  0.024712  0.028952  0.016767  0.022941  0.023622  0.020719  0.021522  0.010714  0.027661
59        0.037882  0.013605  0.032401  0.016238  0.024712  0.028952  0.016767  0.022941  0.023622  0.020719  0.021522  0.010714  0.027661
60        0.037882  0.013605  0.032401  0.016238  0.024712  0.028952  0.016767  0.022941  0.023622  0.020719  0.021522  0.010714  0.027661
61        0.037882  0.013605  0.032401  0.016238  0.024712  0.028952  0.016767  0.022941  0.023622  0.020719  0.021522  0.010714  0.027661
62        0.037882  0.013605  0.032401  0.016238  0.024712  0.028952  0.016767  0.022941  0.023622  0.020719  0.021522  0.010714  0.027661
63        0.037882  0.013605  0.032401  0.016238  0.024712  0.028952  0.016767  0.022941  0.023622  0.020719  0.021522  0.010714  0.027661
64        0.037882  0.013605  0.032401  0.016238  0.024712  0.028952  0.016767  0.022941  0.023622  0.020719  0.021522  0.010714  0.027661
65        0.037882  0.013605  0.032401  0.016238  0.024712  0.028952  0.016767  0.022941  0.023622  0.020719  0.021522  0.010714  0.027661
66        0.037882  0.013605  0.032401  0.016238  0.024712  0.028952  0.016767  0.022941  0.023622  0.020719  0.021522  0.010714  0.027661
67             NaN       NaN       NaN       NaN       NaN       NaN       NaN       NaN       NaN       NaN       NaN       NaN       NaN
68        0.046164  0.010632  0.032751  0.015016  0.023483  0.031316  0.017870  0.021390  0.023747  0.022230  0.021426  0.005568  0.031851
69        0.046164  0.010632  0.032751  0.015016  0.023483  0.031316  0.017870  0.021390  0.023747  0.022230  0.021426  0.005568  0.031851
70        0.046164  0.010632  0.032751  0.015016  0.023483  0.031316  0.017870  0.021390  0.023747  0.022230  0.021426  0.005568  0.031851
71        0.046164  0.010632  0.032751  0.015016  0.023483  0.031316  0.017870  0.021390  0.023747  0.022230  0.021426  0.005568  0.031851
72        0.046164  0.010632  0.032751  0.015016  0.023483  0.031316  0.017870  0.021390  0.023747  0.022230  0.021426  0.005568  0.031851
73        0.046164  0.010632  0.032751  0.015016  0.023483  0.031316  0.017870  0.021390  0.023747  0.022230  0.021426  0.005568  0.031851
74        0.046164  0.010632  0.032751  0.015016  0.023483  0.031316  0.017870  0.021390  0.023747  0.022230  0.021426  0.005568  0.031851
75        0.046164  0.010632  0.032751  0.015016  0.023483  0.031316  0.017870  0.021390  0.023747  0.022230  0.021426  0.005568  0.031851
76        0.046164  0.010632  0.032751  0.015016  0.023483  0.031316  0.017870  0.021390  0.023747  0.022230  0.021426  0.005568  0.031851
77        0.046164  0.010632  0.032751  0.015016  0.023483  0.031316  0.017870  0.021390  0.023747  0.022230  0.021426  0.005568  0.031851
78        0.046164  0.010632  0.032751  0.015016  0.023483  0.031316  0.017870  0.021390  0.023747  0.022230  0.021426  0.005568  0.031851
79        0.046164  0.010632  0.032751  0.015016  0.023483  0.031316  0.017870  0.021390  0.023747  0.022230  0.021426  0.005568  0.031851
80        0.046164  0.010632  0.032751  0.015016  0.023483  0.031316  0.017870  0.021390  0.023747  0.022230  0.021426  0.005568  0.031851
81        0.046164  0.010632  0.032751  0.015016  0.023483  0.031316  0.017870  0.021390  0.023747  0.022230  0.021426  0.005568  0.031851
82        0.046164  0.010632  0.032751  0.015016  0.023483  0.031316  0.017870  0.021390  0.023747  0.022230  0.021426  0.005568  0.031851
83        0.046164  0.010632  0.032751  0.015016  0.023483  0.031316  0.017870  0.021390  0.023747  0.022230  0.021426  0.005568  0.031851
84        0.052138  0.013048  0.037676  0.016619  0.026437  0.036597  0.019168  0.024100  0.026633  0.021861  0.023092  0.005925  0.035470
85        0.074078  0.016887  0.048528  0.024587  0.036256  0.045858  0.018573  0.030883  0.029959  0.024783  0.024256  0.010148  0.045951
86        0.073331  0.019665  0.049245  0.023946  0.035960  0.045733  0.019147  0.030182  0.028095  0.022328  0.024971  0.012111  0.038153
87        0.056255  0.014388  0.035276  0.019083  0.026354  0.034497  0.016461  0.020991  0.019961  0.014910  0.019139  0.009376  0.032112
88        0.056255  0.014388  0.035276  0.019083  0.026354  0.034497  0.016461  0.020991  0.019961  0.014910  0.019139  0.009376  0.032112
89        0.056255  0.014388  0.035276  0.019083  0.026354  0.034497  0.016461  0.020991  0.019961  0.014910  0.019139  0.009376  0.032112
90        0.056255  0.014388  0.035276  0.019083  0.026354  0.034497  0.016461  0.020991  0.019961  0.014910  0.019139  0.009376  0.032112
91             NaN       NaN       NaN       NaN       NaN       NaN       NaN       NaN       NaN       NaN       NaN       NaN       NaN
92        0.056255  0.014388  0.035276  0.019083  0.026354  0.034497  0.016461  0.020991  0.019961  0.014910  0.019139  0.009376  0.032112
93        0.056255  0.014388  0.035276  0.019083  0.026354  0.034497  0.016461  0.020991  0.019961  0.014910  0.019139  0.009376  0.032112
94        0.056255  0.014388  0.035276  0.019083  0.026354  0.034497  0.016461  0.020991  0.019961  0.014910  0.019139  0.009376  0.032112
95        0.056255  0.014388  0.035276  0.019083  0.026354  0.034497  0.016461  0.020991  0.019961  0.014910  0.019139  0.009376  0.032112
96        0.056255  0.014388  0.035276  0.019083  0.026354  0.034497  0.016461  0.020991  0.019961  0.014910  0.019139  0.009376  0.032112
97        0.056255  0.014388  0.035276  0.019083  0.026354  0.034497  0.016461  0.020991  0.019961  0.014910  0.019139  0.009376  0.032112
98        0.056255  0.014388  0.035276  0.019083  0.026354  0.034497  0.016461  0.020991  0.019961  0.014910  0.019139  0.009376  0.032112
99        0.127687  0.033931  0.066615  0.049300  0.056548  0.069664  0.045696  0.035275  0.034912  0.023088  0.043129  0.020261  0.089017
100       0.025963  0.013235  0.027713  0.012942  0.019438  0.026394  0.011726  0.019817  0.018395  0.012701  0.013633  0.009430  0.024353
101       0.024700  0.011413  0.024801  0.013010  0.019011  0.022893  0.011594  0.019017  0.018284  0.013530  0.013653  0.008222  0.020654
102       0.024700  0.011413  0.024801  0.013010  0.019011  0.022893  0.011594  0.019017  0.018284  0.013530  0.013653  0.008222  0.020654
103       0.024700  0.011413  0.024801  0.013010  0.019011  0.022893  0.011594  0.019017  0.018284  0.013530  0.013653  0.008222  0.020654
104       0.032981  0.015879  0.028941  0.015539  0.022264  0.026586  0.015796  0.020511  0.019730  0.014511  0.016349  0.008472  0.019166
105       0.032981  0.015879  0.028941  0.015539  0.022264  0.026586  0.015796  0.020511  0.019730  0.014511  0.016349  0.008472  0.019166
106       0.032981  0.015879  0.028941  0.015539  0.022264  0.026586  0.015796  0.020511  0.019730  0.014511  0.016349  0.008472  0.019166
107       0.039764  0.018911  0.033780  0.018567  0.026309  0.031646  0.019244  0.024340  0.023575  0.017249  0.019816  0.009819  0.019756
108       0.049018  0.022887  0.039953  0.022278  0.031817  0.036764  0.023293  0.028250  0.028120  0.020475  0.023521  0.010031  0.018893
109       0.063642  0.029216  0.050546  0.028698  0.040615  0.046062  0.030313  0.035210  0.035112  0.026054  0.030083  0.012303  0.022560
110       0.063642  0.029216  0.050546  0.028698  0.040615  0.046062  0.030313  0.035210  0.035112  0.026054  0.030083  0.012303  0.022560
111            NaN       NaN       NaN       NaN       NaN       NaN       NaN       NaN       NaN       NaN       NaN       NaN       NaN
112       0.084536  0.031643  0.067992  0.032845  0.066206  0.064279  0.037504  0.064900  0.053245  0.051217  0.039703  0.030923  0.038490
113       0.084536  0.031643  0.067992  0.032845  0.066206  0.064279  0.037504  0.064900  0.053245  0.051217  0.039703  0.030923  0.038490
114       0.065493  0.024912  0.053170  0.025289  0.050567  0.048692  0.029387  0.049428  0.040735  0.040197  0.031650  0.023768  0.032911
115       0.053665  0.020322  0.043843  0.020722  0.040974  0.040647  0.023345  0.039328  0.032626  0.032668  0.025070  0.019058  0.027177
116       0.053665  0.020322  0.043843  0.020722  0.040974  0.040647  0.023345  0.039328  0.032626  0.032668  0.025070  0.019058  0.027177
117       0.043151  0.020517  0.035836  0.017694  0.031994  0.032429  0.018550  0.031401  0.025534  0.025582  0.019805  0.015101  0.024075
118       0.043151  0.020517  0.035836  0.017694  0.031994  0.032429  0.018550  0.031401  0.025534  0.025582  0.019805  0.015101  0.024075
119       0.043151  0.020517  0.035836  0.017694  0.031994  0.032429  0.018550  0.031401  0.025534  0.025582  0.019805  0.015101  0.024075
120       0.032577  0.019904  0.031839  0.015318  0.027317  0.026823  0.014038  0.024135  0.019355  0.019590  0.016559  0.011885  0.024213
121       0.034138  0.022630  0.031359  0.015550  0.021489  0.025672  0.013468  0.020617  0.015827  0.018820  0.014239  0.010226  0.026900
122       0.034138  0.022630  0.031359  0.015550  0.021489  0.025672  0.013468  0.020617  0.015827  0.018820  0.014239  0.010226  0.026900
123            NaN       NaN       NaN       NaN       NaN       NaN       NaN       NaN       NaN       NaN       NaN       NaN       NaN
124       0.026746  0.024345  0.053346  0.054713  0.040937  0.039486  0.024287  0.052409  0.044345  0.027640  0.027914  0.020693  0.037490
125       0.017204  0.013178  0.030548  0.028701  0.026522  0.025236  0.013521  0.031938  0.024788  0.025789  0.020211  0.010779  0.024126
126       0.017204  0.013178  0.030548  0.028701  0.026522  0.025236  0.013521  0.031938  0.024788  0.025789  0.020211  0.010779  0.024126
127       0.017204  0.013178  0.030548  0.028701  0.026522  0.025236  0.013521  0.031938  0.024788  0.025789  0.020211  0.010779  0.024126
128       0.017204  0.013178  0.030548  0.028701  0.026522  0.025236  0.013521  0.031938  0.024788  0.025789  0.020211  0.010779  0.024126
129       0.017204  0.013178  0.030548  0.028701  0.026522  0.025236  0.013521  0.031938  0.024788  0.025789  0.020211  0.010779  0.024126
130       0.017204  0.013178  0.030548  0.028701  0.026522  0.025236  0.013521  0.031938  0.024788  0.025789  0.020211  0.010779  0.024126
131       0.022105  0.013732  0.033070  0.017476  0.028935  0.034976  0.018958  0.033409  0.029081  0.025373  0.022639  0.012384  0.043766
132       0.033947  0.012252  0.037737  0.017438  0.026624  0.030693  0.021089  0.023906  0.032966  0.030726  0.035541  0.005694  0.016550
133       0.028269  0.009403  0.027180  0.014293  0.021099  0.023910  0.014248  0.019450  0.023485  0.021666  0.022169  0.004996  0.014863
134       0.028269  0.009403  0.027180  0.014293  0.021099  0.023910  0.014248  0.019450  0.023485  0.021666  0.022169  0.004996  0.014863
135       0.028269  0.009403  0.027180  0.014293  0.021099  0.023910  0.014248  0.019450  0.023485  0.021666  0.022169  0.004996  0.014863
136       0.028269  0.009403  0.027180  0.014293  0.021099  0.023910  0.014248  0.019450  0.023485  0.021666  0.022169  0.004996  0.014863
137       0.028269  0.009403  0.027180  0.014293  0.021099  0.023910  0.014248  0.019450  0.023485  0.021666  0.022169  0.004996  0.014863
138       0.028269  0.009403  0.027180  0.014293  0.021099  0.023910  0.014248  0.019450  0.023485  0.021666  0.022169  0.004996  0.014863
139       0.028269  0.009403  0.027180  0.014293  0.021099  0.023910  0.014248  0.019450  0.023485  0.021666  0.022169  0.004996  0.014863
140       0.028269  0.009403  0.027180  0.014293  0.021099  0.023910  0.014248  0.019450  0.023485  0.021666  0.022169  0.004996  0.014863
141       0.028269  0.009403  0.027180  0.014293  0.021099  0.023910  0.014248  0.019450  0.023485  0.021666  0.022169  0.004996  0.014863
142       0.028269  0.009403  0.027180  0.014293  0.021099  0.023910  0.014248  0.019450  0.023485  0.021666  0.022169  0.004996  0.014863
143       0.028269  0.009403  0.027180  0.014293  0.021099  0.023910  0.014248  0.019450  0.023485  0.021666  0.022169  0.004996  0.014863
144       0.028269  0.009403  0.027180  0.014293  0.021099  0.023910  0.014248  0.019450  0.023485  0.021666  0.022169  0.004996  0.014863
145       0.028269  0.009403  0.027180  0.014293  0.021099  0.023910  0.014248  0.019450  0.023485  0.021666  0.022169  0.004996  0.014863
146       0.028269  0.009403  0.027180  0.014293  0.021099  0.023910  0.014248  0.019450  0.023485  0.021666  0.022169  0.004996  0.014863
147       0.028269  0.009403  0.027180  0.014293  0.021099  0.023910  0.014248  0.019450  0.023485  0.021666  0.022169  0.004996  0.014863
148       0.023611  0.009523  0.022410  0.015320  0.020623  0.026553  0.016382  0.015782  0.021319  0.019620  0.019908  0.005845  0.016842
149       0.023611  0.009523  0.022410  0.015320  0.020623  0.026553  0.016382  0.015782  0.021319  0.019620  0.019908  0.005845  0.016842
150       0.023611  0.009523  0.022410  0.015320  0.020623  0.026553  0.016382  0.015782  0.021319  0.019620  0.019908  0.005845  0.016842
151            NaN       NaN       NaN       NaN       NaN       NaN       NaN       NaN       NaN       NaN       NaN       NaN       NaN
152       0.023611  0.009523  0.022410  0.015320  0.020623  0.026553  0.016382  0.015782  0.021319  0.019620  0.019908  0.005845  0.016842
153       0.023611  0.009523  0.022410  0.015320  0.020623  0.026553  0.016382  0.015782  0.021319  0.019620  0.019908  0.005845  0.016842
154       0.024917  0.011003  0.023969  0.018360  0.023930  0.032277  0.019855  0.017447  0.024844  0.022321  0.023178  0.007203  0.019301
155       0.024917  0.011003  0.023969  0.018360  0.023930  0.032277  0.019855  0.017447  0.024844  0.022321  0.023178  0.007203  0.019301
156       0.024917  0.011003  0.023969  0.018360  0.023930  0.032277  0.019855  0.017447  0.024844  0.022321  0.023178  0.007203  0.019301
157       0.024917  0.011003  0.023969  0.018360  0.023930  0.032277  0.019855  0.017447  0.024844  0.022321  0.023178  0.007203  0.019301
158       0.024917  0.011003  0.023969  0.018360  0.023930  0.032277  0.019855  0.017447  0.024844  0.022321  0.023178  0.007203  0.019301
159       0.062468  0.020630  0.055801  0.027984  0.041676  0.049148  0.032106  0.041952  0.048214  0.030688  0.041955  0.010035  0.022730
160       0.062468  0.020630  0.055801  0.027984  0.041676  0.049148  0.032106  0.041952  0.048214  0.030688  0.041955  0.010035  0.022730
161       0.062468  0.020630  0.055801  0.027984  0.041676  0.049148  0.032106  0.041952  0.048214  0.030688  0.041955  0.010035  0.022730