exposure   0.60      4.98      10.02     19.98     30.00     40.02     60.00     150.00    300.00    600.00    900.00    1200.00   1800.00
r_number                                                                                                                                  
2         0.321267  0.658563  0.708345  0.779565  0.849328  0.890221  0.947652  0.900746  0.922904  0.946177  0.964879  0.943348  0.957999
3         0.316813  0.656136  0.706596  0.774944  0.842019  0.880671  0.941311  0.897974  0.920353  0.942073  0.962428  0.940160  0.955292
4         0.316813  0.656136  0.706596  0.774944  0.842019  0.880671  0.941311  0.897974  0.920353  0.942073  0.962428  0.940160  0.955292
5         0.316813  0.656136  0.706596  0.774944  0.842019  0.880671  0.941311  0.897974  0.920353  0.942073  0.962428  0.940160  0.955292
6         0.316813  0.656136  0.706596  0.774944  0.842019  0.880671  0.941311  0.897974  0.920353  0.942073  0.962428  0.940160  0.955292
7         0.316813  0.656136  0.706596  0.774944  0.842019  0.880671  0.941311  0.897974  0.920353  0.942073  0.962428  0.940160  0.955292
8         0.316813  0.656136  0.706596  0.774944  0.842019  0.880671  0.941311  0.897974  0.920353  0.942073  0.962428  0.940160  0.955292
9         0.316813  0.656136  0.706596  0.774944  0.842019  0.880671  0.941311  0.897974  0.920353  0.942073  0.962428  0.940160  0.955292
10        0.316813  0.656136  0.706596  0.774944  0.842019  0.880671  0.941311  0.897974  0.920353  0.942073  0.962428  0.940160  0.955292
11        0.316813  0.656136  0.706596  0.774944  0.842019  0.880671  0.941311  0.897974  0.920353  0.942073  0.962428  0.940160  0.955292
12        0.316813  0.656136  0.706596  0.774944  0.842019  0.880671  0.941311  0.897974  0.920353  0.942073  0.962428  0.940160  0.955292
13        0.316813  0.656136  0.706596  0.774944  0.842019  0.880671  0.941311  0.897974  0.920353  0.942073  0.962428  0.940160  0.955292
14        0.316813  0.656136  0.706596  0.774944  0.842019  0.880671  0.941311  0.897974  0.920353  0.942073  0.962428  0.940160  0.955292
15        0.316813  0.656136  0.706596  0.774944  0.842019  0.880671  0.941311  0.897974  0.920353  0.942073  0.962428  0.940160  0.955292
16        0.304563  0.626228  0.675287  0.753496  0.822496  0.864472  0.927705  0.883382  0.906502  0.930126  0.952066  0.927817  0.944314
17        0.254408  0.556053  0.585109  0.709145  0.785292  0.821507  0.891225  0.854892  0.880023  0.897473  0.920599  0.902580  0.918953
18        0.254408  0.556053  0.585109  0.709145  0.785292  0.821507  0.891225  0.854892  0.880023  0.897473  0.920599  0.902580  0.918953
19        0.254408  0.556053  0.585109  0.709145  0.785292  0.821507  0.891225  0.854892  0.880023  0.897473  0.920599  0.902580  0.918953
20        0.254408  0.556053  0.585109  0.709145  0.785292  0.821507  0.891225  0.854892  0.880023  0.897473  0.920599  0.902580  0.918953
21             NaN       NaN       NaN       NaN       NaN       NaN       NaN       NaN       NaN       NaN       NaN       NaN       NaN
22        0.254408  0.556053  0.585109  0.709145  0.785292  0.821507  0.891225  0.854892  0.880023  0.897473  0.920599  0.902580  0.918953
23        0.254408  0.556053  0.585109  0.709145  0.785292  0.821507  0.891225  0.854892  0.880023  0.897473  0.920599  0.902580  0.918953
24        0.254408  0.556053  0.585109  0.709145  0.785292  0.821507  0.891225  0.854892  0.880023  0.897473  0.920599  0.902580  0.918953
25        0.254408  0.556053  0.585109  0.709145  0.785292  0.821507  0.891225  0.854892  0.880023  0.897473  0.920599  0.902580  0.918953
26        0.254408  0.556053  0.585109  0.709145  0.785292  0.821507  0.891225  0.854892  0.880023  0.897473  0.920599  0.902580  0.918953
27        0.253809  0.570182  0.602630  0.707556  0.784481  0.816958  0.887542  0.852711  0.879212  0.898373  0.918287  0.900455  0.916756
28        0.261225  0.570696  0.595994  0.716303  0.786804  0.813337  0.883772  0.854269  0.876333  0.895468  0.916547  0.896948  0.915183
29        0.320490  0.650894  0.688871  0.763679  0.817803  0.831419  0.901970  0.877945  0.890617  0.910110  0.932831  0.911809  0.930351
30        0.322108  0.669364  0.713256  0.762519  0.811642  0.822195  0.896440  0.878274  0.889113  0.906298  0.926439  0.905972  0.923844
31        0.277791  0.675260  0.722067  0.786202  0.838948  0.847004  0.928296  0.905827  0.913502  0.934962  0.954531  0.939273  0.958083
32        0.261468  0.651260  0.698628  0.771974  0.830403  0.840233  0.928072  0.905229  0.912584  0.933982  0.952034  0.933525  0.952317
33        0.253160  0.632012  0.679003  0.753436  0.811772  0.821202  0.899804  0.876645  0.881514  0.908152  0.924855  0.902879  0.920641
34        0.253160  0.632012  0.679003  0.753436  0.811772  0.821202  0.899804  0.876645  0.881514  0.908152  0.924855  0.902879  0.920641
35        0.253160  0.632012  0.679003  0.753436  0.811772  0.821202  0.899804  0.876645  0.881514  0.908152  0.924855  0.902879  0.920641
36        0.253160  0.632012  0.679003  0.753436  0.811772  0.821202  0.899804  0.876645  0.881514  0.908152  0.924855  0.902879  0.920641
37        0.227095  0.584365  0.631823  0.720114  0.787436  0.806954  0.882066  0.857969  0.875469  0.893524  0.909714  0.888170  0.898110
38        0.227095  0.584365  0.631823  0.720114  0.787436  0.806954  0.882066  0.857969  0.875469  0.893524  0.909714  0.888170  0.898110
39        0.227095  0.584365  0.631823  0.720114  0.787436  0.806954  0.882066  0.857969  0.875469  0.893524  0.909714  0.888170  0.898110
40        0.227095  0.584365  0.631823  0.720114  0.787436  0.806954  0.882066  0.857969  0.875469  0.893524  0.909714  0.888170  0.898110
41        0.227095  0.584365  0.631823  0.720114  0.787436  0.806954  0.882066  0.857969  0.875469  0.893524  0.909714  0.888170  0.898110
42        0.196497  0.527935  0.574445  0.678372  0.759538  0.791136  0.868291  0.844353  0.876777  0.882533  0.898882  0.878702  0.879030
43        0.110180  0.453594  0.511196  0.619186  0.704713  0.742354  0.823106  0.789545  0.823964  0.841801  0.858589  0.841111  0.829927
44        0.110180  0.453594  0.511196  0.619186  0.704713  0.742354  0.823106  0.789545  0.823964  0.841801  0.858589  0.841111  0.829927
45        0.110180  0.453594  0.511196  0.619186  0.704713  0.742354  0.823106  0.789545  0.823964  0.841801  0.858589  0.841111  0.829927
46        0.110180  0.453594  0.511196  0.619186  0.704713  0.742354  0.823106  0.789545  0.823964  0.841801  0.858589  0.841111  0.829927
47        0.110180  0.453594  0.511196  0.619186  0.704713  0.742354  0.823106  0.789545  0.823964  0.841801  0.858589  0.841111  0.829927
48        0.078802  0.426585  0.482859  0.596598  0.684925  0.722479  0.803889  0.769484  0.803113  0.825928  0.841548  0.826373  0.806952
49       -0.000984  0.369892  0.440663  0.556298  0.646260  0.703638  0.782809  0.732537  0.771251  0.816168  0.824849  0.805963  0.798294
50        0.076351  0.310988  0.381015  0.486789  0.579789  0.631941  0.731112  0.672414  0.720258  0.748593  0.768772  0.751019  0.761410
51        0.076351  0.310988  0.381015  0.486789  0.579789  0.631941  0.731112  0.672414  0.720258  0.748593  0.768772  0.751019  0.761410
52        0.076351  0.310988  0.381015  0.486789  0.579789  0.631941  0.731112  0.672414  0.720258  0.748593  0.768772  0.751019  0.761410
53        0.076351  0.310988  0.381015  0.486789  0.579789  0.631941  0.731112  0.672414  0.720258  0.748593  0.768772  0.751019  0.761410
54        0.076351  0.310988  0.381015  0.486789  0.579789  0.631941  0.731112  0.672414  0.720258  0.748593  0.768772  0.751019  0.761410
55        0.076351  0.310988  0.381015  0.486789  0.579789  0.631941  0.731112  0.672414  0.720258  0.748593  0.768772  0.751019  0.761410
56        0.076351  0.310988  0.381015  0.486789  0.579789  0.631941  0.731112  0.672414  0.720258  0.748593  0.768772  0.751019  0.761410
57             NaN       NaN       NaN       NaN       NaN       NaN       NaN       NaN       NaN       NaN       NaN       NaN       NaN
58        0.076351  0.310988  0.381015  0.486789  0.579789  0.631941  0.731112  0.672414  0.720258  0.748593  0.768772  0.751019  0.761410
59        0.076351  0.310988  0.381015  0.486789  0.579789  0.631941  0.731112  0.672414  0.720258  0.748593  0.768772  0.751019  0.761410
60        0.076351  0.310988  0.381015  0.486789  0.579789  0.631941  0.731112  0.672414  0.720258  0.748593  0.768772  0.751019  0.761410
61        0.076351  0.310988  0.381015  0.486789  0.579789  0.631941  0.731112  0.672414  0.720258  0.748593  0.768772  0.751019  0.761410
62        0.076351  0.310988  0.381015  0.486789  0.579789  0.631941  0.731112  0.672414  0.720258  0.748593  0.768772  0.751019  0.761410
63        0.076351  0.310988  0.381015  0.486789  0.579789  0.631941  0.731112  0.672414  0.720258  0.748593  0.768772  0.751019  0.761410
64        0.076351  0.310988  0.381015  0.486789  0.579789  0.631941  0.731112  0.672414  0.720258  0.748593  0.768772  0.751019  0.761410
65        0.076351  0.310988  0.381015  0.486789  0.579789  0.631941  0.731112  0.672414  0.720258  0.748593  0.768772  0.751019  0.761410
66        0.076351  0.310988  0.381015  0.486789  0.579789  0.631941  0.731112  0.672414  0.720258  0.748593  0.768772  0.751019  0.761410
67             NaN       NaN       NaN       NaN       NaN       NaN       NaN       NaN       NaN       NaN       NaN       NaN       NaN
68        0.076351  0.310988  0.381015  0.486789  0.579789  0.631941  0.731112  0.672414  0.720258  0.748593  0.768772  0.751019  0.761410
69        0.076351  0.310988  0.381015  0.486789  0.579789  0.631941  0.731112  0.672414  0.720258  0.748593  0.768772  0.751019  0.761410
70        0.076351  0.310988  0.381015  0.486789  0.579789  0.631941  0.731112  0.672414  0.720258  0.748593  0.768772  0.751019  0.761410
71        0.076351  0.310988  0.381015  0.486789  0.579789  0.631941  0.731112  0.672414  0.720258  0.748593  0.768772  0.751019  0.761410
72        0.076351  0.310988  0.381015  0.486789  0.579789  0.631941  0.731112  0.672414  0.720258  0.748593  0.768772  0.751019  0.761410
73        0.076351  0.310988  0.381015  0.486789  0.579789  0.631941  0.731112  0.672414  0.720258  0.748593  0.768772  0.751019  0.761410
74        0.076351  0.310988  0.381015  0.486789  0.579789  0.631941  0.731112  0.672414  0.720258  0.748593  0.768772  0.751019  0.761410
75        0.076351  0.310988  0.381015  0.486789  0.579789  0.631941  0.731112  0.672414  0.720258  0.748593  0.768772  0.751019  0.761410
76        0.076351  0.310988  0.381015  0.486789  0.579789  0.631941  0.731112  0.672414  0.720258  0.748593  0.768772  0.751019  0.761410
77        0.076351  0.310988  0.381015  0.486789  0.579789  0.631941  0.731112  0.672414  0.720258  0.748593  0.768772  0.751019  0.761410
78        0.076351  0.310988  0.381015  0.486789  0.579789  0.631941  0.731112  0.672414  0.720258  0.748593  0.768772  0.751019  0.761410
79        0.076351  0.310988  0.381015  0.486789  0.579789  0.631941  0.731112  0.672414  0.720258  0.748593  0.768772  0.751019  0.761410
80        0.076351  0.310988  0.381015  0.486789  0.579789  0.631941  0.731112  0.672414  0.720258  0.748593  0.768772  0.751019  0.761410
81        0.076351  0.310988  0.381015  0.486789  0.579789  0.631941  0.731112  0.672414  0.720258  0.748593  0.768772  0.751019  0.761410
82        0.076351  0.310988  0.381015  0.486789  0.579789  0.631941  0.731112  0.672414  0.720258  0.748593  0.768772  0.751019  0.761410
83        0.076351  0.310988  0.381015  0.486789  0.579789  0.631941  0.731112  0.672414  0.720258  0.748593  0.768772  0.751019  0.761410
84        0.124646  0.306291  0.377494  0.484687  0.578173  0.627620  0.727874  0.669438  0.725367  0.746664  0.768072  0.747202  0.766171
85        0.000089  0.296990  0.378029  0.472208  0.570459  0.630117  0.730756  0.664781  0.714340  0.736994  0.764716  0.735664  0.732236
86       -0.029540  0.309951  0.389385  0.472831  0.568299  0.619892  0.734905  0.657722  0.707309  0.725793  0.749560  0.730939  0.709964
87       -0.001115  0.358271  0.440611  0.506143  0.590721  0.638127  0.751915  0.682925  0.720134  0.735088  0.775160  0.733874  0.719234
88       -0.001115  0.358271  0.440611  0.506143  0.590721  0.638127  0.751915  0.682925  0.720134  0.735088  0.775160  0.733874  0.719234
89       -0.001115  0.358271  0.440611  0.506143  0.590721  0.638127  0.751915  0.682925  0.720134  0.735088  0.775160  0.733874  0.719234
90       -0.001115  0.358271  0.440611  0.506143  0.590721  0.638127  0.751915  0.682925  0.720134  0.735088  0.775160  0.733874  0.719234
91             NaN       NaN       NaN       NaN       NaN       NaN       NaN       NaN       NaN       NaN       NaN       NaN       NaN
92       -0.001115  0.358271  0.440611  0.506143  0.590721  0.638127  0.751915  0.682925  0.720134  0.735088  0.775160  0.733874  0.719234
93       -0.001115  0.358271  0.440611  0.506143  0.590721  0.638127  0.751915  0.682925  0.720134  0.735088  0.775160  0.733874  0.719234
94        0.015909  0.301606  0.360691  0.547515  0.643550  0.707673  0.814557  0.743525  0.790090  0.806874  0.841376  0.807289  0.808294
95        0.015909  0.301606  0.360691  0.547515  0.643550  0.707673  0.814557  0.743525  0.790090  0.806874  0.841376  0.807289  0.808294
96        0.015909  0.301606  0.360691  0.547515  0.643550  0.707673  0.814557  0.743525  0.790090  0.806874  0.841376  0.807289  0.808294
97        0.015909  0.301606  0.360691  0.547515  0.643550  0.707673  0.814557  0.743525  0.790090  0.806874  0.841376  0.807289  0.808294
98        0.015909  0.301606  0.360691  0.547515  0.643550  0.707673  0.814557  0.743525  0.790090  0.806874  0.841376  0.807289  0.808294
99        0.061151  0.285627  0.321887  0.614770  0.711906  0.796379  0.891669  0.827891  0.866804  0.885849  0.932867  0.881427  0.904906
100       0.145965  0.484600  0.534912  0.668882  0.754690  0.785526  0.867660  0.845832  0.871453  0.891408  0.916804  0.893691  0.909890
101       0.173791  0.477868  0.528703  0.650383  0.734535  0.763597  0.844204  0.824446  0.852979  0.867704  0.894868  0.868243  0.885561
102       0.173791  0.477868  0.528703  0.650383  0.734535  0.763597  0.844204  0.824446  0.852979  0.867704  0.894868  0.868243  0.885561
103       0.173791  0.477868  0.528703  0.650383  0.734535  0.763597  0.844204  0.824446  0.852979  0.867704  0.894868  0.868243  0.885561
104       0.118174  0.398474  0.452955  0.573081  0.659338  0.693965  0.779595  0.748762  0.778920  0.800746  0.822544  0.793488  0.811292
105       0.118174  0.398474  0.452955  0.573081  0.659338  0.693965  0.779595  0.748762  0.778920  0.800746  0.822544  0.793488  0.811292
106       0.118174  0.398474  0.452955  0.573081  0.659338  0.693965  0.779595  0.748762  0.778920  0.800746  0.822544  0.793488  0.811292
107       0.111067  0.375582  0.431526  0.544264  0.633213  0.668882  0.755721  0.720825  0.753154  0.776136  0.796601  0.767448  0.782540
108       0.101073  0.326608  0.384900  0.490818  0.581020  0.620280  0.704572  0.667023  0.700833  0.726490  0.743694  0.711258  0.729371
109       0.074809  0.264077  0.325064  0.423587  0.510545  0.551088  0.642174  0.597288  0.634528  0.659271  0.675455  0.637125  0.657434
110       0.074809  0.264077  0.325064  0.423587  0.510545  0.551088  0.642174  0.597288  0.634528  0.659271  0.675455  0.637125  0.657434
111            NaN       NaN       NaN       NaN       NaN       NaN       NaN       NaN       NaN       NaN       NaN       NaN       NaN
112       0.155721  0.824247  0.750915  0.793169  0.807911  0.700538  0.989104  0.820330  0.858458  0.745681  0.840035  0.840337  0.749684
113       0.155721  0.824247  0.750915  0.793169  0.807911  0.700538  0.989104  0.820330  0.858458  0.745681  0.840035  0.840337  0.749684
114       0.160045  0.792640  0.748543  0.753643  0.809812  0.699678  0.942899  0.813781  0.839613  0.716534  0.820145  0.822796  0.723355
115       0.153552  0.744746  0.708623  0.742615  0.794771  0.706159  0.920925  0.813464  0.835402  0.727530  0.819305  0.814829  0.744012
116       0.153552  0.744746  0.708623  0.742615  0.794771  0.706159  0.920925  0.813464  0.835402  0.727530  0.819305  0.814829  0.744012
117       0.153552  0.744746  0.708623  0.742615  0.794771  0.706159  0.920925  0.813464  0.835402  0.727530  0.819305  0.814829  0.744012
118       0.153552  0.744746  0.708623  0.742615  0.794771  0.706159  0.920925  0.813464  0.835402  0.727530  0.819305  0.814829  0.744012
119       0.153552  0.744746  0.708623  0.742615  0.794771  0.706159  0.920925  0.813464  0.835402  0.727530  0.819305  0.814829  0.744012
120       0.170606  0.622350  0.620245  0.736010  0.775818  0.741186  0.878476  0.833907  0.846337  0.789707  0.837461  0.828522  0.827753
121       0.114883  0.544610  0.561247  0.683173  0.723789  0.706213  0.805654  0.805061  0.806112  0.757841  0.809718  0.790457  0.796442
122       0.114883  0.544610  0.561247  0.683173  0.723789  0.706213  0.805654  0.805061  0.806112  0.757841  0.809718  0.790457  0.796442
123            NaN       NaN       NaN       NaN       NaN       NaN       NaN       NaN       NaN       NaN       NaN       NaN       NaN
124       0.427968  0.722556  0.736844  0.843113  0.881915  0.871086  0.929916  0.936713  0.927701  0.956149  0.989232  0.960413  0.964508
125       0.364786  0.638821  0.660295  0.798928  0.852369  0.878926  0.928386  0.907390  0.926331  0.944829  0.985594  0.952331  0.959518
126       0.364786  0.638821  0.660295  0.798928  0.852369  0.878926  0.928386  0.907390  0.926331  0.944829  0.985594  0.952331  0.959518
127       0.364786  0.638821  0.660295  0.798928  0.852369  0.878926  0.928386  0.907390  0.926331  0.944829  0.985594  0.952331  0.959518
128       0.364786  0.638821  0.660295  0.798928  0.852369  0.878926  0.928386  0.907390  0.926331  0.944829  0.985594  0.952331  0.959518
129       0.364786  0.638821  0.660295  0.798928  0.852369  0.878926  0.928386  0.907390  0.926331  0.944829  0.985594  0.952331  0.959518
130       0.364786  0.638821  0.660295  0.798928  0.852369  0.878926  0.928386  0.907390  0.926331  0.944829  0.985594  0.952331  0.959518
131       0.353881  0.627614  0.656162  0.776801  0.823861  0.847945  0.914411  0.882752  0.912740  0.922586  0.950136  0.931933  0.939854
132       0.249833  0.416380  0.445342  0.587858  0.657100  0.706462  0.786833  0.743205  0.783656  0.810900  0.820783  0.805223  0.827261
133       0.169391  0.379997  0.432883  0.558916  0.639317  0.704845  0.779756  0.727697  0.777354  0.809012  0.824846  0.817672  0.816942
134       0.169391  0.379997  0.432883  0.558916  0.639317  0.704845  0.779756  0.727697  0.777354  0.809012  0.824846  0.817672  0.816942
135       0.169391  0.379997  0.432883  0.558916  0.639317  0.704845  0.779756  0.727697  0.777354  0.809012  0.824846  0.817672  0.816942
136       0.169391  0.379997  0.432883  0.558916  0.639317  0.704845  0.779756  0.727697  0.777354  0.809012  0.824846  0.817672  0.816942
137       0.169391  0.379997  0.432883  0.558916  0.639317  0.704845  0.779756  0.727697  0.777354  0.809012  0.824846  0.817672  0.816942
138       0.169391  0.379997  0.432883  0.558916  0.639317  0.704845  0.779756  0.727697  0.777354  0.809012  0.824846  0.817672  0.816942
139       0.169391  0.379997  0.432883  0.558916  0.639317  0.704845  0.779756  0.727697  0.777354  0.809012  0.824846  0.817672  0.816942
140       0.169391  0.379997  0.432883  0.558916  0.639317  0.704845  0.779756  0.727697  0.777354  0.809012  0.824846  0.817672  0.816942
141       0.169391  0.379997  0.432883  0.558916  0.639317  0.704845  0.779756  0.727697  0.777354  0.809012  0.824846  0.817672  0.816942
142       0.169391  0.379997  0.432883  0.558916  0.639317  0.704845  0.779756  0.727697  0.777354  0.809012  0.824846  0.817672  0.816942
143       0.169391  0.379997  0.432883  0.558916  0.639317  0.704845  0.779756  0.727697  0.777354  0.809012  0.824846  0.817672  0.816942
144       0.169391  0.379997  0.432883  0.558916  0.639317  0.704845  0.779756  0.727697  0.777354  0.809012  0.824846  0.817672  0.816942
145       0.169391  0.379997  0.432883  0.558916  0.639317  0.704845  0.779756  0.727697  0.777354  0.809012  0.824846  0.817672  0.816942
146       0.169391  0.379997  0.432883  0.558916  0.639317  0.704845  0.779756  0.727697  0.777354  0.809012  0.824846  0.817672  0.816942
147       0.208575  0.375295  0.413947  0.552045  0.637159  0.693541  0.778241  0.728415  0.777570  0.803685  0.821013  0.804164  0.812306
148       0.212775  0.387544  0.419193  0.558587  0.652041  0.704803  0.795776  0.737548  0.786648  0.820121  0.839522  0.819116  0.826662
149       0.212775  0.387544  0.419193  0.558587  0.652041  0.704803  0.795776  0.737548  0.786648  0.820121  0.839522  0.819116  0.826662
150       0.212775  0.387544  0.419193  0.558587  0.652041  0.704803  0.795776  0.737548  0.786648  0.820121  0.839522  0.819116  0.826662
151            NaN       NaN       NaN       NaN       NaN       NaN       NaN       NaN       NaN       NaN       NaN       NaN       NaN
152       0.212775  0.387544  0.419193  0.558587  0.652041  0.704803  0.795776  0.737548  0.786648  0.820121  0.839522  0.819116  0.826662
153       0.212775  0.387544  0.419193  0.558587  0.652041  0.704803  0.795776  0.737548  0.786648  0.820121  0.839522  0.819116  0.826662
154       0.222097  0.394948  0.422449  0.565654  0.661866  0.715241  0.802598  0.745528  0.796103  0.829884  0.847997  0.828837  0.832012
155       0.247581  0.423802  0.445373  0.594333  0.687279  0.739624  0.823515  0.768254  0.817012  0.849283  0.867542  0.847757  0.853407
156       0.258362  0.436954  0.452972  0.605544  0.697908  0.747594  0.831059  0.776111  0.822229  0.854543  0.875366  0.855449  0.860068
157       0.258362  0.436954  0.452972  0.605544  0.697908  0.747594  0.831059  0.776111  0.822229  0.854543  0.875366  0.855449  0.860068
158       0.258362  0.436954  0.452972  0.605544  0.697908  0.747594  0.831059  0.776111  0.822229  0.854543  0.875366  0.855449  0.860068
159       0.306018  0.489521  0.497145  0.663703  0.740876  0.795169  0.859033  0.818172  0.861714  0.880223  0.903522  0.892522  0.892237
160       0.306018  0.489521  0.497145  0.663703  0.740876  0.795169  0.859033  0.818172  0.861714  0.880223  0.903522  0.892522  0.892237
161       0.306018  0.489521  0.497145  0.663703  0.740876  0.795169  0.859033  0.818172  0.861714  0.880223  0.903522  0.892522  0.892237
162       0.338593  0.526800  0.526057  0.698227  0.774135  0.825425  0.887093  0.846202  0.886870  0.905634  0.928813  0.917310  0.919607
163       0.338593  0.526800  0.526057  0.698227  0.774135  0.825425  0.887093  0.846202  0.886870  0.905634  0.928813  0.917310  0.919607
164       0.338593  0.526800  0.526057  0.698227  0.774135  0.825425  0.887093  0.846202  0.886870  0.905634  0.928813  0.917310  0.919607
165       0.338593  0.526800  0.526057  0.698227  0.774135  0.825425  0.887093  0.846202  0.886870  0.905634  0.928813  0.917310  0.919607
166       0.338593  0.526800  0.526057  0.698227  0.774135  0.825425  0.887093  0.846202  0.886870  0.905634  0.928813  0.917310  0.919607
167       0.338593  0.526800  0.526057  0.698227  0.774135  0.825425  0.887093  0.846202  0.886870  0.905634  0.928813  0.917310  0.919607
168       0.338593  0.526800  0.526057  0.698227  0.774135  0.825425  0.887093  0.846202  0.886870  0.905634  0.928813  0.917310  0.919607
169       0.338593  0.526800  0.526057  0.698227  0.774135  0.825425  0.887093  0.846202  0.886870  0.905634  0.928813  0.917310  0.919607
170       0.338593  0.526800  0.526057  0.698227  0.774135  0.825425  0.887093  0.846202  0.886870  0.905634  0.928813  0.917310  0.919607
171       0.338593  0.526800  0.526057  0.698227  0.774135  0.825425  0.887093  0.846202  0.886870  0.905634  0.928813  0.917310  0.919607
172       0.338593  0.526800  0.526057  0.698227  0.774135  0.825425  0.887093  0.846202  0.886870  0.905634  0.928813  0.917310  0.919607