exposure  0.06000      4.98000      9.96000      19.98000     30.00000     39.96000     60.00000     150.00000    300.00000    600.00000    900.00006    1200.00000   1800.00012   2700.00024   3600.00024   9000.00000   86400.00732
r_number                                                                                                                                                                                                                             
-22          0.071528     0.052152     0.039979     0.041289     0.036563     0.055311     0.057590     0.040622     0.063743     0.054444     0.070224     0.041629     0.042130     0.052171     0.046033     0.041346     0.057214
-21          0.071528     0.052152     0.039979     0.041289     0.036563     0.055311     0.057590     0.040622     0.063743     0.054444     0.070224     0.041629     0.042130     0.052171     0.046033     0.041346     0.057214
-20          0.071528     0.052152     0.039979     0.041289     0.036563     0.055311     0.057590     0.040622     0.063743     0.054444     0.070224     0.041629     0.042130     0.052171     0.046033     0.041346     0.057214
-19          0.071528     0.052152     0.039979     0.041289     0.036563     0.055311     0.057590     0.040622     0.063743     0.054444     0.070224     0.041629     0.042130     0.052171     0.046033     0.041346     0.057214
-18          0.071528     0.052152     0.039979     0.041289     0.036563     0.055311     0.057590     0.040622     0.063743     0.054444     0.070224     0.041629     0.042130     0.052171     0.046033     0.041346     0.057214
-17          0.071528     0.052152     0.039979     0.041289     0.036563     0.055311     0.057590     0.040622     0.063743     0.054444     0.070224     0.041629     0.042130     0.052171     0.046033     0.041346     0.057214
-16          0.043689     0.033348     0.025981     0.027004     0.025710     0.036033     0.037435     0.028711     0.040806     0.034731     0.045700     0.027666     0.034473     0.033426     0.033791     0.030056     0.038303
-15          0.043689     0.033348     0.025981     0.027004     0.025710     0.036033     0.037435     0.028711     0.040806     0.034731     0.045700     0.027666     0.034473     0.033426     0.033791     0.030056     0.038303
-14          0.050840     0.036764     0.031370     0.028649     0.030655     0.041667     0.042950     0.033268     0.041114     0.032842     0.047015     0.029321     0.040596     0.032479     0.036005     0.034306     0.040288
-13          0.029660     0.032194     0.027099     0.028939     0.034312     0.037986     0.039092     0.038763     0.039627     0.033104     0.047960     0.031501     0.058122     0.032597     0.049153     0.042954     0.044709
-12          0.029660     0.032194     0.027099     0.028939     0.034312     0.037986     0.039092     0.038763     0.039627     0.033104     0.047960     0.031501     0.058122     0.032597     0.049153     0.042954     0.044709
-11          0.029660     0.032194     0.027099     0.028939     0.034312     0.037986     0.039092     0.038763     0.039627     0.033104     0.047960     0.031501     0.058122     0.032597     0.049153     0.042954     0.044709
-10          0.059004     0.070151     0.060651     0.058379     0.072873     0.078870     0.066330     0.074808     0.090829     0.078003     0.111933     0.091859     0.110181     0.099131     0.086774     0.085647     0.127006
-9           0.041330     0.045655     0.051482     0.036442     0.048238     0.046998     0.040260     0.043871     0.053522     0.046093     0.088282     0.060886     0.077848     0.072484     0.049443     0.049561     0.074581
-8           0.041330     0.045655     0.051482     0.036442     0.048238     0.046998     0.040260     0.043871     0.053522     0.046093     0.088282     0.060886     0.077848     0.072484     0.049443     0.049561     0.074581
-7           0.035869     0.042257     0.045406     0.034868     0.041862     0.044728     0.038849     0.037730     0.055657     0.042407     0.076769     0.064062     0.080528     0.070338     0.048971     0.048878     0.064241
-6           0.035869     0.042257     0.045406     0.034868     0.041862     0.044728     0.038849     0.037730     0.055657     0.042407     0.076769     0.064062     0.080528     0.070338     0.048971     0.048878     0.064241
-5           0.035869     0.042257     0.045406     0.034868     0.041862     0.044728     0.038849     0.037730     0.055657     0.042407     0.076769     0.064062     0.080528     0.070338     0.048971     0.048878     0.064241
-4                NaN          NaN          NaN          NaN          NaN          NaN          NaN          NaN          NaN          NaN          NaN          NaN          NaN          NaN          NaN          NaN          NaN
-3           0.035869     0.042257     0.045406     0.034868     0.041862     0.044728     0.038849     0.037730     0.055657     0.042407     0.076769     0.064062     0.080528     0.070338     0.048971     0.048878     0.064241
-2           0.035869     0.042257     0.045406     0.034868     0.041862     0.044728     0.038849     0.037730     0.055657     0.042407     0.076769     0.064062     0.080528     0.070338     0.048971     0.048878     0.064241
-1           0.035869     0.042257     0.045406     0.034868     0.041862     0.044728     0.038849     0.037730     0.055657     0.042407     0.076769     0.064062     0.080528     0.070338     0.048971     0.048878     0.064241
0            0.049693     0.067812     0.060055     0.060337     0.058162     0.077435     0.067903     0.054505     0.109009     0.065035     0.103430     0.122784     0.143770     0.119374     0.085958     0.087220     0.084331
1            0.033762     0.034331     0.031027     0.030125     0.027718     0.033031     0.029965     0.025654     0.046778     0.029515     0.046202     0.048226     0.051107     0.042604     0.035261     0.035649     0.034335
2            0.033762     0.034331     0.031027     0.030125     0.027718     0.033031     0.029965     0.025654     0.046778     0.029515     0.046202     0.048226     0.051107     0.042604     0.035261     0.035649     0.034335
3            0.033762     0.034331     0.031027     0.030125     0.027718     0.033031     0.029965     0.025654     0.046778     0.029515     0.046202     0.048226     0.051107     0.042604     0.035261     0.035649     0.034335
4            0.033762     0.034331     0.031027     0.030125     0.027718     0.033031     0.029965     0.025654     0.046778     0.029515     0.046202     0.048226     0.051107     0.042604     0.035261     0.035649     0.034335
5                 NaN          NaN          NaN          NaN          NaN          NaN          NaN          NaN          NaN          NaN          NaN          NaN          NaN          NaN          NaN          NaN          NaN
6            0.033762     0.034331     0.031027     0.030125     0.027718     0.033031     0.029965     0.025654     0.046778     0.029515     0.046202     0.048226     0.051107     0.042604     0.035261     0.035649     0.034335
7            0.033762     0.034331     0.031027     0.030125     0.027718     0.033031     0.029965     0.025654     0.046778     0.029515     0.046202     0.048226     0.051107     0.042604     0.035261     0.035649     0.034335
8            0.033762     0.034331     0.031027     0.030125     0.027718     0.033031     0.029965     0.025654     0.046778     0.029515     0.046202     0.048226     0.051107     0.042604     0.035261     0.035649     0.034335
9            0.035231     0.028293     0.028538     0.031271     0.026355     0.027035     0.028483     0.026051     0.032289     0.027186     0.035699     0.041596     0.031462     0.033423     0.032785     0.045032     0.049501
10           0.025418     0.028056     0.022820     0.025218     0.020971     0.028649     0.023229     0.022523     0.026433     0.019682     0.025078     0.034498     0.027168     0.023370     0.025530     0.034458     0.037347
11           0.023940     0.022765     0.019463     0.020149     0.021894     0.032129     0.024206     0.031406     0.022141     0.017080     0.023682     0.026314     0.021783     0.021649     0.032951     0.032802     0.032176
12           0.023940     0.022765     0.019463     0.020149     0.021894     0.032129     0.024206     0.031406     0.022141     0.017080     0.023682     0.026314     0.021783     0.021649     0.032951     0.032802     0.032176
13           0.023940     0.022765     0.019463     0.020149     0.021894     0.032129     0.024206     0.031406     0.022141     0.017080     0.023682     0.026314     0.021783     0.021649     0.032951     0.032802     0.032176
14           0.023940     0.022765     0.019463     0.020149     0.021894     0.032129     0.024206     0.031406     0.022141     0.017080     0.023682     0.026314     0.021783     0.021649     0.032951     0.032802     0.032176
15           0.023940     0.022765     0.019463     0.020149     0.021894     0.032129     0.024206     0.031406     0.022141     0.017080     0.023682     0.026314     0.021783     0.021649     0.032951     0.032802     0.032176
16           0.026640     0.026555     0.021927     0.022577     0.025240     0.038280     0.028231     0.037331     0.025420     0.018460     0.027369     0.028083     0.024722     0.023927     0.038621     0.037458     0.034880
17           0.026640     0.026555     0.021927     0.022577     0.025240     0.038280     0.028231     0.037331     0.025420     0.018460     0.027369     0.028083     0.024722     0.023927     0.038621     0.037458     0.034880
18           0.041518     0.044017     0.038355     0.043823     0.033142     0.038657     0.041488     0.033631     0.050863     0.027773     0.060528     0.033054     0.044378     0.040832     0.039253     0.062710     0.046016
19           0.018472     0.024358     0.020047     0.019079     0.018341     0.019614     0.022010     0.022502     0.023801     0.020110     0.020482     0.019284     0.029545     0.022005     0.031031     0.043544     0.033564
20           0.015048     0.018278     0.015992     0.014537     0.015467     0.014946     0.015842     0.019313     0.021393     0.016383     0.017680     0.015343     0.022665     0.019175     0.025450     0.036421     0.027465
21           0.012798     0.015822     0.013971     0.013070     0.013408     0.012595     0.013740     0.017220     0.018561     0.014365     0.017072     0.014473     0.020503     0.017241     0.023405     0.031120     0.026120
22           0.010952     0.013090     0.011681     0.010297     0.010845     0.010583     0.011044     0.013250     0.013977     0.011694     0.014766     0.011930     0.017117     0.014088     0.019431     0.025404     0.020160
23           0.010952     0.013090     0.011681     0.010297     0.010845     0.010583     0.011044     0.013250     0.013977     0.011694     0.014766     0.011930     0.017117     0.014088     0.019431     0.025404     0.020160
24           0.010952     0.013090     0.011681     0.010297     0.010845     0.010583     0.011044     0.013250     0.013977     0.011694     0.014766     0.011930     0.017117     0.014088     0.019431     0.025404     0.020160
25           0.010952     0.013090     0.011681     0.010297     0.010845     0.010583     0.011044     0.013250     0.013977     0.011694     0.014766     0.011930     0.017117     0.014088     0.019431     0.025404     0.020160
26                NaN          NaN          NaN          NaN          NaN          NaN          NaN          NaN          NaN          NaN          NaN          NaN          NaN          NaN          NaN          NaN          NaN
27           0.010952     0.013090     0.011681     0.010297     0.010845     0.010583     0.011044     0.013250     0.013977     0.011694     0.014766     0.011930     0.017117     0.014088     0.019431     0.025404     0.020160
28           0.010952     0.013090     0.011681     0.010297     0.010845     0.010583     0.011044     0.013250     0.013977     0.011694     0.014766     0.011930     0.017117     0.014088     0.019431     0.025404     0.020160
29           0.010952     0.013090     0.011681     0.010297     0.010845     0.010583     0.011044     0.013250     0.013977     0.011694     0.014766     0.011930     0.017117     0.014088     0.019431     0.025404     0.020160
30           0.010952     0.013090     0.011681     0.010297     0.010845     0.010583     0.011044     0.013250     0.013977     0.011694     0.014766     0.011930     0.017117     0.014088     0.019431     0.025404     0.020160
31           0.010952     0.013090     0.011681     0.010297     0.010845     0.010583     0.011044     0.013250     0.013977     0.011694     0.014766     0.011930     0.017117     0.014088     0.019431     0.025404     0.020160
32           0.013492     0.015794     0.013938     0.012816     0.013252     0.013353     0.013675     0.016098     0.018438     0.013615     0.018402     0.013736     0.023161     0.018060     0.025275     0.032269     0.026051
33           0.021832     0.027103     0.020542     0.024406     0.022458     0.026358     0.028817     0.027050     0.031634     0.016202     0.033653     0.017876     0.038558     0.021198     0.039458     0.044966     0.026257
34           0.015920     0.017439     0.014224     0.016288     0.014844     0.018289     0.020546     0.017652     0.022249     0.012940     0.020194     0.013416     0.025832     0.018305     0.029707     0.032941     0.024540
35           0.016606     0.017862     0.014851     0.017334     0.015851     0.020012     0.022685     0.019434     0.024507     0.013902     0.022171     0.013852     0.028608     0.020236     0.033155     0.036152     0.027081
36           0.017778     0.020555     0.016815     0.020476     0.018324     0.022209     0.026854     0.021516     0.028054     0.015683     0.026060     0.015111     0.031503     0.022422     0.038307     0.039831     0.031348
37           0.017778     0.020555     0.016815     0.020476     0.018324     0.022209     0.026854     0.021516     0.028054     0.015683     0.026060     0.015111     0.031503     0.022422     0.038307     0.039831     0.031348
38           0.017778     0.020555     0.016815     0.020476     0.018324     0.022209     0.026854     0.021516     0.028054     0.015683     0.026060     0.015111     0.031503     0.022422     0.038307     0.039831     0.031348
39           0.017778     0.020555     0.016815     0.020476     0.018324     0.022209     0.026854     0.021516     0.028054     0.015683     0.026060     0.015111     0.031503     0.022422     0.038307     0.039831     0.031348
40           0.017778     0.020555     0.016815     0.020476     0.018324     0.022209     0.026854     0.021516     0.028054     0.015683     0.026060     0.015111     0.031503     0.022422     0.038307     0.039831     0.031348
41           0.026908     0.037861     0.030846     0.027634     0.035278     0.042189     0.038423     0.027661     0.048777     0.024585     0.016021     0.017442     0.033525     0.033352     0.043179     0.024524     0.028125
42           0.024693     0.030634     0.020738     0.022236     0.024829     0.027180     0.024153     0.019470     0.026450     0.015699     0.034000     0.022242     0.022302     0.024954     0.027154     0.027176     0.018260
43           0.024693     0.030634     0.020738     0.022236     0.024829     0.027180     0.024153     0.019470     0.026450     0.015699     0.034000     0.022242     0.022302     0.024954     0.027154     0.027176     0.018260
44           0.024693     0.030634     0.020738     0.022236     0.024829     0.027180     0.024153     0.019470     0.026450     0.015699     0.034000     0.022242     0.022302     0.024954     0.027154     0.027176     0.018260
45           0.024693     0.030634     0.020738     0.022236     0.024829     0.027180     0.024153     0.019470     0.026450     0.015699     0.034000     0.022242     0.022302     0.024954     0.027154     0.027176     0.018260
46           0.024693     0.030634     0.020738     0.022236     0.024829     0.027180     0.024153     0.019470     0.026450     0.015699     0.034000     0.022242     0.022302     0.024954     0.027154     0.027176     0.018260
47           0.033554     0.040873     0.026612     0.029640     0.032223     0.034470     0.030405     0.025270     0.031463     0.019857     0.048497     0.031123     0.028538     0.032818     0.034186     0.037648     0.023209
48           0.016176     0.016048     0.015388     0.012786     0.020868     0.012949     0.012246     0.017720     0.013454     0.012066     0.027737     0.015498     0.019881     0.016269     0.016608     0.015806     0.015950
49           0.016176     0.016048     0.015388     0.012786     0.020868     0.012949     0.012246     0.017720     0.013454     0.012066     0.027737     0.015498     0.019881     0.016269     0.016608     0.015806     0.015950
50           0.016176     0.016048     0.015388     0.012786     0.020868     0.012949     0.012246     0.017720     0.013454     0.012066     0.027737     0.015498     0.019881     0.016269     0.016608     0.015806     0.015950
51                NaN          NaN          NaN          NaN          NaN          NaN          NaN          NaN          NaN          NaN          NaN          NaN          NaN          NaN          NaN          NaN          NaN
52           0.016176     0.016048     0.015388     0.012786     0.020868     0.012949     0.012246     0.017720     0.013454     0.012066     0.027737     0.015498     0.019881     0.016269     0.016608     0.015806     0.015950
53           0.016176     0.016048     0.015388     0.012786     0.020868     0.012949     0.012246     0.017720     0.013454     0.012066     0.027737     0.015498     0.019881     0.016269     0.016608     0.015806     0.015950
54           0.017446     0.020070     0.014663     0.013630     0.021604     0.016056     0.013439     0.026589     0.017696     0.012174     0.032678     0.019985     0.020447     0.018535     0.020831     0.020217     0.017762
55           0.029954     0.032649     0.043651     0.022641     0.039678     0.022057     0.027984     0.025436     0.030033     0.023285     0.042604     0.028606     0.027935     0.037071     0.046852     0.039645     0.056228
56           0.029954     0.032649     0.043651     0.022641     0.039678     0.022057     0.027984     0.025436     0.030033     0.023285     0.042604     0.028606     0.027935     0.037071     0.046852     0.039645     0.056228
57           0.029954     0.032649     0.043651     0.022641     0.039678     0.022057     0.027984     0.025436     0.030033     0.023285     0.042604     0.028606     0.027935     0.037071     0.046852     0.039645     0.056228
58           0.029954     0.032649     0.043651     0.022641     0.039678     0.022057     0.027984     0.025436     0.030033     0.023285     0.042604     0.028606     0.027935     0.037071     0.046852     0.039645     0.056228
59           0.029954     0.032649     0.043651     0.022641     0.039678     0.022057     0.027984     0.025436     0.030033     0.023285     0.042604     0.028606     0.027935     0.037071     0.046852     0.039645     0.056228
60           0.029954     0.032649     0.043651     0.022641     0.039678     0.022057     0.027984     0.025436     0.030033     0.023285     0.042604     0.028606     0.027935     0.037071     0.046852     0.039645     0.056228
61           0.030930     0.043000     0.030947     0.032961     0.035258     0.037124     0.035459     0.030266     0.042275     0.026033     0.046531     0.027608     0.040286     0.038843     0.050666     0.068535     0.047428
62           0.022398     0.032881     0.022120     0.024950     0.028730     0.030015     0.026450     0.023675     0.031113     0.019478     0.035838     0.020517     0.031093     0.027249     0.037835     0.049693     0.034715
63           0.022398     0.032881     0.022120     0.024950     0.028730     0.030015     0.026450     0.023675     0.031113     0.019478     0.035838     0.020517     0.031093     0.027249     0.037835     0.049693     0.034715
64           0.032449     0.044216     0.029791     0.035168     0.038314     0.041805     0.036521     0.033547     0.041243     0.025905     0.049587     0.028059     0.041768     0.032447     0.049511     0.065319     0.042061
65           0.025377     0.034169     0.025657     0.026736     0.027851     0.033121     0.027324     0.023747     0.031500     0.020276     0.036428     0.020445     0.031903     0.024295     0.040898     0.050611     0.031005
66           0.025377     0.034169     0.025657     0.026736     0.027851     0.033121     0.027324     0.023747     0.031500     0.020276     0.036428     0.020445     0.031903     0.024295     0.040898     0.050611     0.031005
67           0.025377     0.034169     0.025657     0.026736     0.027851     0.033121     0.027324     0.023747     0.031500     0.020276     0.036428     0.020445     0.031903     0.024295     0.040898     0.050611     0.031005
68           0.025377     0.034169     0.025657     0.026736     0.027851     0.033121     0.027324     0.023747     0.031500     0.020276     0.036428     0.020445     0.031903     0.024295     0.040898     0.050611     0.031005
69                NaN          NaN          NaN          NaN          NaN          NaN          NaN          NaN          NaN          NaN          NaN          NaN          NaN          NaN          NaN          NaN          NaN
70           0.025377     0.034169     0.025657     0.026736     0.027851     0.033121     0.027324     0.023747     0.031500     0.020276     0.036428     0.020445     0.031903     0.024295     0.040898     0.050611     0.031005
71                NaN          NaN          NaN          NaN          NaN          NaN          NaN          NaN          NaN          NaN          NaN          NaN          NaN          NaN          NaN          NaN          NaN
72                NaN          NaN          NaN          NaN          NaN          NaN          NaN          NaN          NaN          NaN          NaN          NaN          NaN          NaN          NaN          NaN          NaN
73           0.025377     0.034169     0.025657     0.026736     0.027851     0.033121     0.027324     0.023747     0.031500     0.020276     0.036428     0.020445     0.031903     0.024295     0.040898     0.050611     0.031005
74           0.025377     0.034169     0.025657     0.026736     0.027851     0.033121     0.027324     0.023747     0.031500     0.020276     0.036428     0.020445     0.031903     0.024295     0.040898     0.050611     0.031005
75           0.025377     0.034169     0.025657     0.026736     0.027851     0.033121     0.027324     0.023747     0.031500     0.020276     0.036428     0.020445     0.031903     0.024295     0.040898     0.050611     0.031005
76           0.025377     0.034169     0.025657     0.026736     0.027851     0.033121     0.027324     0.023747     0.031500     0.020276     0.036428     0.020445     0.031903     0.024295     0.040898     0.050611     0.031005
77           0.025377     0.034169     0.025657     0.026736     0.027851     0.033121     0.027324     0.023747     0.031500     0.020276     0.036428     0.020445     0.031903     0.024295     0.040898     0.050611     0.031005
78           0.025377     0.034169     0.025657     0.026736     0.027851     0.033121     0.027324     0.023747     0.031500     0.020276     0.036428     0.020445     0.031903     0.024295     0.040898     0.050611     0.031005
79           0.025377     0.034169     0.025657     0.026736     0.027851     0.033121     0.027324     0.023747     0.031500     0.020276     0.036428     0.020445     0.031903     0.024295     0.040898     0.050611     0.031005
80           0.025377     0.034169     0.025657     0.026736     0.027851     0.033121     0.027324     0.023747     0.031500     0.020276     0.036428     0.020445     0.031903     0.024295     0.040898     0.050611     0.031005
81           0.025377     0.034169     0.025657     0.026736     0.027851     0.033121     0.027324     0.023747     0.031500     0.020276     0.036428     0.020445     0.031903     0.024295     0.040898     0.050611     0.031005
82           0.025377     0.034169     0.025657     0.026736     0.027851     0.033121     0.027324     0.023747     0.031500     0.020276     0.036428     0.020445     0.031903     0.024295     0.040898     0.050611     0.031005
83           0.025377     0.034169     0.025657     0.026736     0.027851     0.033121     0.027324     0.023747     0.031500     0.020276     0.036428     0.020445     0.031903     0.024295     0.040898     0.050611     0.031005
84           0.025377     0.034169     0.025657     0.026736     0.027851     0.033121     0.027324     0.023747     0.031500     0.020276     0.036428     0.020445     0.031903     0.024295     0.040898     0.050611     0.031005
85           0.025377     0.034169     0.025657     0.026736     0.027851     0.033121     0.027324     0.023747     0.031500     0.020276     0.036428     0.020445     0.031903     0.024295     0.040898     0.050611     0.031005
86           0.025377     0.034169     0.025657     0.026736     0.027851     0.033121     0.027324     0.023747     0.031500     0.020276     0.036428     0.020445     0.031903     0.024295     0.040898     0.050611     0.031005
87           0.025377     0.034169     0.025657     0.026736     0.027851     0.033121     0.027324     0.023747     0.031500     0.020276     0.036428     0.020445     0.031903     0.024295     0.040898     0.050611     0.031005
88           0.025377     0.034169     0.025657     0.026736     0.027851     0.033121     0.027324     0.023747     0.031500     0.020276     0.036428     0.020445     0.031903     0.024295     0.040898     0.050611     0.031005
89           0.025377     0.034169     0.025657     0.026736     0.027851     0.033121     0.027324     0.023747     0.031500     0.020276     0.036428     0.020445     0.031903     0.024295     0.040898     0.050611     0.031005
90           0.037473     0.043927     0.037065     0.039512     0.036807     0.041453     0.038949     0.033696     0.045932     0.026874     0.048108     0.029653     0.044730     0.034041     0.056185     0.071276     0.041255
91           0.082869     0.100686     0.059816     0.086241     0.070097     0.104526     0.087976     0.068980     0.101737     0.062337     0.130080     0.057735     0.067035     0.097659     0.074807     0.143162     0.107532
92           0.069386     0.081724     0.056941     0.067118     0.055092     0.072162     0.074018     0.051291     0.080825     0.049516     0.101211     0.045910     0.049805     0.073613     0.059236     0.099273     0.086007
93           0.069386     0.081724     0.056941     0.067118     0.055092     0.072162     0.074018     0.051291     0.080825     0.049516     0.101211     0.045910     0.049805     0.073613     0.059236     0.099273     0.086007
94           0.069386     0.081724     0.056941     0.067118     0.055092     0.072162     0.074018     0.051291     0.080825     0.049516     0.101211     0.045910     0.049805     0.073613     0.059236     0.099273     0.086007
95           0.069386     0.081724     0.056941     0.067118     0.055092     0.072162     0.074018     0.051291     0.080825     0.049516     0.101211     0.045910     0.049805     0.073613     0.059236     0.099273     0.086007
96           0.069386     0.081724     0.056941     0.067118     0.055092     0.072162     0.074018     0.051291     0.080825     0.049516     0.101211     0.045910     0.049805     0.073613     0.059236     0.099273     0.086007
97           0.069386     0.081724     0.056941     0.067118     0.055092     0.072162     0.074018     0.051291     0.080825     0.049516     0.101211     0.045910     0.049805     0.073613     0.059236     0.099273     0.086007
98           0.069386     0.081724     0.056941     0.067118     0.055092     0.072162     0.074018     0.051291     0.080825     0.049516     0.101211     0.045910     0.049805     0.073613     0.059236     0.099273     0.086007
99           0.069386     0.081724     0.056941     0.067118     0.055092     0.072162     0.074018     0.051291     0.080825     0.049516     0.101211     0.045910     0.049805     0.073613     0.059236     0.099273     0.086007
100          0.069386     0.081724     0.056941     0.067118     0.055092     0.072162     0.074018     0.051291     0.080825     0.049516     0.101211     0.045910     0.049805     0.073613     0.059236     0.099273     0.086007
101          0.069386     0.081724     0.056941     0.067118     0.055092     0.072162     0.074018     0.051291     0.080825     0.049516     0.101211     0.045910     0.049805     0.073613     0.059236     0.099273     0.086007
102          0.069386     0.081724     0.056941     0.067118     0.055092     0.072162     0.074018     0.051291     0.080825     0.049516     0.101211     0.045910     0.049805     0.073613     0.059236     0.099273     0.086007
103          0.069386     0.081724     0.056941     0.067118     0.055092     0.072162     0.074018     0.051291     0.080825     0.049516     0.101211     0.045910     0.049805     0.073613     0.059236     0.099273     0.086007
104               NaN          NaN          NaN          NaN          NaN          NaN          NaN          NaN          NaN          NaN          NaN          NaN          NaN          NaN          NaN          NaN          NaN
105          0.023830     0.027013     0.036365     0.024667     0.032134     0.027482     0.025334     0.031858     0.032451     0.028804     0.045732     0.020069     0.032023     0.037433     0.036590     0.034092     0.037084
106          0.023578     0.025171     0.032982     0.023470     0.029428     0.024964     0.023023     0.028606     0.030008     0.025435     0.042167     0.023253     0.030487     0.034080     0.033737     0.031664     0.032975
107          0.023578     0.025171     0.032982     0.023470     0.029428     0.024964     0.023023     0.028606     0.030008     0.025435     0.042167     0.023253     0.030487     0.034080     0.033737     0.031664     0.032975
108          0.039387     0.044260     0.042141     0.039343     0.040677     0.043131     0.042437     0.050861     0.056332     0.039528     0.066338     0.040443     0.050982     0.062817     0.057533     0.055085     0.061629
109          0.039387     0.044260     0.042141     0.039343     0.040677     0.043131     0.042437     0.050861     0.056332     0.039528     0.066338     0.040443     0.050982     0.062817     0.057533     0.055085     0.061629
110          0.039387     0.044260     0.042141     0.039343     0.040677     0.043131     0.042437     0.050861     0.056332     0.039528     0.066338     0.040443     0.050982     0.062817     0.057533     0.055085     0.061629
111          0.039387     0.044260     0.042141     0.039343     0.040677     0.043131     0.042437     0.050861     0.056332     0.039528     0.066338     0.040443     0.050982     0.062817     0.057533     0.055085     0.061629
112          0.046879     0.055083     0.045980     0.053220     0.052109     0.058591     0.052153     0.057645     0.071710     0.042485     0.077228     0.045691     0.059065     0.073488     0.072918     0.068688     0.067218
113          0.110605     0.128477     0.117712     0.108330     0.104143     0.119581     0.113098     0.174902     0.148313     0.112729     0.155611     0.089722     0.136575     0.188124     0.175488     0.121645     0.111908
114          0.087621     0.109038     0.088964     0.090139     0.092403     0.102939     0.095488     0.135260     0.128085     0.090137     0.121780     0.073523     0.104452     0.150708     0.137937     0.100830     0.099955
115          0.087621     0.109038     0.088964     0.090139     0.092403     0.102939     0.095488     0.135260     0.128085     0.090137     0.121780     0.073523     0.104452     0.150708     0.137937     0.100830     0.099955
116          0.087621     0.109038     0.088964     0.090139     0.092403     0.102939     0.095488     0.135260     0.128085     0.090137     0.121780     0.073523     0.104452     0.150708     0.137937     0.100830     0.099955
117          0.087621     0.109038     0.088964     0.090139     0.092403     0.102939     0.095488     0.135260     0.128085     0.090137     0.121780     0.073523     0.104452     0.150708     0.137937     0.100830     0.099955
118          0.087621     0.109038     0.088964     0.090139     0.092403     0.102939     0.095488     0.135260     0.128085     0.090137     0.121780     0.073523     0.104452     0.150708     0.137937     0.100830     0.099955
119          0.087621     0.109038     0.088964     0.090139     0.092403     0.102939     0.095488     0.135260     0.128085     0.090137     0.121780     0.073523     0.104452     0.150708     0.137937     0.100830     0.099955
120          0.087621     0.109038     0.088964     0.090139     0.092403     0.102939     0.095488     0.135260     0.128085     0.090137     0.121780     0.073523     0.104452     0.150708     0.137937     0.100830     0.099955
121          0.087621     0.109038     0.088964     0.090139     0.092403     0.102939     0.095488     0.135260     0.128085     0.090137     0.121780     0.073523     0.104452     0.150708     0.137937     0.100830     0.099955
122          0.033769     0.030151     0.019107     0.021056     0.039883     0.030278     0.029066     0.042413     0.040110     0.026163     0.042054     0.026915     0.045923     0.039350     0.037959     0.039377     0.041015
123          0.024284     0.023473     0.015306     0.016028     0.027923     0.021880     0.020839     0.030326     0.029655     0.019244     0.029718     0.020732     0.031870     0.029041     0.027399     0.028270     0.030497
124          0.024284     0.023473     0.015306     0.016028     0.027923     0.021880     0.020839     0.030326     0.029655     0.019244     0.029718     0.020732     0.031870     0.029041     0.027399     0.028270     0.030497
125          0.024284     0.023473     0.015306     0.016028     0.027923     0.021880     0.020839     0.030326     0.029655     0.019244     0.029718     0.020732     0.031870     0.029041     0.027399     0.028270     0.030497
126          0.021573     0.024983     0.015660     0.019882     0.018099     0.019032     0.021524     0.018028     0.027641     0.016322     0.023042     0.016636     0.018868     0.023838     0.018807     0.022332     0.023998
127          0.028253     0.032023     0.020551     0.020423     0.029593     0.019912     0.022767     0.019098     0.027474     0.017493     0.029505     0.017133     0.023867     0.021209     0.025212     0.028306     0.026216
128          0.028253     0.032023     0.020551     0.020423     0.029593     0.019912     0.022767     0.019098     0.027474     0.017493     0.029505     0.017133     0.023867     0.021209     0.025212     0.028306     0.026216
129          0.028253     0.032023     0.020551     0.020423     0.029593     0.019912     0.022767     0.019098     0.027474     0.017493     0.029505     0.017133     0.023867     0.021209     0.025212     0.028306     0.026216
130          0.028253     0.032023     0.020551     0.020423     0.029593     0.019912     0.022767     0.019098     0.027474     0.017493     0.029505     0.017133     0.023867     0.021209     0.025212     0.028306     0.026216
131          0.028253     0.032023     0.020551     0.020423     0.029593     0.019912     0.022767     0.019098     0.027474     0.017493     0.029505     0.017133     0.023867     0.021209     0.025212     0.028306     0.026216
132          0.028253     0.032023     0.020551     0.020423     0.029593     0.019912     0.022767     0.019098     0.027474     0.017493     0.029505     0.017133     0.023867     0.021209     0.025212     0.028306     0.026216
133          0.028253     0.032023     0.020551     0.020423     0.029593     0.019912     0.022767     0.019098     0.027474     0.017493     0.029505     0.017133     0.023867     0.021209     0.025212     0.028306     0.026216
134          0.031448     0.032665     0.019557     0.027585     0.022133     0.024649     0.030740     0.017643     0.035379     0.018993     0.032094     0.016726     0.025766     0.026697     0.023528     0.030075     0.025730
135          0.021574     0.024290     0.017202     0.019380     0.019708     0.019702     0.022205     0.015681     0.026509     0.014968     0.026156     0.014951     0.022214     0.021470     0.023947     0.025551     0.023896
136          0.028013     0.030053     0.025734     0.021468     0.029456     0.027961     0.027681     0.024439     0.034202     0.021792     0.039871     0.021927     0.034725     0.029187     0.040423     0.040356     0.036816
137          0.028013     0.030053     0.025734     0.021468     0.029456     0.027961     0.027681     0.024439     0.034202     0.021792     0.039871     0.021927     0.034725     0.029187     0.040423     0.040356     0.036816
138          0.028013     0.030053     0.025734     0.021468     0.029456     0.027961     0.027681     0.024439     0.034202     0.021792     0.039871     0.021927     0.034725     0.029187     0.040423     0.040356     0.036816
139          0.058686     0.041513     0.036889     0.034603     0.037132     0.038200     0.037974     0.036373     0.040742     0.033731     0.046775     0.033998     0.038284     0.038864     0.044842     0.041013     0.041443
140          0.058686     0.041513     0.036889     0.034603     0.037132     0.038200     0.037974     0.036373     0.040742     0.033731     0.046775     0.033998     0.038284     0.038864     0.044842     0.041013     0.041443
141          0.058686     0.041513     0.036889     0.034603     0.037132     0.038200     0.037974     0.036373     0.040742     0.033731     0.046775     0.033998     0.038284     0.038864     0.044842     0.041013     0.041443
142               NaN          NaN          NaN          NaN          NaN          NaN          NaN          NaN          NaN          NaN          NaN          NaN          NaN          NaN          NaN          NaN          NaN
143          0.058686     0.041513     0.036889     0.034603     0.037132     0.038200     0.037974     0.036373     0.040742     0.033731     0.046775     0.033998     0.038284     0.038864     0.044842     0.041013     0.041443
144          0.058686     0.041513     0.036889     0.034603     0.037132     0.038200     0.037974     0.036373     0.040742     0.033731     0.046775     0.033998     0.038284     0.038864     0.044842     0.041013     0.041443
145          0.058686     0.041513     0.036889     0.034603     0.037132     0.038200     0.037974     0.036373     0.040742     0.033731     0.046775     0.033998     0.038284     0.038864     0.044842     0.041013     0.041443
146          0.058686     0.041513     0.036889     0.034603     0.037132     0.038200     0.037974     0.036373     0.040742     0.033731     0.046775     0.033998     0.038284     0.038864     0.044842     0.041013     0.041443
147          0.058686     0.041513     0.036889     0.034603     0.037132     0.038200     0.037974     0.036373     0.040742     0.033731     0.046775     0.033998     0.038284     0.038864     0.044842     0.041013     0.041443
148               NaN          NaN          NaN          NaN          NaN          NaN          NaN          NaN          NaN          NaN          NaN          NaN          NaN          NaN          NaN          NaN          NaN
149          0.058686     0.041513     0.036889     0.034603     0.037132     0.038200     0.037974     0.036373     0.040742     0.033731     0.046775     0.033998     0.038284     0.038864     0.044842     0.041013     0.041443
150          0.058686     0.041513     0.036889     0.034603     0.037132     0.038200     0.037974     0.036373     0.040742     0.033731     0.046775     0.033998     0.038284     0.038864     0.044842     0.041013     0.041443
151          0.058686     0.041513     0.036889     0.034603     0.037132     0.038200     0.037974     0.036373     0.040742     0.033731     0.046775     0.033998     0.038284     0.038864     0.044842     0.041013     0.041443
152          0.058686     0.041513     0.036889     0.034603     0.037132     0.038200     0.037974     0.036373     0.040742     0.033731     0.046775     0.033998     0.038284     0.038864     0.044842     0.041013     0.041443
153               NaN          NaN          NaN          NaN          NaN          NaN          NaN          NaN          NaN          NaN          NaN          NaN          NaN          NaN          NaN          NaN          NaN
154          0.058686     0.041513     0.036889     0.034603     0.037132     0.038200     0.037974     0.036373     0.040742     0.033731     0.046775     0.033998     0.038284     0.038864     0.044842     0.041013     0.041443
155          0.058686     0.041513     0.036889     0.034603     0.037132     0.038200     0.037974     0.036373     0.040742     0.033731     0.046775     0.033998     0.038284     0.038864     0.044842     0.041013     0.041443
156               NaN          NaN          NaN          NaN          NaN          NaN          NaN          NaN          NaN          NaN          NaN          NaN          NaN          NaN          NaN          NaN          NaN
157          0.058686     0.041513     0.036889     0.034603     0.037132     0.038200     0.037974     0.036373     0.040742     0.033731     0.046775     0.033998     0.038284     0.038864     0.044842     0.041013     0.041443
158          0.058686     0.041513     0.036889     0.034603     0.037132     0.038200     0.037974     0.036373     0.040742     0.033731     0.046775     0.033998     0.038284     0.038864     0.044842     0.041013     0.041443
159          0.058686     0.041513     0.036889     0.034603     0.037132     0.038200     0.037974     0.036373     0.040742     0.033731     0.046775     0.033998     0.038284     0.038864     0.044842     0.041013     0.041443
160          0.058686     0.041513     0.036889     0.034603     0.037132     0.038200     0.037974     0.036373     0.040742     0.033731     0.046775     0.033998     0.038284     0.038864     0.044842     0.041013     0.041443
161          0.006713     0.032295     0.038212     0.011002     0.032856     0.033927     0.030351     0.026962     0.048734     0.010217     0.065406     0.031965     0.038468     0.037590     0.050887     0.053672     0.017468
162          0.006713     0.032295     0.038212     0.011002     0.032856     0.033927     0.030351     0.026962     0.048734     0.010217     0.065406     0.031965     0.038468     0.037590     0.050887     0.053672     0.017468