exposure  0.06000      4.98000      10.02000     19.98000     30.00000     39.96000     60.00000     150.00000    300.00000    600.00000    900.00006    1200.00000   1800.00012   2700.00024   3600.00024   10800.00090  86400.00732
r_number                                                                                                                                                                                                                             
4            0.213713     0.558050     0.518077     0.544531     0.557613     0.594571     0.548046     0.633143     0.614703     0.665583     0.641130     0.683221     0.690146     0.699235     0.705291     0.742642     0.857342
5            0.213713     0.558050     0.518077     0.544531     0.557613     0.594571     0.548046     0.633143     0.614703     0.665583     0.641130     0.683221     0.690146     0.699235     0.705291     0.742642     0.857342
6            0.213713     0.558050     0.518077     0.544531     0.557613     0.594571     0.548046     0.633143     0.614703     0.665583     0.641130     0.683221     0.690146     0.699235     0.705291     0.742642     0.857342
7            0.213713     0.558050     0.518077     0.544531     0.557613     0.594571     0.548046     0.633143     0.614703     0.665583     0.641130     0.683221     0.690146     0.699235     0.705291     0.742642     0.857342
8            0.215028     0.545043     0.510783     0.542191     0.558267     0.607136     0.561453     0.631211     0.609619     0.656779     0.630060     0.659715     0.677019     0.680783     0.693532     0.718448     0.858701
9            0.215028     0.545043     0.510783     0.542191     0.558267     0.607136     0.561453     0.631211     0.609619     0.656779     0.630060     0.659715     0.677019     0.680783     0.693532     0.718448     0.858701
10           0.215028     0.545043     0.510783     0.542191     0.558267     0.607136     0.561453     0.631211     0.609619     0.656779     0.630060     0.659715     0.677019     0.680783     0.693532     0.718448     0.858701
11           0.215028     0.545043     0.510783     0.542191     0.558267     0.607136     0.561453     0.631211     0.609619     0.656779     0.630060     0.659715     0.677019     0.680783     0.693532     0.718448     0.858701
12           0.215028     0.545043     0.510783     0.542191     0.558267     0.607136     0.561453     0.631211     0.609619     0.656779     0.630060     0.659715     0.677019     0.680783     0.693532     0.718448     0.858701
13           0.215028     0.545043     0.510783     0.542191     0.558267     0.607136     0.561453     0.631211     0.609619     0.656779     0.630060     0.659715     0.677019     0.680783     0.693532     0.718448     0.858701
14                NaN          NaN          NaN          NaN          NaN          NaN          NaN          NaN          NaN          NaN          NaN          NaN          NaN          NaN          NaN          NaN          NaN
15           0.030528     0.253502     0.269458     0.308258     0.331194     0.337183     0.339981     0.416802     0.428239     0.475229     0.469303     0.509365     0.539664     0.537168     0.563738     0.629152     0.808839
16           0.030528     0.253502     0.269458     0.308258     0.331194     0.337183     0.339981     0.416802     0.428239     0.475229     0.469303     0.509365     0.539664     0.537168     0.563738     0.629152     0.808839
17           0.030528     0.253502     0.269458     0.308258     0.331194     0.337183     0.339981     0.416802     0.428239     0.475229     0.469303     0.509365     0.539664     0.537168     0.563738     0.629152     0.808839
18           0.030528     0.253502     0.269458     0.308258     0.331194     0.337183     0.339981     0.416802     0.428239     0.475229     0.469303     0.509365     0.539664     0.537168     0.563738     0.629152     0.808839
19           0.030528     0.253502     0.269458     0.308258     0.331194     0.337183     0.339981     0.416802     0.428239     0.475229     0.469303     0.509365     0.539664     0.537168     0.563738     0.629152     0.808839
20                NaN          NaN          NaN          NaN          NaN          NaN          NaN          NaN          NaN          NaN          NaN          NaN          NaN          NaN          NaN          NaN          NaN
21           0.030528     0.253502     0.269458     0.308258     0.331194     0.337183     0.339981     0.416802     0.428239     0.475229     0.469303     0.509365     0.539664     0.537168     0.563738     0.629152     0.808839
22           0.030528     0.253502     0.269458     0.308258     0.331194     0.337183     0.339981     0.416802     0.428239     0.475229     0.469303     0.509365     0.539664     0.537168     0.563738     0.629152     0.808839
23           0.030528     0.253502     0.269458     0.308258     0.331194     0.337183     0.339981     0.416802     0.428239     0.475229     0.469303     0.509365     0.539664     0.537168     0.563738     0.629152     0.808839
24           0.030528     0.253502     0.269458     0.308258     0.331194     0.337183     0.339981     0.416802     0.428239     0.475229     0.469303     0.509365     0.539664     0.537168     0.563738     0.629152     0.808839
25           0.041301     0.284593     0.301618     0.344082     0.368919     0.378031     0.380310     0.450063     0.455632     0.494546     0.493930     0.529358     0.559163     0.555539     0.579139     0.643894     0.808054
26           0.041301     0.284593     0.301618     0.344082     0.368919     0.378031     0.380310     0.450063     0.455632     0.494546     0.493930     0.529358     0.559163     0.555539     0.579139     0.643894     0.808054
27           0.060277     0.303243     0.306727     0.335791     0.360381     0.374298     0.378956     0.443739     0.448421     0.483643     0.483643     0.520846     0.548769     0.545325     0.569542     0.635923     0.796512
28           0.104524     0.368054     0.386115     0.423599     0.446461     0.461660     0.481221     0.522583     0.518963     0.542324     0.553299     0.579997     0.607325     0.605682     0.630536     0.670056     0.853562
29           0.104524     0.368054     0.386115     0.423599     0.446461     0.461660     0.481221     0.522583     0.518963     0.542324     0.553299     0.579997     0.607325     0.605682     0.630536     0.670056     0.853562
30                NaN          NaN          NaN          NaN          NaN          NaN          NaN          NaN          NaN          NaN          NaN          NaN          NaN          NaN          NaN          NaN          NaN
31           0.111705     0.362050     0.387693     0.417303     0.441970     0.466633     0.478142     0.588720     0.589534     0.635517     0.622646     0.663779     0.673870     0.696524     0.698041     0.788513     0.881473
32           0.111705     0.362050     0.387693     0.417303     0.441970     0.466633     0.478142     0.588720     0.589534     0.635517     0.622646     0.663779     0.673870     0.696524     0.698041     0.788513     0.881473
33           0.089584     0.408750     0.441467     0.479093     0.490195     0.526184     0.504167     0.630060     0.615885     0.661313     0.652744     0.696683     0.714677     0.721186     0.727870     0.793553     0.913907
34           0.089584     0.408750     0.441467     0.479093     0.490195     0.526184     0.504167     0.630060     0.615885     0.661313     0.652744     0.696683     0.714677     0.721186     0.727870     0.793553     0.913907
35           0.073231     0.430531     0.420974     0.450676     0.473008     0.509474     0.483698     0.602197     0.597824     0.653767     0.642732     0.683039     0.701339     0.708964     0.722779     0.780585     0.919684
36           0.073231     0.430531     0.420974     0.450676     0.473008     0.509474     0.483698     0.602197     0.597824     0.653767     0.642732     0.683039     0.701339     0.708964     0.722779     0.780585     0.919684
37           0.084821     0.445287     0.436059     0.465291     0.487804     0.521366     0.499687     0.613630     0.613746     0.664284     0.655581     0.693569     0.711144     0.718303     0.734292     0.789292     0.926424
38           0.084821     0.445287     0.436059     0.465291     0.487804     0.521366     0.499687     0.613630     0.613746     0.664284     0.655581     0.693569     0.711144     0.718303     0.734292     0.789292     0.926424
39           0.080493     0.456763     0.450545     0.480981     0.502781     0.538127     0.516190     0.635689     0.631833     0.679931     0.673079     0.708638     0.726245     0.735107     0.751442     0.802063     0.939426
40           0.076805     0.451430     0.454757     0.484586     0.508186     0.542344     0.520252     0.640705     0.636451     0.685132     0.675568     0.709064     0.729531     0.733443     0.753735     0.801102     0.937111
41           0.076805     0.451430     0.454757     0.484586     0.508186     0.542344     0.520252     0.640705     0.636451     0.685132     0.675568     0.709064     0.729531     0.733443     0.753735     0.801102     0.937111
42           0.076805     0.451430     0.454757     0.484586     0.508186     0.542344     0.520252     0.640705     0.636451     0.685132     0.675568     0.709064     0.729531     0.733443     0.753735     0.801102     0.937111
43           0.076805     0.451430     0.454757     0.484586     0.508186     0.542344     0.520252     0.640705     0.636451     0.685132     0.675568     0.709064     0.729531     0.733443     0.753735     0.801102     0.937111
44           0.078627     0.458816     0.464485     0.494244     0.518060     0.551672     0.529103     0.651251     0.645968     0.692088     0.684035     0.715484     0.737156     0.740979     0.761874     0.806813     0.941821
45           0.077960     0.451516     0.460175     0.491646     0.514978     0.547098     0.524492     0.646260     0.641631     0.686176     0.679679     0.709990     0.733734     0.737519     0.758202     0.802449     0.941756
46           0.077366     0.454518     0.458157     0.492860     0.517153     0.546523     0.522998     0.647577     0.643683     0.685731     0.681106     0.711071     0.735819     0.743777     0.762278     0.806566     0.949178
47           0.071454     0.431156     0.439947     0.474923     0.500848     0.528796     0.506457     0.630892     0.627371     0.669637     0.663420     0.695948     0.720676     0.727639     0.748505     0.792670     0.941099
48           0.072005     0.413812     0.428212     0.463646     0.490898     0.513842     0.494204     0.615323     0.617683     0.658773     0.650782     0.683558     0.709911     0.714105     0.736146     0.781948     0.931354
49           0.024225     0.266911     0.299684     0.338236     0.368913     0.392449     0.362089     0.482848     0.475961     0.522530     0.509878     0.553694     0.589101     0.584237     0.617418     0.663302     0.864205
50           0.016109     0.232851     0.269143     0.305113     0.334908     0.360474     0.324867     0.446468     0.438191     0.482566     0.471854     0.517633     0.553693     0.547134     0.583537     0.634957     0.844091
51           0.009271     0.205880     0.244540     0.281364     0.311434     0.336205     0.299418     0.420612     0.410049     0.453940     0.443819     0.490206     0.529051     0.520505     0.558397     0.611312     0.831419
52           0.009271     0.205880     0.244540     0.281364     0.311434     0.336205     0.299418     0.420612     0.410049     0.453940     0.443819     0.490206     0.529051     0.520505     0.558397     0.611312     0.831419
53           0.009271     0.205880     0.244540     0.281364     0.311434     0.336205     0.299418     0.420612     0.410049     0.453940     0.443819     0.490206     0.529051     0.520505     0.558397     0.611312     0.831419
54           0.009271     0.205880     0.244540     0.281364     0.311434     0.336205     0.299418     0.420612     0.410049     0.453940     0.443819     0.490206     0.529051     0.520505     0.558397     0.611312     0.831419
55           0.009271     0.205880     0.244540     0.281364     0.311434     0.336205     0.299418     0.420612     0.410049     0.453940     0.443819     0.490206     0.529051     0.520505     0.558397     0.611312     0.831419
56                NaN          NaN          NaN          NaN          NaN          NaN          NaN          NaN          NaN          NaN          NaN          NaN          NaN          NaN          NaN          NaN          NaN
57           0.009271     0.205880     0.244540     0.281364     0.311434     0.336205     0.299418     0.420612     0.410049     0.453940     0.443819     0.490206     0.529051     0.520505     0.558397     0.611312     0.831419
58           0.009271     0.205880     0.244540     0.281364     0.311434     0.336205     0.299418     0.420612     0.410049     0.453940     0.443819     0.490206     0.529051     0.520505     0.558397     0.611312     0.831419
59           0.009271     0.205880     0.244540     0.281364     0.311434     0.336205     0.299418     0.420612     0.410049     0.453940     0.443819     0.490206     0.529051     0.520505     0.558397     0.611312     0.831419
60          -0.004671     0.154368     0.189494     0.227738     0.250416     0.284201     0.234185     0.363526     0.354126     0.393240     0.387181     0.437859     0.474597     0.457214     0.506212     0.574334     0.800911
61          -0.007887     0.116864     0.152061     0.187770     0.204149     0.222068     0.176445     0.298691     0.277063     0.326598     0.316393     0.358283     0.407885     0.395621     0.447547     0.503782     0.784681
62          -0.009665     0.096136     0.131372     0.165680     0.178579     0.187728     0.144533     0.262859     0.234473     0.289766     0.277271     0.314303     0.371014     0.361579     0.415124     0.464789     0.775711
63          -0.013897     0.067657     0.110432     0.139408     0.160199     0.170598     0.127301     0.228760     0.207241     0.255678     0.242245     0.279108     0.331003     0.324766     0.361506     0.413844     0.693268
64          -0.013897     0.067657     0.110432     0.139408     0.160199     0.170598     0.127301     0.228760     0.207241     0.255678     0.242245     0.279108     0.331003     0.324766     0.361506     0.413844     0.693268
65          -0.013897     0.067657     0.110432     0.139408     0.160199     0.170598     0.127301     0.228760     0.207241     0.255678     0.242245     0.279108     0.331003     0.324766     0.361506     0.413844     0.693268
66                NaN          NaN          NaN          NaN          NaN          NaN          NaN          NaN          NaN          NaN          NaN          NaN          NaN          NaN          NaN          NaN          NaN
67          -0.013897     0.067657     0.110432     0.139408     0.160199     0.170598     0.127301     0.228760     0.207241     0.255678     0.242245     0.279108     0.331003     0.324766     0.361506     0.413844     0.693268
68          -0.013897     0.067657     0.110432     0.139408     0.160199     0.170598     0.127301     0.228760     0.207241     0.255678     0.242245     0.279108     0.331003     0.324766     0.361506     0.413844     0.693268
69          -0.014018     0.070941     0.116276     0.152325     0.170626     0.178333     0.136013     0.250348     0.224196     0.275918     0.261770     0.302339     0.348450     0.346200     0.389226     0.448228     0.742735
70          -0.012284     0.081677     0.132434     0.171064     0.188736     0.198915     0.159748     0.271715     0.253970     0.306146     0.292033     0.334628     0.379084     0.376845     0.418679     0.482023     0.765902
71          -0.012284     0.081677     0.132434     0.171064     0.188736     0.198915     0.159748     0.271715     0.253970     0.306146     0.292033     0.334628     0.379084     0.376845     0.418679     0.482023     0.765902
72          -0.012284     0.081677     0.132434     0.171064     0.188736     0.198915     0.159748     0.271715     0.253970     0.306146     0.292033     0.334628     0.379084     0.376845     0.418679     0.482023     0.765902
73          -0.013262     0.097426     0.155605     0.188674     0.211949     0.224814     0.179238     0.301828     0.281964     0.335585     0.320228     0.366615     0.414156     0.408361     0.449562     0.514523     0.792050
74          -0.013262     0.097426     0.155605     0.188674     0.211949     0.224814     0.179238     0.301828     0.281964     0.335585     0.320228     0.366615     0.414156     0.408361     0.449562     0.514523     0.792050
75          -0.013262     0.097426     0.155605     0.188674     0.211949     0.224814     0.179238     0.301828     0.281964     0.335585     0.320228     0.366615     0.414156     0.408361     0.449562     0.514523     0.792050
76          -0.013262     0.097426     0.155605     0.188674     0.211949     0.224814     0.179238     0.301828     0.281964     0.335585     0.320228     0.366615     0.414156     0.408361     0.449562     0.514523     0.792050
77          -0.014551     0.101700     0.162177     0.200931     0.223355     0.241981     0.214409     0.319553     0.316570     0.368350     0.354731     0.404323     0.450899     0.447090     0.484562     0.560061     0.816014
78          -0.014551     0.101700     0.162177     0.200931     0.223355     0.241981     0.214409     0.319553     0.316570     0.368350     0.354731     0.404323     0.450899     0.447090     0.484562     0.560061     0.816014
79          -0.014551     0.101700     0.162177     0.200931     0.223355     0.241981     0.214409     0.319553     0.316570     0.368350     0.354731     0.404323     0.450899     0.447090     0.484562     0.560061     0.816014
80          -0.014551     0.101700     0.162177     0.200931     0.223355     0.241981     0.214409     0.319553     0.316570     0.368350     0.354731     0.404323     0.450899     0.447090     0.484562     0.560061     0.816014
81          -0.014551     0.101700     0.162177     0.200931     0.223355     0.241981     0.214409     0.319553     0.316570     0.368350     0.354731     0.404323     0.450899     0.447090     0.484562     0.560061     0.816014
82          -0.014551     0.101700     0.162177     0.200931     0.223355     0.241981     0.214409     0.319553     0.316570     0.368350     0.354731     0.404323     0.450899     0.447090     0.484562     0.560061     0.816014
83          -0.003725     0.119153     0.181645     0.220258     0.242340     0.257500     0.232343     0.327444     0.335877     0.385399     0.382367     0.424008     0.465652     0.473073     0.509132     0.579131     0.810076
84          -0.000800     0.334786     0.398354     0.449682     0.477294     0.505636     0.446147     0.575851     0.575478     0.633606     0.645521     0.663372     0.712651     0.722950     0.761063     0.832942     0.986950
85           0.014810     0.364873     0.427302     0.475614     0.506143     0.529988     0.475766     0.602979     0.603148     0.656903     0.669694     0.688088     0.735117     0.742282     0.780251     0.834221     0.983648
86           0.014810     0.364873     0.427302     0.475614     0.506143     0.529988     0.475766     0.602979     0.603148     0.656903     0.669694     0.688088     0.735117     0.742282     0.780251     0.834221     0.983648
87           0.014810     0.364873     0.427302     0.475614     0.506143     0.529988     0.475766     0.602979     0.603148     0.656903     0.669694     0.688088     0.735117     0.742282     0.780251     0.834221     0.983648
88           0.014810     0.364873     0.427302     0.475614     0.506143     0.529988     0.475766     0.602979     0.603148     0.656903     0.669694     0.688088     0.735117     0.742282     0.780251     0.834221     0.983648
89           0.014810     0.364873     0.427302     0.475614     0.506143     0.529988     0.475766     0.602979     0.603148     0.656903     0.669694     0.688088     0.735117     0.742282     0.780251     0.834221     0.983648
90                NaN          NaN          NaN          NaN          NaN          NaN          NaN          NaN          NaN          NaN          NaN          NaN          NaN          NaN          NaN          NaN          NaN
91           0.014810     0.364873     0.427302     0.475614     0.506143     0.529988     0.475766     0.602979     0.603148     0.656903     0.669694     0.688088     0.735117     0.742282     0.780251     0.834221     0.983648
92           0.014810     0.364873     0.427302     0.475614     0.506143     0.529988     0.475766     0.602979     0.603148     0.656903     0.669694     0.688088     0.735117     0.742282     0.780251     0.834221     0.983648
93           0.014810     0.364873     0.427302     0.475614     0.506143     0.529988     0.475766     0.602979     0.603148     0.656903     0.669694     0.688088     0.735117     0.742282     0.780251     0.834221     0.983648
94           0.043199     0.434767     0.490395     0.530658     0.573047     0.581819     0.554373     0.677693     0.671154     0.722262     0.736221     0.746527     0.797818     0.789851     0.830217     0.846737     1.000179
95           0.084409     0.566549     0.610074     0.648444     0.671437     0.683903     0.661816     0.755920     0.761612     0.808277     0.817298     0.828101     0.871602     0.861954     0.896041     0.918938     1.002542
96           0.084409     0.566549     0.610074     0.648444     0.671437     0.683903     0.661816     0.755920     0.761612     0.808277     0.817298     0.828101     0.871602     0.861954     0.896041     0.918938     1.002542
97           0.105320     0.617812     0.656861     0.695882     0.712603     0.732049     0.707567     0.791722     0.802453     0.842599     0.850496     0.864670     0.903238     0.891073     0.923746     0.942549     1.002041
98           0.127975     0.677232     0.708965     0.746171     0.757355     0.775785     0.755254     0.825100     0.842421     0.878622     0.885778     0.899749     0.934087     0.922342     0.951100     0.966662     1.001069
99           0.127975     0.677232     0.708965     0.746171     0.757355     0.775785     0.755254     0.825100     0.842421     0.878622     0.885778     0.899749     0.934087     0.922342     0.951100     0.966662     1.001069
100          0.127975     0.677232     0.708965     0.746171     0.757355     0.775785     0.755254     0.825100     0.842421     0.878622     0.885778     0.899749     0.934087     0.922342     0.951100     0.966662     1.001069
101               NaN          NaN          NaN          NaN          NaN          NaN          NaN          NaN          NaN          NaN          NaN          NaN          NaN          NaN          NaN          NaN          NaN
102          0.000831     0.387596     0.396890     0.425570     0.436330     0.451825     0.412199     0.510473     0.526188     0.587119     0.610982     0.631496     0.684889     0.655063     0.707236     0.762304     0.984610
103          0.000831     0.387596     0.396890     0.425570     0.436330     0.451825     0.412199     0.510473     0.526188     0.587119     0.610982     0.631496     0.684889     0.655063     0.707236     0.762304     0.984610
104          0.000831     0.387596     0.396890     0.425570     0.436330     0.451825     0.412199     0.510473     0.526188     0.587119     0.610982     0.631496     0.684889     0.655063     0.707236     0.762304     0.984610
105          0.000831     0.387596     0.396890     0.425570     0.436330     0.451825     0.412199     0.510473     0.526188     0.587119     0.610982     0.631496     0.684889     0.655063     0.707236     0.762304     0.984610
106          0.000831     0.387596     0.396890     0.425570     0.436330     0.451825     0.412199     0.510473     0.526188     0.587119     0.610982     0.631496     0.684889     0.655063     0.707236     0.762304     0.984610
107          0.000831     0.387596     0.396890     0.425570     0.436330     0.451825     0.412199     0.510473     0.526188     0.587119     0.610982     0.631496     0.684889     0.655063     0.707236     0.762304     0.984610
108          0.015004     0.256449     0.295720     0.330847     0.348960     0.374911     0.337344     0.410344     0.448917     0.500619     0.506990     0.535919     0.600017     0.583670     0.644248     0.731495     0.975933
109          0.005961     0.229961     0.260176     0.299067     0.319642     0.342637     0.308674     0.399590     0.424060     0.470476     0.468969     0.505454     0.570506     0.551742     0.608608     0.689286     0.968145
110               NaN          NaN          NaN          NaN          NaN          NaN          NaN          NaN          NaN          NaN          NaN          NaN          NaN          NaN          NaN          NaN          NaN
111          0.106492     0.873100     0.938663     1.008359     1.025118     1.045836     1.051925     1.087990     1.111268     1.138796     1.161559     1.166025     1.179074     1.218048     1.218724     1.205288     1.205801
112          0.106492     0.873100     0.938663     1.008359     1.025118     1.045836     1.051925     1.087990     1.111268     1.138796     1.161559     1.166025     1.179074     1.218048     1.218724     1.205288     1.205801
113          0.106492     0.873100     0.938663     1.008359     1.025118     1.045836     1.051925     1.087990     1.111268     1.138796     1.161559     1.166025     1.179074     1.218048     1.218724     1.205288     1.205801
114          0.106492     0.873100     0.938663     1.008359     1.025118     1.045836     1.051925     1.087990     1.111268     1.138796     1.161559     1.166025     1.179074     1.218048     1.218724     1.205288     1.205801
115          0.106492     0.873100     0.938663     1.008359     1.025118     1.045836     1.051925     1.087990     1.111268     1.138796     1.161559     1.166025     1.179074     1.218048     1.218724     1.205288     1.205801
116          0.152732     0.729675     0.783986     0.839093     0.862826     0.892060     0.900869     0.962345     0.968653     0.986011     1.004838     1.002354     1.008968     1.021427     1.032320     1.030750     1.062951
117          0.152732     0.729675     0.783986     0.839093     0.862826     0.892060     0.900869     0.962345     0.968653     0.986011     1.004838     1.002354     1.008968     1.021427     1.032320     1.030750     1.062951
118          0.152732     0.729675     0.783986     0.839093     0.862826     0.892060     0.900869     0.962345     0.968653     0.986011     1.004838     1.002354     1.008968     1.021427     1.032320     1.030750     1.062951
119          0.152732     0.729675     0.783986     0.839093     0.862826     0.892060     0.900869     0.962345     0.968653     0.986011     1.004838     1.002354     1.008968     1.021427     1.032320     1.030750     1.062951
120          0.169332     0.678189     0.728461     0.778331     0.804567     0.836858     0.846644     0.917242     0.917459     0.931165     0.948580     0.943601     0.947905     0.950845     0.965405     0.968095     1.011672
121          0.169332     0.678189     0.728461     0.778331     0.804567     0.836858     0.846644     0.917242     0.917459     0.931165     0.948580     0.943601     0.947905     0.950845     0.965405     0.968095     1.011672
122          0.227890     0.717662     0.754758     0.815997     0.828582     0.875609     0.880720     0.975311     0.962753     0.957999     0.987105     0.976192     0.986028     0.983726     1.000677     0.997041     1.035024
123          0.211791     0.581784     0.622660     0.606160     0.609742     0.642611     0.610789     0.747714     0.716586     0.757812     0.788293     0.795551     0.860786     0.863277     0.864737     0.953872     0.999386
124          0.193413     0.503570     0.538927     0.546283     0.566469     0.594662     0.574620     0.685642     0.668311     0.699184     0.726039     0.739548     0.786568     0.793578     0.804007     0.869936     0.962568
125          0.193413     0.503570     0.538927     0.546283     0.566469     0.594662     0.574620     0.685642     0.668311     0.699184     0.726039     0.739548     0.786568     0.793578     0.804007     0.869936     0.962568
126          0.193413     0.503570     0.538927     0.546283     0.566469     0.594662     0.574620     0.685642     0.668311     0.699184     0.726039     0.739548     0.786568     0.793578     0.804007     0.869936     0.962568
127          0.193413     0.503570     0.538927     0.546283     0.566469     0.594662     0.574620     0.685642     0.668311     0.699184     0.726039     0.739548     0.786568     0.793578     0.804007     0.869936     0.962568
128          0.193413     0.503570     0.538927     0.546283     0.566469     0.594662     0.574620     0.685642     0.668311     0.699184     0.726039     0.739548     0.786568     0.793578     0.804007     0.869936     0.962568
129          0.193413     0.503570     0.538927     0.546283     0.566469     0.594662     0.574620     0.685642     0.668311     0.699184     0.726039     0.739548     0.786568     0.793578     0.804007     0.869936     0.962568
130          0.193797     0.469165     0.509828     0.532976     0.563273     0.588302     0.574418     0.666014     0.657513     0.682265     0.707493     0.719552     0.760269     0.759854     0.786078     0.817779     0.953587
131          0.082112     0.277827     0.288316     0.321583     0.347056     0.378402     0.383997     0.459571     0.455994     0.492344     0.500134     0.538063     0.564034     0.579216     0.594183     0.659909     0.820191
132          0.082112     0.277827     0.288316     0.321583     0.347056     0.378402     0.383997     0.459571     0.455994     0.492344     0.500134     0.538063     0.564034     0.579216     0.594183     0.659909     0.820191
133          0.082112     0.277827     0.288316     0.321583     0.347056     0.378402     0.383997     0.459571     0.455994     0.492344     0.500134     0.538063     0.564034     0.579216     0.594183     0.659909     0.820191
134          0.082112     0.277827     0.288316     0.321583     0.347056     0.378402     0.383997     0.459571     0.455994     0.492344     0.500134     0.538063     0.564034     0.579216     0.594183     0.659909     0.820191
135          0.060341     0.240751     0.247919     0.289384     0.313355     0.349058     0.351244     0.429446     0.427056     0.469607     0.472540     0.511892     0.540143     0.550910     0.570917     0.633896     0.811377
136          0.058702     0.230447     0.241144     0.278944     0.304938     0.339040     0.331343     0.417494     0.407146     0.451022     0.449328     0.490706     0.524710     0.528428     0.552090     0.612646     0.805992
137          0.050316     0.177739     0.206486     0.225544     0.261881     0.287799     0.229542     0.356359     0.305298     0.355951     0.330592     0.382329     0.445768     0.413424     0.455787     0.503947     0.778447
138         -0.001054     0.170245     0.277806     0.282645     0.334294     0.348251     0.243237     0.352519     0.326222     0.352102     0.380720     0.390504     0.502573     0.447958     0.531541     0.550485     0.956704
139         -0.001054     0.170245     0.277806     0.282645     0.334294     0.348251     0.243237     0.352519     0.326222     0.352102     0.380720     0.390504     0.502573     0.447958     0.531541     0.550485     0.956704
140         -0.001054     0.170245     0.277806     0.282645     0.334294     0.348251     0.243237     0.352519     0.326222     0.352102     0.380720     0.390504     0.502573     0.447958     0.531541     0.550485     0.956704
141          0.006840     0.159288     0.252508     0.257694     0.299372     0.315714     0.230399     0.332717     0.301914     0.342902     0.356806     0.366700     0.462749     0.415810     0.486832     0.519392     0.885417
142          0.006840     0.159288     0.252508     0.257694     0.299372     0.315714     0.230399     0.332717     0.301914     0.342902     0.356806     0.366700     0.462749     0.415810     0.486832     0.519392     0.885417
143          0.006840     0.159288     0.252508     0.257694     0.299372     0.315714     0.230399     0.332717     0.301914     0.342902     0.356806     0.366700     0.462749     0.415810     0.486832     0.519392     0.885417
144          0.006840     0.159288     0.252508     0.257694     0.299372     0.315714     0.230399     0.332717     0.301914     0.342902     0.356806     0.366700     0.462749     0.415810     0.486832     0.519392     0.885417
145          0.006840     0.159288     0.252508     0.257694     0.299372     0.315714     0.230399     0.332717     0.301914     0.342902     0.356806     0.366700     0.462749     0.415810     0.486832     0.519392     0.885417
146          0.006840     0.159288     0.252508     0.257694     0.299372     0.315714     0.230399     0.332717     0.301914     0.342902     0.356806     0.366700     0.462749     0.415810     0.486832     0.519392     0.885417
147          0.006840     0.159288     0.252508     0.257694     0.299372     0.315714     0.230399     0.332717     0.301914     0.342902     0.356806     0.366700     0.462749     0.415810     0.486832     0.519392     0.885417
148          0.006840     0.159288     0.252508     0.257694     0.299372     0.315714     0.230399     0.332717     0.301914     0.342902     0.356806     0.366700     0.462749     0.415810     0.486832     0.519392     0.885417
149          0.021266     0.135223     0.214442     0.224958     0.246548     0.267647     0.198965     0.301143     0.280770     0.341251     0.335731     0.355240     0.430762     0.391681     0.451524     0.493832     0.812670
150               NaN          NaN          NaN          NaN          NaN          NaN          NaN          NaN          NaN          NaN          NaN          NaN          NaN          NaN          NaN          NaN          NaN
151          0.054571     0.174024     0.217376     0.244212     0.255460     0.279235     0.220291     0.308955     0.301011     0.358434     0.350186     0.371340     0.431580     0.414137     0.458643     0.508692     0.781321
152          0.054571     0.174024     0.217376     0.244212     0.255460     0.279235     0.220291     0.308955     0.301011     0.358434     0.350186     0.371340     0.431580     0.414137     0.458643     0.508692     0.781321
153          0.054571     0.174024     0.217376     0.244212     0.255460     0.279235     0.220291     0.308955     0.301011     0.358434     0.350186     0.371340     0.431580     0.414137     0.458643     0.508692     0.781321
154          0.094256     0.216109     0.217710     0.254260     0.268135     0.289247     0.250083     0.337333     0.331462     0.385992     0.366826     0.405913     0.450409     0.448158     0.474220     0.533261     0.754279
155          0.094256     0.216109     0.217710     0.254260     0.268135     0.289247     0.250083     0.337333     0.331462     0.385992     0.366826     0.405913     0.450409     0.448158     0.474220     0.533261     0.754279
156          0.094256     0.216109     0.217710     0.254260     0.268135     0.289247     0.250083     0.337333     0.331462     0.385992     0.366826     0.405913     0.450409     0.448158     0.474220     0.533261     0.754279
157          0.094256     0.216109     0.217710     0.254260     0.268135     0.289247     0.250083     0.337333     0.331462     0.385992     0.366826     0.405913     0.450409     0.448158     0.474220     0.533261     0.754279
158               NaN          NaN          NaN          NaN          NaN          NaN          NaN          NaN          NaN          NaN          NaN          NaN          NaN          NaN          NaN          NaN          NaN
159         -0.034971     0.501184     0.483785     0.500600     0.550386     0.501251     0.459808     0.534895     0.524299     0.616126     0.634178     0.642885     0.710636     0.719528     0.828931     0.772148     1.113988
160         -0.034971     0.501184     0.483785     0.500600     0.550386     0.501251     0.459808     0.534895     0.524299     0.616126     0.634178     0.642885     0.710636     0.719528     0.828931     0.772148     1.113988
161         -0.034971     0.501184     0.483785     0.500600     0.550386     0.501251     0.459808     0.534895     0.524299     0.616126     0.634178     0.642885     0.710636     0.719528     0.828931     0.772148     1.113988
162         -0.034971     0.501184     0.483785     0.500600     0.550386     0.501251     0.459808     0.534895     0.524299     0.616126     0.634178     0.642885     0.710636     0.719528     0.828931     0.772148     1.113988
163         -0.034971     0.501184     0.483785     0.500600     0.550386     0.501251     0.459808     0.534895     0.524299     0.616126     0.634178     0.642885     0.710636     0.719528     0.828931     0.772148     1.113988
164         -0.034971     0.501184     0.483785     0.500600     0.550386     0.501251     0.459808     0.534895     0.524299     0.616126     0.634178     0.642885     0.710636     0.719528     0.828931     0.772148     1.113988