exposure  0.06000      4.98000      9.96000      19.98000     30.00000     39.96000     60.00000     150.00000    300.00000    600.00000    900.00006    1200.00000   1800.00012   2700.00024   3600.00024   9000.00000   86400.00732
r_number                                                                                                                                                                                                                             
-22          0.045599     0.441215     0.499318     0.548063     0.577125     0.603688     0.649312     0.700431     0.733010     0.738880     0.774315     0.782610     0.814568     0.841010     0.853040     0.869142          1.0
-21          0.045599     0.441215     0.499318     0.548063     0.577125     0.603688     0.649312     0.700431     0.733010     0.738880     0.774315     0.782610     0.814568     0.841010     0.853040     0.869142          1.0
-20          0.045599     0.441215     0.499318     0.548063     0.577125     0.603688     0.649312     0.700431     0.733010     0.738880     0.774315     0.782610     0.814568     0.841010     0.853040     0.869142          1.0
-19          0.045599     0.441215     0.499318     0.548063     0.577125     0.603688     0.649312     0.700431     0.733010     0.738880     0.774315     0.782610     0.814568     0.841010     0.853040     0.869142          1.0
-18          0.045599     0.441215     0.499318     0.548063     0.577125     0.603688     0.649312     0.700431     0.733010     0.738880     0.774315     0.782610     0.814568     0.841010     0.853040     0.869142          1.0
-17          0.045599     0.441215     0.499318     0.548063     0.577125     0.603688     0.649312     0.700431     0.733010     0.738880     0.774315     0.782610     0.814568     0.841010     0.853040     0.869142          1.0
-16          0.078896     0.579566     0.617844     0.649348     0.679816     0.702877     0.734659     0.786876     0.808844     0.818563     0.849880     0.847221     0.874726     0.903526     0.913543     0.913405          1.0
-15          0.078896     0.579566     0.617844     0.649348     0.679816     0.702877     0.734659     0.786876     0.808844     0.818563     0.849880     0.847221     0.874726     0.903526     0.913543     0.913405          1.0
-14          0.087334     0.650714     0.682965     0.703735     0.733134     0.755054     0.778614     0.832123     0.846938     0.855936     0.882911     0.878958     0.902509     0.930868     0.933623     0.927970          1.0
-13          0.126067     0.775564     0.785756     0.792836     0.825295     0.843395     0.855568     0.909339     0.916275     0.931448     0.956930     0.938753     0.959950     0.992091     0.999254     0.976112          1.0
-12          0.126067     0.775564     0.785756     0.792836     0.825295     0.843395     0.855568     0.909339     0.916275     0.931448     0.956930     0.938753     0.959950     0.992091     0.999254     0.976112          1.0
-11          0.126067     0.775564     0.785756     0.792836     0.825295     0.843395     0.855568     0.909339     0.916275     0.931448     0.956930     0.938753     0.959950     0.992091     0.999254     0.976112          1.0
-10          0.106069     0.472775     0.550753     0.574289     0.620047     0.645111     0.699290     0.730803     0.806719     0.804284     0.864385     0.852723     0.934694     0.944295     0.963396     0.930344          1.0
-9           0.092031     0.409011     0.471134     0.518643     0.570003     0.589569     0.655302     0.693131     0.746328     0.741465     0.794842     0.785715     0.857469     0.896551     0.907545     0.887310          1.0
-8           0.092031     0.409011     0.471134     0.518643     0.570003     0.589569     0.655302     0.693131     0.746328     0.741465     0.794842     0.785715     0.857469     0.896551     0.907545     0.887310          1.0
-7           0.096932     0.432148     0.496553     0.523612     0.578412     0.608600     0.660742     0.689070     0.756353     0.760304     0.817329     0.816183     0.884433     0.931130     0.935316     0.939383          1.0
-6           0.096932     0.432148     0.496553     0.523612     0.578412     0.608600     0.660742     0.689070     0.756353     0.760304     0.817329     0.816183     0.884433     0.931130     0.935316     0.939383          1.0
-5           0.096932     0.432148     0.496553     0.523612     0.578412     0.608600     0.660742     0.689070     0.756353     0.760304     0.817329     0.816183     0.884433     0.931130     0.935316     0.939383          1.0
-4                NaN          NaN          NaN          NaN          NaN          NaN          NaN          NaN          NaN          NaN          NaN          NaN          NaN          NaN          NaN          NaN          NaN
-3           0.096932     0.432148     0.496553     0.523612     0.578412     0.608600     0.660742     0.689070     0.756353     0.760304     0.817329     0.816183     0.884433     0.931130     0.935316     0.939383          1.0
-2           0.096932     0.432148     0.496553     0.523612     0.578412     0.608600     0.660742     0.689070     0.756353     0.760304     0.817329     0.816183     0.884433     0.931130     0.935316     0.939383          1.0
-1           0.096932     0.432148     0.496553     0.523612     0.578412     0.608600     0.660742     0.689070     0.756353     0.760304     0.817329     0.816183     0.884433     0.931130     0.935316     0.939383          1.0
0            0.109055     0.437121     0.487859     0.476734     0.525487     0.590818     0.606960     0.623403     0.703029     0.730931     0.786024     0.809848     0.863044     0.929321     0.930894     0.996601          1.0
1            0.089095     0.294243     0.365386     0.388264     0.445161     0.455800     0.491922     0.545908     0.592539     0.635647     0.664339     0.677800     0.722037     0.769776     0.786172     0.837713          1.0
2            0.089095     0.294243     0.365386     0.388264     0.445161     0.455800     0.491922     0.545908     0.592539     0.635647     0.664339     0.677800     0.722037     0.769776     0.786172     0.837713          1.0
3            0.089095     0.294243     0.365386     0.388264     0.445161     0.455800     0.491922     0.545908     0.592539     0.635647     0.664339     0.677800     0.722037     0.769776     0.786172     0.837713          1.0
4            0.089095     0.294243     0.365386     0.388264     0.445161     0.455800     0.491922     0.545908     0.592539     0.635647     0.664339     0.677800     0.722037     0.769776     0.786172     0.837713          1.0
5                 NaN          NaN          NaN          NaN          NaN          NaN          NaN          NaN          NaN          NaN          NaN          NaN          NaN          NaN          NaN          NaN          NaN
6            0.089095     0.294243     0.365386     0.388264     0.445161     0.455800     0.491922     0.545908     0.592539     0.635647     0.664339     0.677800     0.722037     0.769776     0.786172     0.837713          1.0
7            0.089095     0.294243     0.365386     0.388264     0.445161     0.455800     0.491922     0.545908     0.592539     0.635647     0.664339     0.677800     0.722037     0.769776     0.786172     0.837713          1.0
8            0.089095     0.294243     0.365386     0.388264     0.445161     0.455800     0.491922     0.545908     0.592539     0.635647     0.664339     0.677800     0.722037     0.769776     0.786172     0.837713          1.0
9            0.073490     0.265272     0.308201     0.343500     0.369710     0.392441     0.427568     0.480058     0.520508     0.563382     0.586171     0.608049     0.646557     0.690783     0.702857     0.776305          1.0
10           0.063068     0.222302     0.264141     0.303340     0.329359     0.349855     0.382190     0.451196     0.489451     0.528147     0.561262     0.572761     0.610907     0.655021     0.667519     0.749249          1.0
11           0.068837     0.220165     0.257217     0.300585     0.330300     0.350311     0.382153     0.445777     0.488595     0.527410     0.555035     0.560828     0.603851     0.649520     0.676626     0.765503          1.0
12           0.068837     0.220165     0.257217     0.300585     0.330300     0.350311     0.382153     0.445777     0.488595     0.527410     0.555035     0.560828     0.603851     0.649520     0.676626     0.765503          1.0
13           0.068837     0.220165     0.257217     0.300585     0.330300     0.350311     0.382153     0.445777     0.488595     0.527410     0.555035     0.560828     0.603851     0.649520     0.676626     0.765503          1.0
14           0.068837     0.220165     0.257217     0.300585     0.330300     0.350311     0.382153     0.445777     0.488595     0.527410     0.555035     0.560828     0.603851     0.649520     0.676626     0.765503          1.0
15           0.068837     0.220165     0.257217     0.300585     0.330300     0.350311     0.382153     0.445777     0.488595     0.527410     0.555035     0.560828     0.603851     0.649520     0.676626     0.765503          1.0
16           0.066670     0.202656     0.239139     0.284309     0.315135     0.333588     0.365562     0.433225     0.476120     0.512827     0.544456     0.548650     0.589565     0.636495     0.667555     0.761497          1.0
17           0.066670     0.202656     0.239139     0.284309     0.315135     0.333588     0.365562     0.433225     0.476120     0.512827     0.544456     0.548650     0.589565     0.636495     0.667555     0.761497          1.0
18           0.067106     0.222801     0.269710     0.305221     0.333342     0.350730     0.390576     0.451976     0.489978     0.526073     0.565229     0.597758     0.619077     0.668547     0.684330     0.767174          1.0
19           0.075029     0.149187     0.181655     0.229121     0.255589     0.266426     0.307449     0.367908     0.411149     0.452783     0.467417     0.483116     0.522456     0.560454     0.588366     0.684971          1.0
20           0.057118     0.130807     0.167458     0.207413     0.235846     0.250201     0.288659     0.345496     0.393580     0.432117     0.449242     0.464160     0.500327     0.537019     0.568648     0.666797          1.0
21           0.055565     0.133679     0.170047     0.210989     0.238298     0.255971     0.296171     0.353062     0.400879     0.439643     0.458532     0.472886     0.508363     0.547334     0.579121     0.681524          1.0
22           0.047850     0.127498     0.165904     0.203897     0.229128     0.245758     0.281076     0.342419     0.390082     0.430501     0.453740     0.465040     0.502699     0.544408     0.568618     0.673521          1.0
23           0.047850     0.127498     0.165904     0.203897     0.229128     0.245758     0.281076     0.342419     0.390082     0.430501     0.453740     0.465040     0.502699     0.544408     0.568618     0.673521          1.0
24           0.047850     0.127498     0.165904     0.203897     0.229128     0.245758     0.281076     0.342419     0.390082     0.430501     0.453740     0.465040     0.502699     0.544408     0.568618     0.673521          1.0
25           0.047850     0.127498     0.165904     0.203897     0.229128     0.245758     0.281076     0.342419     0.390082     0.430501     0.453740     0.465040     0.502699     0.544408     0.568618     0.673521          1.0
26                NaN          NaN          NaN          NaN          NaN          NaN          NaN          NaN          NaN          NaN          NaN          NaN          NaN          NaN          NaN          NaN          NaN
27           0.047850     0.127498     0.165904     0.203897     0.229128     0.245758     0.281076     0.342419     0.390082     0.430501     0.453740     0.465040     0.502699     0.544408     0.568618     0.673521          1.0
28           0.047850     0.127498     0.165904     0.203897     0.229128     0.245758     0.281076     0.342419     0.390082     0.430501     0.453740     0.465040     0.502699     0.544408     0.568618     0.673521          1.0
29           0.047850     0.127498     0.165904     0.203897     0.229128     0.245758     0.281076     0.342419     0.390082     0.430501     0.453740     0.465040     0.502699     0.544408     0.568618     0.673521          1.0
30           0.047850     0.127498     0.165904     0.203897     0.229128     0.245758     0.281076     0.342419     0.390082     0.430501     0.453740     0.465040     0.502699     0.544408     0.568618     0.673521          1.0
31           0.047850     0.127498     0.165904     0.203897     0.229128     0.245758     0.281076     0.342419     0.390082     0.430501     0.453740     0.465040     0.502699     0.544408     0.568618     0.673521          1.0
32           0.049247     0.136229     0.175113     0.210986     0.233787     0.249299     0.286626     0.348346     0.398455     0.439350     0.466102     0.476280     0.513728     0.560555     0.582521     0.687021          1.0
33           0.074845     0.179886     0.226975     0.265445     0.284282     0.293358     0.324379     0.392259     0.432088     0.479016     0.511740     0.529443     0.554993     0.599297     0.629575     0.716650          1.0
34           0.068449     0.177915     0.216028     0.251246     0.271138     0.287715     0.319987     0.383572     0.432575     0.479468     0.506799     0.521966     0.559749     0.606867     0.637194     0.718650          1.0
35           0.064861     0.179713     0.216838     0.251090     0.269716     0.288564     0.320568     0.382909     0.433495     0.480526     0.509239     0.524805     0.562430     0.608581     0.638410     0.718817          1.0
36           0.071518     0.188151     0.223888     0.257707     0.276173     0.297346     0.330520     0.392781     0.442514     0.491564     0.520022     0.535866     0.572493     0.618380     0.650393     0.726564          1.0
37           0.071518     0.188151     0.223888     0.257707     0.276173     0.297346     0.330520     0.392781     0.442514     0.491564     0.520022     0.535866     0.572493     0.618380     0.650393     0.726564          1.0
38           0.071518     0.188151     0.223888     0.257707     0.276173     0.297346     0.330520     0.392781     0.442514     0.491564     0.520022     0.535866     0.572493     0.618380     0.650393     0.726564          1.0
39           0.071518     0.188151     0.223888     0.257707     0.276173     0.297346     0.330520     0.392781     0.442514     0.491564     0.520022     0.535866     0.572493     0.618380     0.650393     0.726564          1.0
40           0.071518     0.188151     0.223888     0.257707     0.276173     0.297346     0.330520     0.392781     0.442514     0.491564     0.520022     0.535866     0.572493     0.618380     0.650393     0.726564          1.0
41           0.064262     0.152524     0.189527     0.216980     0.244585     0.269060     0.312285     0.374523     0.410164     0.456863     0.491159     0.501891     0.554288     0.592215     0.622421     0.714718          1.0
42           0.063136     0.258635     0.306573     0.338293     0.375095     0.387431     0.435174     0.497478     0.527541     0.564066     0.597840     0.594012     0.644322     0.679578     0.713972     0.762829          1.0
43           0.063136     0.258635     0.306573     0.338293     0.375095     0.387431     0.435174     0.497478     0.527541     0.564066     0.597840     0.594012     0.644322     0.679578     0.713972     0.762829          1.0
44           0.063136     0.258635     0.306573     0.338293     0.375095     0.387431     0.435174     0.497478     0.527541     0.564066     0.597840     0.594012     0.644322     0.679578     0.713972     0.762829          1.0
45           0.063136     0.258635     0.306573     0.338293     0.375095     0.387431     0.435174     0.497478     0.527541     0.564066     0.597840     0.594012     0.644322     0.679578     0.713972     0.762829          1.0
46           0.063136     0.258635     0.306573     0.338293     0.375095     0.387431     0.435174     0.497478     0.527541     0.564066     0.597840     0.594012     0.644322     0.679578     0.713972     0.762829          1.0
47           0.062638     0.305481     0.358245     0.391849     0.432712     0.439688     0.489426     0.551759     0.579360     0.611393     0.644936     0.634681     0.684070     0.718146     0.754389     0.784069          1.0
48           0.055965     0.365842     0.435493     0.470108     0.516225     0.521137     0.563117     0.628762     0.654012     0.675773     0.714131     0.691069     0.742241     0.766868     0.799790     0.827474          1.0
49           0.055965     0.365842     0.435493     0.470108     0.516225     0.521137     0.563117     0.628762     0.654012     0.675773     0.714131     0.691069     0.742241     0.766868     0.799790     0.827474          1.0
50           0.055965     0.365842     0.435493     0.470108     0.516225     0.521137     0.563117     0.628762     0.654012     0.675773     0.714131     0.691069     0.742241     0.766868     0.799790     0.827474          1.0
51                NaN          NaN          NaN          NaN          NaN          NaN          NaN          NaN          NaN          NaN          NaN          NaN          NaN          NaN          NaN          NaN          NaN
52           0.055965     0.365842     0.435493     0.470108     0.516225     0.521137     0.563117     0.628762     0.654012     0.675773     0.714131     0.691069     0.742241     0.766868     0.799790     0.827474          1.0
53           0.055965     0.365842     0.435493     0.470108     0.516225     0.521137     0.563117     0.628762     0.654012     0.675773     0.714131     0.691069     0.742241     0.766868     0.799790     0.827474          1.0
54           0.058212     0.354557     0.420967     0.456634     0.502163     0.505417     0.547195     0.621108     0.638346     0.660908     0.694677     0.676779     0.724088     0.751164     0.782921     0.814235          1.0
55           0.045755     0.201063     0.245416     0.285720     0.328255     0.323745     0.377293     0.443895     0.475689     0.513899     0.530477     0.525998     0.587296     0.655192     0.682352     0.747536          1.0
56           0.045755     0.201063     0.245416     0.285720     0.328255     0.323745     0.377293     0.443895     0.475689     0.513899     0.530477     0.525998     0.587296     0.655192     0.682352     0.747536          1.0
57           0.045755     0.201063     0.245416     0.285720     0.328255     0.323745     0.377293     0.443895     0.475689     0.513899     0.530477     0.525998     0.587296     0.655192     0.682352     0.747536          1.0
58           0.045755     0.201063     0.245416     0.285720     0.328255     0.323745     0.377293     0.443895     0.475689     0.513899     0.530477     0.525998     0.587296     0.655192     0.682352     0.747536          1.0
59           0.045755     0.201063     0.245416     0.285720     0.328255     0.323745     0.377293     0.443895     0.475689     0.513899     0.530477     0.525998     0.587296     0.655192     0.682352     0.747536          1.0
60           0.045755     0.201063     0.245416     0.285720     0.328255     0.323745     0.377293     0.443895     0.475689     0.513899     0.530477     0.525998     0.587296     0.655192     0.682352     0.747536          1.0
61           0.048430     0.240969     0.307113     0.331981     0.370963     0.365854     0.424074     0.478172     0.510513     0.527795     0.568628     0.550052     0.588107     0.638503     0.648931     0.711287          1.0
62           0.046238     0.182551     0.245234     0.271512     0.306941     0.302757     0.358579     0.424666     0.447140     0.473169     0.494930     0.485838     0.531326     0.575151     0.588821     0.647389          1.0
63           0.046238     0.182551     0.245234     0.271512     0.306941     0.302757     0.358579     0.424666     0.447140     0.473169     0.494930     0.485838     0.531326     0.575151     0.588821     0.647389          1.0
64           0.043511     0.097024     0.157176     0.184261     0.221348     0.219278     0.272659     0.355397     0.363551     0.392735     0.402261     0.397746     0.454656     0.496482     0.514658     0.566750          1.0
65           0.057337     0.087733     0.138399     0.164529     0.202479     0.208222     0.265774     0.343050     0.358737     0.392193     0.402080     0.396441     0.448240     0.496780     0.509404     0.570681          1.0
66           0.057337     0.087733     0.138399     0.164529     0.202479     0.208222     0.265774     0.343050     0.358737     0.392193     0.402080     0.396441     0.448240     0.496780     0.509404     0.570681          1.0
67           0.057337     0.087733     0.138399     0.164529     0.202479     0.208222     0.265774     0.343050     0.358737     0.392193     0.402080     0.396441     0.448240     0.496780     0.509404     0.570681          1.0
68           0.057337     0.087733     0.138399     0.164529     0.202479     0.208222     0.265774     0.343050     0.358737     0.392193     0.402080     0.396441     0.448240     0.496780     0.509404     0.570681          1.0
69                NaN          NaN          NaN          NaN          NaN          NaN          NaN          NaN          NaN          NaN          NaN          NaN          NaN          NaN          NaN          NaN          NaN
70           0.057337     0.087733     0.138399     0.164529     0.202479     0.208222     0.265774     0.343050     0.358737     0.392193     0.402080     0.396441     0.448240     0.496780     0.509404     0.570681          1.0
71                NaN          NaN          NaN          NaN          NaN          NaN          NaN          NaN          NaN          NaN          NaN          NaN          NaN          NaN          NaN          NaN          NaN
72                NaN          NaN          NaN          NaN          NaN          NaN          NaN          NaN          NaN          NaN          NaN          NaN          NaN          NaN          NaN          NaN          NaN
73           0.057337     0.087733     0.138399     0.164529     0.202479     0.208222     0.265774     0.343050     0.358737     0.392193     0.402080     0.396441     0.448240     0.496780     0.509404     0.570681          1.0
74           0.057337     0.087733     0.138399     0.164529     0.202479     0.208222     0.265774     0.343050     0.358737     0.392193     0.402080     0.396441     0.448240     0.496780     0.509404     0.570681          1.0
75           0.057337     0.087733     0.138399     0.164529     0.202479     0.208222     0.265774     0.343050     0.358737     0.392193     0.402080     0.396441     0.448240     0.496780     0.509404     0.570681          1.0
76           0.057337     0.087733     0.138399     0.164529     0.202479     0.208222     0.265774     0.343050     0.358737     0.392193     0.402080     0.396441     0.448240     0.496780     0.509404     0.570681          1.0
77           0.057337     0.087733     0.138399     0.164529     0.202479     0.208222     0.265774     0.343050     0.358737     0.392193     0.402080     0.396441     0.448240     0.496780     0.509404     0.570681          1.0
78           0.057337     0.087733     0.138399     0.164529     0.202479     0.208222     0.265774     0.343050     0.358737     0.392193     0.402080     0.396441     0.448240     0.496780     0.509404     0.570681          1.0
79           0.057337     0.087733     0.138399     0.164529     0.202479     0.208222     0.265774     0.343050     0.358737     0.392193     0.402080     0.396441     0.448240     0.496780     0.509404     0.570681          1.0
80           0.057337     0.087733     0.138399     0.164529     0.202479     0.208222     0.265774     0.343050     0.358737     0.392193     0.402080     0.396441     0.448240     0.496780     0.509404     0.570681          1.0
81           0.057337     0.087733     0.138399     0.164529     0.202479     0.208222     0.265774     0.343050     0.358737     0.392193     0.402080     0.396441     0.448240     0.496780     0.509404     0.570681          1.0
82           0.057337     0.087733     0.138399     0.164529     0.202479     0.208222     0.265774     0.343050     0.358737     0.392193     0.402080     0.396441     0.448240     0.496780     0.509404     0.570681          1.0
83           0.057337     0.087733     0.138399     0.164529     0.202479     0.208222     0.265774     0.343050     0.358737     0.392193     0.402080     0.396441     0.448240     0.496780     0.509404     0.570681          1.0
84           0.057337     0.087733     0.138399     0.164529     0.202479     0.208222     0.265774     0.343050     0.358737     0.392193     0.402080     0.396441     0.448240     0.496780     0.509404     0.570681          1.0
85           0.057337     0.087733     0.138399     0.164529     0.202479     0.208222     0.265774     0.343050     0.358737     0.392193     0.402080     0.396441     0.448240     0.496780     0.509404     0.570681          1.0
86           0.057337     0.087733     0.138399     0.164529     0.202479     0.208222     0.265774     0.343050     0.358737     0.392193     0.402080     0.396441     0.448240     0.496780     0.509404     0.570681          1.0
87           0.057337     0.087733     0.138399     0.164529     0.202479     0.208222     0.265774     0.343050     0.358737     0.392193     0.402080     0.396441     0.448240     0.496780     0.509404     0.570681          1.0
88           0.057337     0.087733     0.138399     0.164529     0.202479     0.208222     0.265774     0.343050     0.358737     0.392193     0.402080     0.396441     0.448240     0.496780     0.509404     0.570681          1.0
89           0.057337     0.087733     0.138399     0.164529     0.202479     0.208222     0.265774     0.343050     0.358737     0.392193     0.402080     0.396441     0.448240     0.496780     0.509404     0.570681          1.0
90           0.062176     0.074399     0.124401     0.159005     0.193679     0.203150     0.254037     0.327073     0.350473     0.374321     0.392263     0.384161     0.440317     0.488835     0.510539     0.579830          1.0
91           0.089091     0.164302     0.221619     0.259803     0.301115     0.323685     0.382758     0.430251     0.486063     0.487482     0.518878     0.489034     0.554737     0.609032     0.634671     0.627878          1.0
92           0.068717     0.138476     0.193297     0.250607     0.300792     0.314470     0.377270     0.439571     0.454382     0.486575     0.511654     0.485647     0.559912     0.606947     0.631534     0.633928          1.0
93           0.068717     0.138476     0.193297     0.250607     0.300792     0.314470     0.377270     0.439571     0.454382     0.486575     0.511654     0.485647     0.559912     0.606947     0.631534     0.633928          1.0
94           0.068717     0.138476     0.193297     0.250607     0.300792     0.314470     0.377270     0.439571     0.454382     0.486575     0.511654     0.485647     0.559912     0.606947     0.631534     0.633928          1.0
95           0.068717     0.138476     0.193297     0.250607     0.300792     0.314470     0.377270     0.439571     0.454382     0.486575     0.511654     0.485647     0.559912     0.606947     0.631534     0.633928          1.0
96           0.068717     0.138476     0.193297     0.250607     0.300792     0.314470     0.377270     0.439571     0.454382     0.486575     0.511654     0.485647     0.559912     0.606947     0.631534     0.633928          1.0
97           0.068717     0.138476     0.193297     0.250607     0.300792     0.314470     0.377270     0.439571     0.454382     0.486575     0.511654     0.485647     0.559912     0.606947     0.631534     0.633928          1.0
98           0.068717     0.138476     0.193297     0.250607     0.300792     0.314470     0.377270     0.439571     0.454382     0.486575     0.511654     0.485647     0.559912     0.606947     0.631534     0.633928          1.0
99           0.068717     0.138476     0.193297     0.250607     0.300792     0.314470     0.377270     0.439571     0.454382     0.486575     0.511654     0.485647     0.559912     0.606947     0.631534     0.633928          1.0
100          0.068717     0.138476     0.193297     0.250607     0.300792     0.314470     0.377270     0.439571     0.454382     0.486575     0.511654     0.485647     0.559912     0.606947     0.631534     0.633928          1.0
101          0.068717     0.138476     0.193297     0.250607     0.300792     0.314470     0.377270     0.439571     0.454382     0.486575     0.511654     0.485647     0.559912     0.606947     0.631534     0.633928          1.0
102          0.068717     0.138476     0.193297     0.250607     0.300792     0.314470     0.377270     0.439571     0.454382     0.486575     0.511654     0.485647     0.559912     0.606947     0.631534     0.633928          1.0
103          0.068717     0.138476     0.193297     0.250607     0.300792     0.314470     0.377270     0.439571     0.454382     0.486575     0.511654     0.485647     0.559912     0.606947     0.631534     0.633928          1.0
104               NaN          NaN          NaN          NaN          NaN          NaN          NaN          NaN          NaN          NaN          NaN          NaN          NaN          NaN          NaN          NaN          NaN
105          0.063708     0.218601     0.264582     0.306049     0.345921     0.358241     0.416015     0.499536     0.525240     0.562633     0.598547     0.589823     0.656636     0.705013     0.725350     0.771386          1.0
106          0.065092     0.217804     0.267877     0.314349     0.355054     0.364020     0.412978     0.502300     0.530497     0.560655     0.599351     0.589749     0.660190     0.709092     0.724018     0.766472          1.0
107          0.065092     0.217804     0.267877     0.314349     0.355054     0.364020     0.412978     0.502300     0.530497     0.560655     0.599351     0.589749     0.660190     0.709092     0.724018     0.766472          1.0
108          0.091598     0.221656     0.287098     0.330038     0.381232     0.387923     0.446740     0.547787     0.566212     0.589455     0.629630     0.602650     0.711853     0.754065     0.777218     0.803901          1.0
109          0.091598     0.221656     0.287098     0.330038     0.381232     0.387923     0.446740     0.547787     0.566212     0.589455     0.629630     0.602650     0.711853     0.754065     0.777218     0.803901          1.0
110          0.091598     0.221656     0.287098     0.330038     0.381232     0.387923     0.446740     0.547787     0.566212     0.589455     0.629630     0.602650     0.711853     0.754065     0.777218     0.803901          1.0
111          0.091598     0.221656     0.287098     0.330038     0.381232     0.387923     0.446740     0.547787     0.566212     0.589455     0.629630     0.602650     0.711853     0.754065     0.777218     0.803901          1.0
112          0.125657     0.226790     0.301718     0.343223     0.408051     0.403133     0.473677     0.583984     0.585604     0.615827     0.655403     0.590595     0.728819     0.783513     0.787154     0.794008          1.0
113          0.192439     0.262448     0.422935     0.419831     0.563980     0.492500     0.611508     0.832025     0.730065     0.743991     0.785552     0.686578     0.921033     0.988312     0.985638     0.916862          1.0
114          0.176391     0.277016     0.452429     0.429115     0.588943     0.502081     0.623076     0.821842     0.743171     0.724941     0.737832     0.663635     0.896475     0.972187     0.969927     0.877236          1.0
115          0.176391     0.277016     0.452429     0.429115     0.588943     0.502081     0.623076     0.821842     0.743171     0.724941     0.737832     0.663635     0.896475     0.972187     0.969927     0.877236          1.0
116          0.176391     0.277016     0.452429     0.429115     0.588943     0.502081     0.623076     0.821842     0.743171     0.724941     0.737832     0.663635     0.896475     0.972187     0.969927     0.877236          1.0
117          0.176391     0.277016     0.452429     0.429115     0.588943     0.502081     0.623076     0.821842     0.743171     0.724941     0.737832     0.663635     0.896475     0.972187     0.969927     0.877236          1.0
118          0.176391     0.277016     0.452429     0.429115     0.588943     0.502081     0.623076     0.821842     0.743171     0.724941     0.737832     0.663635     0.896475     0.972187     0.969927     0.877236          1.0
119          0.176391     0.277016     0.452429     0.429115     0.588943     0.502081     0.623076     0.821842     0.743171     0.724941     0.737832     0.663635     0.896475     0.972187     0.969927     0.877236          1.0
120          0.176391     0.277016     0.452429     0.429115     0.588943     0.502081     0.623076     0.821842     0.743171     0.724941     0.737832     0.663635     0.896475     0.972187     0.969927     0.877236          1.0
121          0.176391     0.277016     0.452429     0.429115     0.588943     0.502081     0.623076     0.821842     0.743171     0.724941     0.737832     0.663635     0.896475     0.972187     0.969927     0.877236          1.0
122          0.071440     0.313552     0.386945     0.440650     0.477682     0.492045     0.561216     0.653000     0.680079     0.702377     0.741247     0.727395     0.801288     0.807131     0.850543     0.841000          1.0
123          0.062502     0.315970     0.388735     0.437033     0.477993     0.492219     0.556924     0.647108     0.675699     0.704404     0.737972     0.735445     0.795766     0.816080     0.848792     0.852282          1.0
124          0.062502     0.315970     0.388735     0.437033     0.477993     0.492219     0.556924     0.647108     0.675699     0.704404     0.737972     0.735445     0.795766     0.816080     0.848792     0.852282          1.0
125          0.062502     0.315970     0.388735     0.437033     0.477993     0.492219     0.556924     0.647108     0.675699     0.704404     0.737972     0.735445     0.795766     0.816080     0.848792     0.852282          1.0
126          0.066950     0.312932     0.374619     0.416908     0.463841     0.477017     0.520390     0.602500     0.643361     0.683894     0.708737     0.714994     0.759074     0.790917     0.809386     0.847570          1.0
127          0.047938     0.280761     0.336023     0.383321     0.428751     0.442325     0.492212     0.588215     0.625854     0.663416     0.678985     0.687715     0.736259     0.765490     0.790973     0.835503          1.0
128          0.047938     0.280761     0.336023     0.383321     0.428751     0.442325     0.492212     0.588215     0.625854     0.663416     0.678985     0.687715     0.736259     0.765490     0.790973     0.835503          1.0
129          0.047938     0.280761     0.336023     0.383321     0.428751     0.442325     0.492212     0.588215     0.625854     0.663416     0.678985     0.687715     0.736259     0.765490     0.790973     0.835503          1.0
130          0.047938     0.280761     0.336023     0.383321     0.428751     0.442325     0.492212     0.588215     0.625854     0.663416     0.678985     0.687715     0.736259     0.765490     0.790973     0.835503          1.0
131          0.047938     0.280761     0.336023     0.383321     0.428751     0.442325     0.492212     0.588215     0.625854     0.663416     0.678985     0.687715     0.736259     0.765490     0.790973     0.835503          1.0
132          0.047938     0.280761     0.336023     0.383321     0.428751     0.442325     0.492212     0.588215     0.625854     0.663416     0.678985     0.687715     0.736259     0.765490     0.790973     0.835503          1.0
133          0.047938     0.280761     0.336023     0.383321     0.428751     0.442325     0.492212     0.588215     0.625854     0.663416     0.678985     0.687715     0.736259     0.765490     0.790973     0.835503          1.0
134          0.064549     0.295003     0.343695     0.388665     0.437267     0.450073     0.484153     0.562525     0.608707     0.651135     0.670130     0.680020     0.718080     0.753101     0.772947     0.839169          1.0
135          0.055982     0.300660     0.352910     0.388977     0.429214     0.439758     0.482479     0.554672     0.594497     0.628444     0.647164     0.654889     0.698887     0.737054     0.753126     0.820853          1.0
136          0.030430     0.287968     0.342449     0.369219     0.400554     0.411302     0.465074     0.531266     0.560226     0.589603     0.606313     0.614924     0.664502     0.711941     0.727730     0.799907          1.0
137          0.030430     0.287968     0.342449     0.369219     0.400554     0.411302     0.465074     0.531266     0.560226     0.589603     0.606313     0.614924     0.664502     0.711941     0.727730     0.799907          1.0
138          0.030430     0.287968     0.342449     0.369219     0.400554     0.411302     0.465074     0.531266     0.560226     0.589603     0.606313     0.614924     0.664502     0.711941     0.727730     0.799907          1.0
139          0.036204     0.308433     0.364691     0.405735     0.432871     0.449324     0.498602     0.560539     0.592795     0.625264     0.637531     0.643880     0.696520     0.737707     0.747951     0.819218          1.0
140          0.036204     0.308433     0.364691     0.405735     0.432871     0.449324     0.498602     0.560539     0.592795     0.625264     0.637531     0.643880     0.696520     0.737707     0.747951     0.819218          1.0
141          0.036204     0.308433     0.364691     0.405735     0.432871     0.449324     0.498602     0.560539     0.592795     0.625264     0.637531     0.643880     0.696520     0.737707     0.747951     0.819218          1.0
142               NaN          NaN          NaN          NaN          NaN          NaN          NaN          NaN          NaN          NaN          NaN          NaN          NaN          NaN          NaN          NaN          NaN
143          0.036204     0.308433     0.364691     0.405735     0.432871     0.449324     0.498602     0.560539     0.592795     0.625264     0.637531     0.643880     0.696520     0.737707     0.747951     0.819218          1.0
144          0.036204     0.308433     0.364691     0.405735     0.432871     0.449324     0.498602     0.560539     0.592795     0.625264     0.637531     0.643880     0.696520     0.737707     0.747951     0.819218          1.0
145          0.036204     0.308433     0.364691     0.405735     0.432871     0.449324     0.498602     0.560539     0.592795     0.625264     0.637531     0.643880     0.696520     0.737707     0.747951     0.819218          1.0
146          0.036204     0.308433     0.364691     0.405735     0.432871     0.449324     0.498602     0.560539     0.592795     0.625264     0.637531     0.643880     0.696520     0.737707     0.747951     0.819218          1.0
147          0.036204     0.308433     0.364691     0.405735     0.432871     0.449324     0.498602     0.560539     0.592795     0.625264     0.637531     0.643880     0.696520     0.737707     0.747951     0.819218          1.0
148               NaN          NaN          NaN          NaN          NaN          NaN          NaN          NaN          NaN          NaN          NaN          NaN          NaN          NaN          NaN          NaN          NaN
149          0.036204     0.308433     0.364691     0.405735     0.432871     0.449324     0.498602     0.560539     0.592795     0.625264     0.637531     0.643880     0.696520     0.737707     0.747951     0.819218          1.0
150          0.036204     0.308433     0.364691     0.405735     0.432871     0.449324     0.498602     0.560539     0.592795     0.625264     0.637531     0.643880     0.696520     0.737707     0.747951     0.819218          1.0
151          0.036204     0.308433     0.364691     0.405735     0.432871     0.449324     0.498602     0.560539     0.592795     0.625264     0.637531     0.643880     0.696520     0.737707     0.747951     0.819218          1.0
152          0.036204     0.308433     0.364691     0.405735     0.432871     0.449324     0.498602     0.560539     0.592795     0.625264     0.637531     0.643880     0.696520     0.737707     0.747951     0.819218          1.0
153               NaN          NaN          NaN          NaN          NaN          NaN          NaN          NaN          NaN          NaN          NaN          NaN          NaN          NaN          NaN          NaN          NaN
154          0.036204     0.308433     0.364691     0.405735     0.432871     0.449324     0.498602     0.560539     0.592795     0.625264     0.637531     0.643880     0.696520     0.737707     0.747951     0.819218          1.0
155          0.036204     0.308433     0.364691     0.405735     0.432871     0.449324     0.498602     0.560539     0.592795     0.625264     0.637531     0.643880     0.696520     0.737707     0.747951     0.819218          1.0
156               NaN          NaN          NaN          NaN          NaN          NaN          NaN          NaN          NaN          NaN          NaN          NaN          NaN          NaN          NaN          NaN          NaN
157          0.036204     0.308433     0.364691     0.405735     0.432871     0.449324     0.498602     0.560539     0.592795     0.625264     0.637531     0.643880     0.696520     0.737707     0.747951     0.819218          1.0
158          0.036204     0.308433     0.364691     0.405735     0.432871     0.449324     0.498602     0.560539     0.592795     0.625264     0.637531     0.643880     0.696520     0.737707     0.747951     0.819218          1.0
159          0.036204     0.308433     0.364691     0.405735     0.432871     0.449324     0.498602     0.560539     0.592795     0.625264     0.637531     0.643880     0.696520     0.737707     0.747951     0.819218          1.0
160          0.036204     0.308433     0.364691     0.405735     0.432871     0.449324     0.498602     0.560539     0.592795     0.625264     0.637531     0.643880     0.696520     0.737707     0.747951     0.819218          1.0
161          0.015470     0.371462     0.440424     0.437759     0.469521     0.470969     0.526317     0.589573     0.621621     0.637608     0.681178     0.654872     0.705643     0.745153     0.762906     0.825975          1.0
162          0.015470     0.371462     0.440424     0.437759     0.469521     0.470969     0.526317     0.589573     0.621621     0.637608     0.681178     0.654872     0.705643     0.745153     0.762906     0.825975          1.0