exposure  0.06000      4.98000      10.02000     19.98000     30.00000     39.96000     60.00000     150.00000    300.00000    600.00000    900.00006    1200.00000   1800.00012   2700.00024   3600.00024   10800.00090  86400.00732
r_number                                                                                                                                                                                                                             
-28          0.088500     0.875413     0.887161     0.884292     0.856773     0.839047     0.873606     1.024265     0.942881     0.945387     1.001587     0.915218     1.009672     1.011879     1.058025     1.030647          1.0
-27          0.088500     0.875413     0.887161     0.884292     0.856773     0.839047     0.873606     1.024265     0.942881     0.945387     1.001587     0.915218     1.009672     1.011879     1.058025     1.030647          1.0
-26          0.088500     0.875413     0.887161     0.884292     0.856773     0.839047     0.873606     1.024265     0.942881     0.945387     1.001587     0.915218     1.009672     1.011879     1.058025     1.030647          1.0
-25          0.088500     0.875413     0.887161     0.884292     0.856773     0.839047     0.873606     1.024265     0.942881     0.945387     1.001587     0.915218     1.009672     1.011879     1.058025     1.030647          1.0
-24          0.088500     0.875413     0.887161     0.884292     0.856773     0.839047     0.873606     1.024265     0.942881     0.945387     1.001587     0.915218     1.009672     1.011879     1.058025     1.030647          1.0
-23          0.088500     0.875413     0.887161     0.884292     0.856773     0.839047     0.873606     1.024265     0.942881     0.945387     1.001587     0.915218     1.009672     1.011879     1.058025     1.030647          1.0
-22          0.186446     0.911744     0.915079     0.938967     0.933320     0.929890     0.925755     1.010905     0.978801     0.976192     1.022954     0.979151     1.006451     1.012195     1.037633     1.007344          1.0
-21          0.234420     0.929538     0.928753     0.965747     0.970812     0.974384     0.951298     1.004362     0.996394     0.991280     1.033420     1.010465     1.004873     1.012349     1.027646     0.995930          1.0
-20          0.259862     0.944999     0.960731     0.987856     0.993642     0.993414     0.978488     1.017430     1.009660     1.003421     1.038349     1.013848     1.006480     1.015230     1.021316     1.003592          1.0
-19          0.259862     0.944999     0.960731     0.987856     0.993642     0.993414     0.978488     1.017430     1.009660     1.003421     1.038349     1.013848     1.006480     1.015230     1.021316     1.003592          1.0
-18          0.259862     0.944999     0.960731     0.987856     0.993642     0.993414     0.978488     1.017430     1.009660     1.003421     1.038349     1.013848     1.006480     1.015230     1.021316     1.003592          1.0
-17          0.259862     0.944999     0.960731     0.987856     0.993642     0.993414     0.978488     1.017430     1.009660     1.003421     1.038349     1.013848     1.006480     1.015230     1.021316     1.003592          1.0
-16          0.274163     0.923388     0.956004     0.974934     0.992091     0.977728     0.973667     0.987509     0.982305     0.972906     0.996279     0.986509     0.972835     0.985644     0.979137     0.987052          1.0
-15          0.274163     0.923388     0.956004     0.974934     0.992091     0.977728     0.973667     0.987509     0.982305     0.972906     0.996279     0.986509     0.972835     0.985644     0.979137     0.987052          1.0
-14               NaN          NaN          NaN          NaN          NaN          NaN          NaN          NaN          NaN          NaN          NaN          NaN          NaN          NaN          NaN          NaN          NaN
-13          0.013472     0.809689     0.860608     0.895914     0.960258     0.958555     0.902605     0.895631     0.918095     0.903626     0.866714     0.889633     1.005531     0.946174     0.930957     0.885973          1.0
-12          0.041749     0.815719     0.835742     0.863712     0.922930     0.926925     0.871144     0.945959     0.873132     0.870214     0.930190     0.876611     0.980188     0.931688     0.957634     0.906887          1.0
-11          0.041749     0.815719     0.835742     0.863712     0.922930     0.926925     0.871144     0.945959     0.873132     0.870214     0.930190     0.876611     0.980188     0.931688     0.957634     0.906887          1.0
-10               NaN          NaN          NaN          NaN          NaN          NaN          NaN          NaN          NaN          NaN          NaN          NaN          NaN          NaN          NaN          NaN          NaN
-9           0.062422     0.788071     0.804950     0.830206     0.887297     0.892542     0.839173     0.915762     0.850056     0.849477     0.904047     0.859115     0.952329     0.911853     0.937704     0.897022          1.0
-8           0.062422     0.788071     0.804950     0.830206     0.887297     0.892542     0.839173     0.915762     0.850056     0.849477     0.904047     0.859115     0.952329     0.911853     0.937704     0.897022          1.0
-7           0.090001     0.775891     0.773592     0.793186     0.846190     0.855349     0.803434     0.927105     0.811722     0.818969     0.925080     0.841920     0.922355     0.892517     0.941506     0.903247          1.0
-6           0.062959     0.649275     0.658068     0.682804     0.723132     0.741817     0.683046     0.801852     0.710425     0.723855     0.796658     0.750620     0.830520     0.811131     0.856278     0.853259          1.0
-5           0.084117     0.508224     0.535024     0.551797     0.589370     0.590542     0.548433     0.666727     0.618074     0.644306     0.675726     0.675814     0.738243     0.714195     0.760366     0.798868          1.0
-4           0.096226     0.456897     0.484868     0.510858     0.533464     0.554943     0.499745     0.602647     0.582940     0.626161     0.628237     0.656191     0.691497     0.694314     0.743174     0.789897          1.0
-3           0.096226     0.456897     0.484868     0.510858     0.533464     0.554943     0.499745     0.602647     0.582940     0.626161     0.628237     0.656191     0.691497     0.694314     0.743174     0.789897          1.0
-2           0.096226     0.456897     0.484868     0.510858     0.533464     0.554943     0.499745     0.602647     0.582940     0.626161     0.628237     0.656191     0.691497     0.694314     0.743174     0.789897          1.0
-1                NaN          NaN          NaN          NaN          NaN          NaN          NaN          NaN          NaN          NaN          NaN          NaN          NaN          NaN          NaN          NaN          NaN
0            0.096226     0.456897     0.484868     0.510858     0.533464     0.554943     0.499745     0.602647     0.582940     0.626161     0.628237     0.656191     0.691497     0.694314     0.743174     0.789897          1.0
1            0.096226     0.456897     0.484868     0.510858     0.533464     0.554943     0.499745     0.602647     0.582940     0.626161     0.628237     0.656191     0.691497     0.694314     0.743174     0.789897          1.0
2            0.096226     0.456897     0.484868     0.510858     0.533464     0.554943     0.499745     0.602647     0.582940     0.626161     0.628237     0.656191     0.691497     0.694314     0.743174     0.789897          1.0
3            0.136373     0.517884     0.504557     0.529106     0.537290     0.574227     0.508669     0.637433     0.610965     0.661136     0.663514     0.691879     0.719773     0.716947     0.770259     0.821961          1.0
4            0.130091     0.531735     0.494491     0.485835     0.530813     0.565116     0.502224     0.654906     0.591514     0.652172     0.634690     0.702725     0.701685     0.683106     0.748415     0.794873          1.0
5            0.130091     0.531735     0.494491     0.485835     0.530813     0.565116     0.502224     0.654906     0.591514     0.652172     0.634690     0.702725     0.701685     0.683106     0.748415     0.794873          1.0
6            0.130091     0.531735     0.494491     0.485835     0.530813     0.565116     0.502224     0.654906     0.591514     0.652172     0.634690     0.702725     0.701685     0.683106     0.748415     0.794873          1.0
7            0.130091     0.531735     0.494491     0.485835     0.530813     0.565116     0.502224     0.654906     0.591514     0.652172     0.634690     0.702725     0.701685     0.683106     0.748415     0.794873          1.0
8            0.157669     0.553002     0.516072     0.518505     0.557971     0.599309     0.538771     0.672711     0.617541     0.676288     0.655344     0.713758     0.719195     0.705001     0.759870     0.800368          1.0
9            0.157669     0.553002     0.516072     0.518505     0.557971     0.599309     0.538771     0.672711     0.617541     0.676288     0.655344     0.713758     0.719195     0.705001     0.759870     0.800368          1.0
10           0.241169     0.606843     0.580784     0.607013     0.628365     0.670975     0.630201     0.708695     0.700867     0.747678     0.725048     0.761081     0.775365     0.788074     0.803403     0.841848          1.0
11           0.241169     0.606843     0.580784     0.607013     0.628365     0.670975     0.630201     0.708695     0.700867     0.747678     0.725048     0.761081     0.775365     0.788074     0.803403     0.841848          1.0
12           0.241169     0.606843     0.580784     0.607013     0.628365     0.670975     0.630201     0.708695     0.700867     0.747678     0.725048     0.761081     0.775365     0.788074     0.803403     0.841848          1.0
13           0.241169     0.606843     0.580784     0.607013     0.628365     0.670975     0.630201     0.708695     0.700867     0.747678     0.725048     0.761081     0.775365     0.788074     0.803403     0.841848          1.0
14                NaN          NaN          NaN          NaN          NaN          NaN          NaN          NaN          NaN          NaN          NaN          NaN          NaN          NaN          NaN          NaN          NaN
15           0.036846     0.312531     0.331512     0.379019     0.407499     0.415004     0.418027     0.513836     0.528232     0.586719     0.579055     0.629057     0.666572     0.663418     0.696315     0.778292          1.0
16           0.036846     0.312531     0.331512     0.379019     0.407499     0.415004     0.418027     0.513836     0.528232     0.586719     0.579055     0.629057     0.666572     0.663418     0.696315     0.778292          1.0
17           0.036846     0.312531     0.331512     0.379019     0.407499     0.415004     0.418027     0.513836     0.528232     0.586719     0.579055     0.629057     0.666572     0.663418     0.696315     0.778292          1.0
18           0.036846     0.312531     0.331512     0.379019     0.407499     0.415004     0.418027     0.513836     0.528232     0.586719     0.579055     0.629057     0.666572     0.663418     0.696315     0.778292          1.0
19           0.036846     0.312531     0.331512     0.379019     0.407499     0.415004     0.418027     0.513836     0.528232     0.586719     0.579055     0.629057     0.666572     0.663418     0.696315     0.778292          1.0
20                NaN          NaN          NaN          NaN          NaN          NaN          NaN          NaN          NaN          NaN          NaN          NaN          NaN          NaN          NaN          NaN          NaN
21           0.036846     0.312531     0.331512     0.379019     0.407499     0.415004     0.418027     0.513836     0.528232     0.586719     0.579055     0.629057     0.666572     0.663418     0.696315     0.778292          1.0
22           0.036846     0.312531     0.331512     0.379019     0.407499     0.415004     0.418027     0.513836     0.528232     0.586719     0.579055     0.629057     0.666572     0.663418     0.696315     0.778292          1.0
23           0.036846     0.312531     0.331512     0.379019     0.407499     0.415004     0.418027     0.513836     0.528232     0.586719     0.579055     0.629057     0.666572     0.663418     0.696315     0.778292          1.0
24           0.036846     0.312531     0.331512     0.379019     0.407499     0.415004     0.418027     0.513836     0.528232     0.586719     0.579055     0.629057     0.666572     0.663418     0.696315     0.778292          1.0
25           0.049768     0.350792     0.370773     0.422637     0.453546     0.464955     0.467144     0.554702     0.561987     0.610746     0.609472     0.654019     0.690986     0.686406     0.715693     0.797432          1.0
26           0.049768     0.350792     0.370773     0.422637     0.453546     0.464955     0.467144     0.554702     0.561987     0.610746     0.609472     0.654019     0.690986     0.686406     0.715693     0.797432          1.0
27           0.072617     0.377412     0.380688     0.416691     0.447831     0.465281     0.470013     0.553497     0.560036     0.605360     0.604518     0.652234     0.687490     0.683009     0.713497     0.799259          1.0
28           0.122456     0.431197     0.452358     0.496272     0.523056     0.540862     0.563779     0.612238     0.607997     0.635365     0.648224     0.679502     0.711519     0.709594     0.738712     0.785011          1.0
29           0.122456     0.431197     0.452358     0.496272     0.523056     0.540862     0.563779     0.612238     0.607997     0.635365     0.648224     0.679502     0.711519     0.709594     0.738712     0.785011          1.0
30                NaN          NaN          NaN          NaN          NaN          NaN          NaN          NaN          NaN          NaN          NaN          NaN          NaN          NaN          NaN          NaN          NaN
31           0.126725     0.410732     0.439824     0.473415     0.501399     0.529378     0.542434     0.667882     0.668806     0.720971     0.706370     0.753033     0.764481     0.790182     0.791902     0.894540          1.0
32           0.126725     0.410732     0.439824     0.473415     0.501399     0.529378     0.542434     0.667882     0.668806     0.720971     0.706370     0.753033     0.764481     0.790182     0.791902     0.894540          1.0
33           0.098741     0.446343     0.481975     0.522955     0.535499     0.574593     0.551431     0.688876     0.673776     0.723545     0.714038     0.762081     0.781565     0.789151     0.796324     0.868964          1.0
34           0.098741     0.446343     0.481975     0.522955     0.535499     0.574593     0.551431     0.688876     0.673776     0.723545     0.714038     0.762081     0.781565     0.789151     0.796324     0.868964          1.0
35           0.079739     0.467383     0.456949     0.489242     0.513516     0.553240     0.525593     0.654194     0.649578     0.710546     0.698458     0.742402     0.762123     0.770496     0.785453     0.848727          1.0
36           0.079739     0.467383     0.456949     0.489242     0.513516     0.553240     0.525593     0.654194     0.649578     0.710546     0.698458     0.742402     0.762123     0.770496     0.785453     0.848727          1.0
37           0.091036     0.479341     0.469320     0.500910     0.525204     0.561673     0.538367     0.661447     0.661440     0.716441     0.706834     0.748089     0.766952     0.774781     0.791867     0.851787          1.0
38           0.091036     0.479341     0.469320     0.500910     0.525204     0.561673     0.538367     0.661447     0.661440     0.716441     0.706834     0.748089     0.766952     0.774781     0.791867     0.851787          1.0
39           0.085582     0.484985     0.478154     0.510522     0.533798     0.571513     0.548228     0.675302     0.671344     0.723045     0.715459     0.753646     0.772342     0.781758     0.799003     0.853578          1.0
40           0.081775     0.480192     0.483715     0.515593     0.540814     0.577330     0.553837     0.682319     0.677868     0.730224     0.719770     0.755793     0.777668     0.781697     0.803392     0.854447          1.0
41           0.081775     0.480192     0.483715     0.515593     0.540814     0.577330     0.553837     0.682319     0.677868     0.730224     0.719770     0.755793     0.777668     0.781697     0.803392     0.854447          1.0
42           0.081775     0.480192     0.483715     0.515593     0.540814     0.577330     0.553837     0.682319     0.677868     0.730224     0.719770     0.755793     0.777668     0.781697     0.803392     0.854447          1.0
43           0.081775     0.480192     0.483715     0.515593     0.540814     0.577330     0.553837     0.682319     0.677868     0.730224     0.719770     0.755793     0.777668     0.781697     0.803392     0.854447          1.0
44           0.083377     0.485820     0.491964     0.523597     0.548932     0.584645     0.560747     0.690452     0.684873     0.734104     0.725384     0.758934     0.782057     0.785950     0.808212     0.856308          1.0
45           0.082681     0.478168     0.487484     0.520939     0.545758     0.579885     0.555943     0.685253     0.680367     0.727911     0.720854     0.753188     0.778508     0.782371     0.804406     0.851748          1.0
46           0.081341     0.477121     0.481090     0.517819     0.543465     0.574330     0.549560     0.680932     0.676846     0.721370     0.716337     0.748099     0.774367     0.782651     0.802147     0.849261          1.0
47           0.074920     0.453619     0.463592     0.500918     0.528819     0.558289     0.534633     0.667128     0.663307     0.708623     0.701644     0.736783     0.763333     0.770569     0.792982     0.840511          1.0
48           0.075884     0.439223     0.455330     0.493581     0.523142     0.547759     0.526727     0.657238     0.659323     0.703926     0.695027     0.730877     0.759362     0.763816     0.787728     0.837496          1.0
49           0.025114     0.301926     0.340314     0.384083     0.420689     0.448393     0.412437     0.552519     0.543616     0.598675     0.582961     0.635329     0.676377     0.670244     0.709598     0.763599          1.0
50           0.015590     0.266118     0.310120     0.351798     0.387981     0.419031     0.375303     0.520181     0.509383     0.562756     0.549423     0.605461     0.648459     0.640013     0.684509     0.747132          1.0
51           0.008041     0.239633     0.286891     0.329930     0.367010     0.397727     0.351947     0.498458     0.484942     0.538621     0.525659     0.583336     0.629933     0.619159     0.666026     0.731314          1.0
52           0.008041     0.239633     0.286891     0.329930     0.367010     0.397727     0.351947     0.498458     0.484942     0.538621     0.525659     0.583336     0.629933     0.619159     0.666026     0.731314          1.0
53           0.008041     0.239633     0.286891     0.329930     0.367010     0.397727     0.351947     0.498458     0.484942     0.538621     0.525659     0.583336     0.629933     0.619159     0.666026     0.731314          1.0
54           0.008041     0.239633     0.286891     0.329930     0.367010     0.397727     0.351947     0.498458     0.484942     0.538621     0.525659     0.583336     0.629933     0.619159     0.666026     0.731314          1.0
55           0.008041     0.239633     0.286891     0.329930     0.367010     0.397727     0.351947     0.498458     0.484942     0.538621     0.525659     0.583336     0.629933     0.619159     0.666026     0.731314          1.0
56                NaN          NaN          NaN          NaN          NaN          NaN          NaN          NaN          NaN          NaN          NaN          NaN          NaN          NaN          NaN          NaN          NaN
57           0.008041     0.239633     0.286891     0.329930     0.367010     0.397727     0.351947     0.498458     0.484942     0.538621     0.525659     0.583336     0.629933     0.619159     0.666026     0.731314          1.0
58           0.008041     0.239633     0.286891     0.329930     0.367010     0.397727     0.351947     0.498458     0.484942     0.538621     0.525659     0.583336     0.629933     0.619159     0.666026     0.731314          1.0
59           0.008041     0.239633     0.286891     0.329930     0.367010     0.397727     0.351947     0.498458     0.484942     0.538621     0.525659     0.583336     0.629933     0.619159     0.666026     0.731314          1.0
60          -0.008175     0.183180     0.229760     0.275865     0.304802     0.347429     0.283200     0.445260     0.432708     0.481208     0.474186     0.538470     0.584980     0.563552     0.625457     0.712315          1.0
61          -0.010869     0.145036     0.190836     0.235741     0.256666     0.279415     0.220377     0.376565     0.348320     0.411570     0.398641     0.452198     0.515914     0.500381     0.566926     0.638933          1.0
62          -0.012358     0.123954     0.169324     0.213566     0.230062     0.241825     0.185657     0.338599     0.301681     0.373083     0.356889     0.404518     0.477743     0.465468     0.534577     0.598377          1.0
63          -0.020679     0.095320     0.157669     0.199019     0.230083     0.245902     0.181822     0.327066     0.296466     0.366449     0.346783     0.399867     0.477100     0.467369     0.518720     0.593779          1.0
64          -0.020679     0.095320     0.157669     0.199019     0.230083     0.245902     0.181822     0.327066     0.296466     0.366449     0.346783     0.399867     0.477100     0.467369     0.518720     0.593779          1.0
65          -0.020679     0.095320     0.157669     0.199019     0.230083     0.245902     0.181822     0.327066     0.296466     0.366449     0.346783     0.399867     0.477100     0.467369     0.518720     0.593779          1.0
66                NaN          NaN          NaN          NaN          NaN          NaN          NaN          NaN          NaN          NaN          NaN          NaN          NaN          NaN          NaN          NaN          NaN
67          -0.020679     0.095320     0.157669     0.199019     0.230083     0.245902     0.181822     0.327066     0.296466     0.366449     0.346783     0.399867     0.477100     0.467369     0.518720     0.593779          1.0
68          -0.020679     0.095320     0.157669     0.199019     0.230083     0.245902     0.181822     0.327066     0.296466     0.366449     0.346783     0.399867     0.477100     0.467369     0.518720     0.593779          1.0
69          -0.019356     0.091719     0.153428     0.203564     0.227920     0.237905     0.180491     0.335403     0.299430     0.369149     0.349810     0.404784     0.465936     0.463857     0.521151     0.601287          1.0
70          -0.016539     0.102858     0.169230     0.220654     0.243640     0.256379     0.204199     0.351953     0.327090     0.395383     0.376813     0.432515     0.490192     0.488134     0.542546     0.625401          1.0
71          -0.016539     0.102858     0.169230     0.220654     0.243640     0.256379     0.204199     0.351953     0.327090     0.395383     0.376813     0.432515     0.490192     0.488134     0.542546     0.625401          1.0
72          -0.016539     0.102858     0.169230     0.220654     0.243640     0.256379     0.204199     0.351953     0.327090     0.395383     0.376813     0.432515     0.490192     0.488134     0.542546     0.625401          1.0
73          -0.016739     0.122870     0.196383     0.237035     0.266924     0.282731     0.222966     0.380165     0.353094     0.420988     0.401548     0.459976     0.520365     0.512917     0.565461     0.646669          1.0
74          -0.016739     0.122870     0.196383     0.237035     0.266924     0.282731     0.222966     0.380165     0.353094     0.420988     0.401548     0.459976     0.520365     0.512917     0.565461     0.646669          1.0
75          -0.016739     0.122870     0.196383     0.237035     0.266924     0.282731     0.222966     0.380165     0.353094     0.420988     0.401548     0.459976     0.520365     0.512917     0.565461     0.646669          1.0
76          -0.016739     0.122870     0.196383     0.237035     0.266924     0.282731     0.222966     0.380165     0.353094     0.420988     0.401548     0.459976     0.520365     0.512917     0.565461     0.646669          1.0
77          -0.017935     0.124584     0.198633     0.245584     0.273327     0.296359     0.262120     0.391519     0.387282     0.450650     0.434180     0.494903     0.552352     0.547799     0.593683     0.686054          1.0
78          -0.017935     0.124584     0.198633     0.245584     0.273327     0.296359     0.262120     0.391519     0.387282     0.450650     0.434180     0.494903     0.552352     0.547799     0.593683     0.686054          1.0
79          -0.017935     0.124584     0.198633     0.245584     0.273327     0.296359     0.262120     0.391519     0.387282     0.450650     0.434180     0.494903     0.552352     0.547799     0.593683     0.686054          1.0
80          -0.017935     0.124584     0.198633     0.245584     0.273327     0.296359     0.262120     0.391519     0.387282     0.450650     0.434180     0.494903     0.552352     0.547799     0.593683     0.686054          1.0
81          -0.017935     0.124584     0.198633     0.245584     0.273327     0.296359     0.262120     0.391519     0.387282     0.450650     0.434180     0.494903     0.552352     0.547799     0.593683     0.686054          1.0
82          -0.017935     0.124584     0.198633     0.245584     0.273327     0.296359     0.262120     0.391519     0.387282     0.450650     0.434180     0.494903     0.552352     0.547799     0.593683     0.686054          1.0
83          -0.004797     0.146757     0.223715     0.271414     0.298784     0.317396     0.286496     0.403889     0.414071     0.475244     0.471433     0.522901     0.574401     0.583519     0.628090     0.714506          1.0
84          -0.002429     0.335518     0.400485     0.452973     0.480329     0.509843     0.447952     0.579815     0.579823     0.638924     0.650955     0.669569     0.719270     0.730618     0.769146     0.844032          1.0
85           0.013979     0.368402     0.432318     0.481784     0.512355     0.537185     0.480803     0.610465     0.610967     0.665715     0.678699     0.697849     0.745432     0.753423     0.791948     0.848223          1.0
86           0.013979     0.368402     0.432318     0.481784     0.512355     0.537185     0.480803     0.610465     0.610967     0.665715     0.678699     0.697849     0.745432     0.753423     0.791948     0.848223          1.0
87           0.013979     0.368402     0.432318     0.481784     0.512355     0.537185     0.480803     0.610465     0.610967     0.665715     0.678699     0.697849     0.745432     0.753423     0.791948     0.848223          1.0
88           0.013979     0.368402     0.432318     0.481784     0.512355     0.537185     0.480803     0.610465     0.610967     0.665715     0.678699     0.697849     0.745432     0.753423     0.791948     0.848223          1.0
89           0.013979     0.368402     0.432318     0.481784     0.512355     0.537185     0.480803     0.610465     0.610967     0.665715     0.678699     0.697849     0.745432     0.753423     0.791948     0.848223          1.0
90                NaN          NaN          NaN          NaN          NaN          NaN          NaN          NaN          NaN          NaN          NaN          NaN          NaN          NaN          NaN          NaN          NaN
91           0.013979     0.368402     0.432318     0.481784     0.512355     0.537185     0.480803     0.610465     0.610967     0.665715     0.678699     0.697849     0.745432     0.753423     0.791948     0.848223          1.0
92           0.013979     0.368402     0.432318     0.481784     0.512355     0.537185     0.480803     0.610465     0.610967     0.665715     0.678699     0.697849     0.745432     0.753423     0.791948     0.848223          1.0
93           0.013979     0.368402     0.432318     0.481784     0.512355     0.537185     0.480803     0.610465     0.610967     0.665715     0.678699     0.697849     0.745432     0.753423     0.791948     0.848223          1.0
94           0.043483     0.435218     0.490959     0.531140     0.573598     0.582202     0.554772     0.678150     0.671645     0.722656     0.736646     0.747041     0.798227     0.790275     0.830640     0.846676          1.0
95           0.084213     0.564915     0.608459     0.646692     0.669755     0.682069     0.660022     0.754059     0.759707     0.806216     0.815256     0.826088     0.869450     0.859841     0.893872     0.916380          1.0
96           0.084213     0.564915     0.608459     0.646692     0.669755     0.682069     0.660022     0.754059     0.759707     0.806216     0.815256     0.826088     0.869450     0.859841     0.893872     0.916380          1.0
97           0.105070     0.616172     0.655312     0.694203     0.711062     0.730302     0.705859     0.790078     0.800738     0.840774     0.848709     0.862914     0.901382     0.889267     0.921913     0.940284          1.0
98           0.127688     0.675748     0.707695     0.744805     0.756221     0.774427     0.753885     0.824020     0.841230     0.877375     0.884594     0.898626     0.932921     0.921217     0.950014     0.965078          1.0
99           0.127688     0.675748     0.707695     0.744805     0.756221     0.774427     0.753885     0.824020     0.841230     0.877375     0.884594     0.898626     0.932921     0.921217     0.950014     0.965078          1.0
100          0.127688     0.675748     0.707695     0.744805     0.756221     0.774427     0.753885     0.824020     0.841230     0.877375     0.884594     0.898626     0.932921     0.921217     0.950014     0.965078          1.0
101               NaN          NaN          NaN          NaN          NaN          NaN          NaN          NaN          NaN          NaN          NaN          NaN          NaN          NaN          NaN          NaN          NaN
102          0.001008     0.391719     0.401549     0.430792     0.441838     0.457715     0.417508     0.517051     0.533279     0.595017     0.618971     0.639963     0.694356     0.664242     0.717343     0.773714          1.0
103          0.001008     0.391719     0.401549     0.430792     0.441838     0.457715     0.417508     0.517051     0.533279     0.595017     0.618971     0.639963     0.694356     0.664242     0.717343     0.773714          1.0
104          0.001008     0.391719     0.401549     0.430792     0.441838     0.457715     0.417508     0.517051     0.533279     0.595017     0.618971     0.639963     0.694356     0.664242     0.717343     0.773714          1.0
105          0.001008     0.391719     0.401549     0.430792     0.441838     0.457715     0.417508     0.517051     0.533279     0.595017     0.618971     0.639963     0.694356     0.664242     0.717343     0.773714          1.0
106          0.001008     0.391719     0.401549     0.430792     0.441838     0.457715     0.417508     0.517051     0.533279     0.595017     0.618971     0.639963     0.694356     0.664242     0.717343     0.773714          1.0
107          0.001008     0.391719     0.401549     0.430792     0.441838     0.457715     0.417508     0.517051     0.533279     0.595017     0.618971     0.639963     0.694356     0.664242     0.717343     0.773714          1.0
108          0.015310     0.262599     0.302775     0.338797     0.357376     0.383946     0.345477     0.420410     0.459835     0.512777     0.519250     0.548947     0.614636     0.597868     0.659917     0.749274          1.0
109          0.006157     0.237527     0.268737     0.308908     0.330159     0.353911     0.318830     0.412738     0.438013     0.485957     0.484400     0.522085     0.589277     0.569896     0.628634     0.711966          1.0
110               NaN          NaN          NaN          NaN          NaN          NaN          NaN          NaN          NaN          NaN          NaN          NaN          NaN          NaN          NaN          NaN          NaN
111          0.088316     0.724083     0.778456     0.836256     0.850155     0.867338     0.872387     0.902297     0.921601     0.944431     0.963309     0.967013     0.977834     1.010157     1.010717     0.999575          1.0
112          0.088316     0.724083     0.778456     0.836256     0.850155     0.867338     0.872387     0.902297     0.921601     0.944431     0.963309     0.967013     0.977834     1.010157     1.010717     0.999575          1.0
113          0.088316     0.724083     0.778456     0.836256     0.850155     0.867338     0.872387     0.902297     0.921601     0.944431     0.963309     0.967013     0.977834     1.010157     1.010717     0.999575          1.0
114          0.088316     0.724083     0.778456     0.836256     0.850155     0.867338     0.872387     0.902297     0.921601     0.944431     0.963309     0.967013     0.977834     1.010157     1.010717     0.999575          1.0
115          0.088316     0.724083     0.778456     0.836256     0.850155     0.867338     0.872387     0.902297     0.921601     0.944431     0.963309     0.967013     0.977834     1.010157     1.010717     0.999575          1.0
116          0.145709     0.684212     0.735347     0.786742     0.809700     0.837526     0.846048     0.904977     0.910418     0.926688     0.944179     0.941619     0.947530     0.958283     0.968992     0.968097          1.0
117          0.145709     0.684212     0.735347     0.786742     0.809700     0.837526     0.846048     0.904977     0.910418     0.926688     0.944179     0.941619     0.947530     0.958283     0.968992     0.968097          1.0
118          0.145709     0.684212     0.735347     0.786742     0.809700     0.837526     0.846048     0.904977     0.910418     0.926688     0.944179     0.941619     0.947530     0.958283     0.968992     0.968097          1.0
119          0.145709     0.684212     0.735347     0.786742     0.809700     0.837526     0.846048     0.904977     0.910418     0.926688     0.944179     0.941619     0.947530     0.958283     0.968992     0.968097          1.0
120          0.166312     0.669900     0.719872     0.768967     0.795178     0.826824     0.836593     0.905940     0.906403     0.920318     0.937311     0.932503     0.936652     0.939661     0.954014     0.956797          1.0
121          0.166312     0.669900     0.719872     0.768967     0.795178     0.826824     0.836593     0.905940     0.906403     0.920318     0.937311     0.932503     0.936652     0.939661     0.954014     0.956797          1.0
122          0.220179     0.693377     0.729218     0.788385     0.800544     0.845980     0.850917     0.942309     0.930175     0.925582     0.953703     0.943159     0.952662     0.950438     0.966816     0.963302          1.0
123          0.211732     0.582488     0.623160     0.606386     0.609818     0.642764     0.610843     0.748225     0.716934     0.758279     0.788795     0.796174     0.861467     0.864252     0.865291     0.955364          1.0
124          0.198748     0.518956     0.555256     0.563221     0.584534     0.613853     0.594052     0.708406     0.691125     0.722995     0.750738     0.765794     0.813780     0.821993     0.832771     0.902072          1.0
125          0.198748     0.518956     0.555256     0.563221     0.584534     0.613853     0.594052     0.708406     0.691125     0.722995     0.750738     0.765794     0.813780     0.821993     0.832771     0.902072          1.0
126          0.198748     0.518956     0.555256     0.563221     0.584534     0.613853     0.594052     0.708406     0.691125     0.722995     0.750738     0.765794     0.813780     0.821993     0.832771     0.902072          1.0
127          0.198748     0.518956     0.555256     0.563221     0.584534     0.613853     0.594052     0.708406     0.691125     0.722995     0.750738     0.765794     0.813780     0.821993     0.832771     0.902072          1.0
128          0.198748     0.518956     0.555256     0.563221     0.584534     0.613853     0.594052     0.708406     0.691125     0.722995     0.750738     0.765794     0.813780     0.821993     0.832771     0.902072          1.0
129          0.198748     0.518956     0.555256     0.563221     0.584534     0.613853     0.594052     0.708406     0.691125     0.722995     0.750738     0.765794     0.813780     0.821993     0.832771     0.902072          1.0
130          0.200242     0.487572     0.529424     0.553516     0.585345     0.611743     0.598309     0.693764     0.685476     0.711386     0.737688     0.751741     0.793523     0.794606     0.821417     0.857030          1.0
131          0.097787     0.335473     0.347341     0.388701     0.419699     0.458282     0.465467     0.557831     0.552958     0.598216     0.607012     0.653798     0.685651     0.703910     0.722027     0.802710          1.0
132          0.097787     0.335473     0.347341     0.388701     0.419699     0.458282     0.465467     0.557831     0.552958     0.598216     0.607012     0.653798     0.685651     0.703910     0.722027     0.802710          1.0
133          0.097787     0.335473     0.347341     0.388701     0.419699     0.458282     0.465467     0.557831     0.552958     0.598216     0.607012     0.653798     0.685651     0.703910     0.722027     0.802710          1.0
134          0.097787     0.335473     0.347341     0.388701     0.419699     0.458282     0.465467     0.557831     0.552958     0.598216     0.607012     0.653798     0.685651     0.703910     0.722027     0.802710          1.0
135          0.072164     0.293855     0.301578     0.353375     0.382896     0.427178     0.430529     0.527054     0.523352     0.576771     0.579647     0.628807     0.663761     0.676888     0.701120     0.779590          1.0
136          0.070933     0.283140     0.295638     0.342969     0.375295     0.417781     0.408346     0.515726     0.501904     0.557228     0.554307     0.606296     0.648860     0.653047     0.682215     0.757970          1.0
137          0.064637     0.228324     0.265254     0.289736     0.336415     0.369709     0.294872     0.457781     0.392189     0.457258     0.424681     0.491144     0.572637     0.531088     0.585509     0.647375          1.0
138          0.005588     0.177681     0.285343     0.292576     0.342811     0.358548     0.252647     0.370754     0.344902     0.377695     0.401403     0.416919     0.529672     0.474339     0.559312     0.582832          1.0
139          0.005588     0.177681     0.285343     0.292576     0.342811     0.358548     0.252647     0.370754     0.344902     0.377695     0.401403     0.416919     0.529672     0.474339     0.559312     0.582832          1.0
140          0.005588     0.177681     0.285343     0.292576     0.342811     0.358548     0.252647     0.370754     0.344902     0.377695     0.401403     0.416919     0.529672     0.474339     0.559312     0.582832          1.0
141          0.013376     0.179989     0.281099     0.288475     0.331983     0.351811     0.260124     0.378371     0.343398     0.396552     0.405957     0.420601     0.524855     0.473642     0.551172     0.593136          1.0
142          0.013376     0.179989     0.281099     0.288475     0.331983     0.351811     0.260124     0.378371     0.343398     0.396552     0.405957     0.420601     0.524855     0.473642     0.551172     0.593136          1.0
143          0.013376     0.179989     0.281099     0.288475     0.331983     0.351811     0.260124     0.378371     0.343398     0.396552     0.405957     0.420601     0.524855     0.473642     0.551172     0.593136          1.0
144          0.013376     0.179989     0.281099     0.288475     0.331983     0.351811     0.260124     0.378371     0.343398     0.396552     0.405957     0.420601     0.524855     0.473642     0.551172     0.593136          1.0
145          0.013376     0.179989     0.281099     0.288475     0.331983     0.351811     0.260124     0.378371     0.343398     0.396552     0.405957     0.420601     0.524855     0.473642     0.551172     0.593136          1.0
146          0.013376     0.179989     0.281099     0.288475     0.331983     0.351811     0.260124     0.378371     0.343398     0.396552     0.405957     0.420601     0.524855     0.473642     0.551172     0.593136          1.0
147          0.013376     0.179989     0.281099     0.288475     0.331983     0.351811     0.260124     0.378371     0.343398     0.396552     0.405957     0.420601     0.524855     0.473642     0.551172     0.593136          1.0
148          0.013376     0.179989     0.281099     0.288475     0.331983     0.351811     0.260124     0.378371     0.343398     0.396552     0.405957     0.420601     0.524855     0.473642     0.551172     0.593136          1.0
149          0.028215     0.170348     0.264660     0.277546     0.305346     0.330944     0.249087     0.375394     0.347324     0.422602     0.414079     0.438912     0.530813     0.483647     0.555691     0.610103          1.0
150               NaN          NaN          NaN          NaN          NaN          NaN          NaN          NaN          NaN          NaN          NaN          NaN          NaN          NaN          NaN          NaN          NaN
151          0.075455     0.230871     0.280138     0.316509     0.330579     0.361189     0.288443     0.401140     0.390347     0.464340     0.452233     0.480170     0.555040     0.535829     0.590092     0.656918          1.0
152          0.075455     0.230871     0.280138     0.316509     0.330579     0.361189     0.288443     0.401140     0.390347     0.464340     0.452233     0.480170     0.555040     0.535829     0.590092     0.656918          1.0
153          0.075455     0.230871     0.280138     0.316509     0.330579     0.361189     0.288443     0.401140     0.390347     0.464340     0.452233     0.480170     0.555040     0.535829     0.590092     0.656918          1.0
154          0.127467     0.290230     0.289977     0.340190     0.357041     0.386042     0.333931     0.448041     0.441484     0.513914     0.488654     0.539667     0.597758     0.596670     0.630217     0.709348          1.0
155          0.127467     0.290230     0.289977     0.340190     0.357041     0.386042     0.333931     0.448041     0.441484     0.513914     0.488654     0.539667     0.597758     0.596670     0.630217     0.709348          1.0
156          0.127467     0.290230     0.289977     0.340190     0.357041     0.386042     0.333931     0.448041     0.441484     0.513914     0.488654     0.539667     0.597758     0.596670     0.630217     0.709348          1.0
157          0.127467     0.290230     0.289977     0.340190     0.357041     0.386042     0.333931     0.448041     0.441484     0.513914     0.488654     0.539667     0.597758     0.596670     0.630217     0.709348          1.0
158               NaN          NaN          NaN          NaN          NaN          NaN          NaN          NaN          NaN          NaN          NaN          NaN          NaN          NaN          NaN          NaN          NaN
159         -0.031393     0.449901     0.434282     0.449377     0.494069     0.449961     0.412759     0.480162     0.470651     0.553082     0.569286     0.577102     0.637921     0.645903     0.744111     0.693138          1.0
160         -0.031393     0.449901     0.434282     0.449377     0.494069     0.449961     0.412759     0.480162     0.470651     0.553082     0.569286     0.577102     0.637921     0.645903     0.744111     0.693138          1.0
161         -0.031393     0.449901     0.434282     0.449377     0.494069     0.449961     0.412759     0.480162     0.470651     0.553082     0.569286     0.577102     0.637921     0.645903     0.744111     0.693138          1.0
162         -0.031393     0.449901     0.434282     0.449377     0.494069     0.449961     0.412759     0.480162     0.470651     0.553082     0.569286     0.577102     0.637921     0.645903     0.744111     0.693138          1.0
163         -0.031393     0.449901     0.434282     0.449377     0.494069     0.449961     0.412759     0.480162     0.470651     0.553082     0.569286     0.577102     0.637921     0.645903     0.744111     0.693138          1.0
164         -0.031393     0.449901     0.434282     0.449377     0.494069     0.449961     0.412759     0.480162     0.470651     0.553082     0.569286     0.577102     0.637921     0.645903     0.744111     0.693138          1.0