exposure  0.06000      4.98000      10.02000     19.98000     30.00000     39.96000     60.00000     150.00000    300.00000    600.00000    900.00006    1200.00000   1800.00012   2700.00024   3600.00024   10800.00090  86400.00732
r_number                                                                                                                                                                                                                             
4            0.014079     0.025182     0.040375     0.021457     0.022025     0.025565     0.040215     0.024754     0.047717     0.031337     0.030433     0.025813     0.030992     0.025685     0.031182     0.027635     0.042662
5            0.014079     0.025182     0.040375     0.021457     0.022025     0.025565     0.040215     0.024754     0.047717     0.031337     0.030433     0.025813     0.030992     0.025685     0.031182     0.027635     0.042662
6            0.014079     0.025182     0.040375     0.021457     0.022025     0.025565     0.040215     0.024754     0.047717     0.031337     0.030433     0.025813     0.030992     0.025685     0.031182     0.027635     0.042662
7            0.014079     0.025182     0.040375     0.021457     0.022025     0.025565     0.040215     0.024754     0.047717     0.031337     0.030433     0.025813     0.030992     0.025685     0.031182     0.027635     0.042662
8            0.009561     0.013282     0.023242     0.011872     0.013831     0.013466     0.026214     0.013383     0.028858     0.024416     0.018026     0.014692     0.015702     0.014175     0.016527     0.017545     0.027630
9            0.009561     0.013282     0.023242     0.011872     0.013831     0.013466     0.026214     0.013383     0.028858     0.024416     0.018026     0.014692     0.015702     0.014175     0.016527     0.017545     0.027630
10           0.009561     0.013282     0.023242     0.011872     0.013831     0.013466     0.026214     0.013383     0.028858     0.024416     0.018026     0.014692     0.015702     0.014175     0.016527     0.017545     0.027630
11           0.009561     0.013282     0.023242     0.011872     0.013831     0.013466     0.026214     0.013383     0.028858     0.024416     0.018026     0.014692     0.015702     0.014175     0.016527     0.017545     0.027630
12           0.009561     0.013282     0.023242     0.011872     0.013831     0.013466     0.026214     0.013383     0.028858     0.024416     0.018026     0.014692     0.015702     0.014175     0.016527     0.017545     0.027630
13           0.009561     0.013282     0.023242     0.011872     0.013831     0.013466     0.026214     0.013383     0.028858     0.024416     0.018026     0.014692     0.015702     0.014175     0.016527     0.017545     0.027630
14                NaN          NaN          NaN          NaN          NaN          NaN          NaN          NaN          NaN          NaN          NaN          NaN          NaN          NaN          NaN          NaN          NaN
15           0.016811     0.013501     0.016101     0.015094     0.014869     0.013490     0.019625     0.016808     0.019739     0.018870     0.017780     0.013562     0.016758     0.016558     0.018996     0.016047     0.025617
16           0.016811     0.013501     0.016101     0.015094     0.014869     0.013490     0.019625     0.016808     0.019739     0.018870     0.017780     0.013562     0.016758     0.016558     0.018996     0.016047     0.025617
17           0.016811     0.013501     0.016101     0.015094     0.014869     0.013490     0.019625     0.016808     0.019739     0.018870     0.017780     0.013562     0.016758     0.016558     0.018996     0.016047     0.025617
18           0.016811     0.013501     0.016101     0.015094     0.014869     0.013490     0.019625     0.016808     0.019739     0.018870     0.017780     0.013562     0.016758     0.016558     0.018996     0.016047     0.025617
19           0.016811     0.013501     0.016101     0.015094     0.014869     0.013490     0.019625     0.016808     0.019739     0.018870     0.017780     0.013562     0.016758     0.016558     0.018996     0.016047     0.025617
20                NaN          NaN          NaN          NaN          NaN          NaN          NaN          NaN          NaN          NaN          NaN          NaN          NaN          NaN          NaN          NaN          NaN
21           0.016811     0.013501     0.016101     0.015094     0.014869     0.013490     0.019625     0.016808     0.019739     0.018870     0.017780     0.013562     0.016758     0.016558     0.018996     0.016047     0.025617
22           0.016811     0.013501     0.016101     0.015094     0.014869     0.013490     0.019625     0.016808     0.019739     0.018870     0.017780     0.013562     0.016758     0.016558     0.018996     0.016047     0.025617
23           0.016811     0.013501     0.016101     0.015094     0.014869     0.013490     0.019625     0.016808     0.019739     0.018870     0.017780     0.013562     0.016758     0.016558     0.018996     0.016047     0.025617
24           0.016811     0.013501     0.016101     0.015094     0.014869     0.013490     0.019625     0.016808     0.019739     0.018870     0.017780     0.013562     0.016758     0.016558     0.018996     0.016047     0.025617
25           0.023548     0.018664     0.020963     0.020313     0.020516     0.018467     0.021560     0.021931     0.022858     0.022568     0.020533     0.017009     0.017972     0.019434     0.022248     0.018730     0.029108
26           0.023548     0.018664     0.020963     0.020313     0.020516     0.018467     0.021560     0.021931     0.022858     0.022568     0.020533     0.017009     0.017972     0.019434     0.022248     0.018730     0.029108
27           0.030186     0.024269     0.026786     0.027816     0.027631     0.024286     0.028188     0.023877     0.030820     0.024478     0.026744     0.023122     0.024835     0.025857     0.029546     0.024900     0.036080
28           0.021109     0.007443     0.024201     0.024527     0.021876     0.013510     0.009083     0.012380     0.026722     0.021712     0.026212     0.014192     0.012778     0.021734     0.022388     0.022807     0.031965
29           0.021109     0.007443     0.024201     0.024527     0.021876     0.013510     0.009083     0.012380     0.026722     0.021712     0.026212     0.014192     0.012778     0.021734     0.022388     0.022807     0.031965
30                NaN          NaN          NaN          NaN          NaN          NaN          NaN          NaN          NaN          NaN          NaN          NaN          NaN          NaN          NaN          NaN          NaN
31           0.033684     0.024992     0.024986     0.029538     0.034028     0.024794     0.027040     0.031004     0.026474     0.026925     0.027775     0.027601     0.027520     0.041459     0.031275     0.034899     0.032992
32           0.033684     0.024992     0.024986     0.029538     0.034028     0.024794     0.027040     0.031004     0.026474     0.026925     0.027775     0.027601     0.027520     0.041459     0.031275     0.034899     0.032992
33           0.016627     0.017315     0.024917     0.021542     0.021462     0.020297     0.026266     0.023205     0.032137     0.024265     0.025342     0.023852     0.030340     0.028255     0.026438     0.027194     0.036956
34           0.016627     0.017315     0.024917     0.021542     0.021462     0.020297     0.026266     0.023205     0.032137     0.024265     0.025342     0.023852     0.030340     0.028255     0.026438     0.027194     0.036956
35           0.005954     0.011760     0.013183     0.007878     0.009179     0.008971     0.014470     0.010098     0.015731     0.012156     0.011709     0.010060     0.012988     0.011330     0.013736     0.011420     0.017730
36           0.005954     0.011760     0.013183     0.007878     0.009179     0.008971     0.014470     0.010098     0.015731     0.012156     0.011709     0.010060     0.012988     0.011330     0.013736     0.011420     0.017730
37           0.005792     0.010540     0.011858     0.007276     0.008564     0.008203     0.013436     0.009159     0.014582     0.011768     0.010805     0.009233     0.011711     0.010505     0.012797     0.010381     0.016317
38           0.005792     0.010540     0.011858     0.007276     0.008564     0.008203     0.013436     0.009159     0.014582     0.011768     0.010805     0.009233     0.011711     0.010505     0.012797     0.010381     0.016317
39           0.005555     0.009938     0.010770     0.007068     0.009240     0.007746     0.013165     0.008798     0.013875     0.011698     0.010368     0.009047     0.010808     0.010056     0.011747     0.010000     0.015182
40           0.004711     0.008040     0.009170     0.006276     0.008458     0.007570     0.011817     0.007970     0.011629     0.009876     0.009142     0.008470     0.009347     0.008938     0.010038     0.008891     0.013415
41           0.004711     0.008040     0.009170     0.006276     0.008458     0.007570     0.011817     0.007970     0.011629     0.009876     0.009142     0.008470     0.009347     0.008938     0.010038     0.008891     0.013415
42           0.004711     0.008040     0.009170     0.006276     0.008458     0.007570     0.011817     0.007970     0.011629     0.009876     0.009142     0.008470     0.009347     0.008938     0.010038     0.008891     0.013415
43           0.004711     0.008040     0.009170     0.006276     0.008458     0.007570     0.011817     0.007970     0.011629     0.009876     0.009142     0.008470     0.009347     0.008938     0.010038     0.008891     0.013415
44           0.004969     0.008158     0.009519     0.006690     0.009095     0.008089     0.012348     0.008501     0.012083     0.010498     0.009676     0.009010     0.009654     0.009524     0.010377     0.009419     0.014154
45           0.004753     0.007747     0.009046     0.006442     0.008726     0.007851     0.012020     0.008170     0.011685     0.010728     0.009348     0.008661     0.009309     0.009314     0.009992     0.009110     0.013888
46           0.005553     0.009161     0.010206     0.007713     0.009919     0.008643     0.013918     0.009347     0.013976     0.013460     0.010899     0.009634     0.010533     0.011085     0.011919     0.010710     0.016174
47           0.005481     0.008811     0.009926     0.007774     0.009919     0.008340     0.013838     0.009436     0.014059     0.013742     0.010938     0.009578     0.010497     0.011105     0.011983     0.010758     0.016473
48           0.005498     0.007899     0.010049     0.008522     0.010009     0.009181     0.015042     0.010226     0.015261     0.015011     0.011751     0.010330     0.011500     0.012383     0.013343     0.011787     0.017895
49           0.005998     0.006357     0.011841     0.009763     0.014389     0.010926     0.019857     0.016358     0.017351     0.022397     0.016190     0.011461     0.013498     0.015929     0.016657     0.014649     0.026081
50           0.005913     0.005925     0.011335     0.009547     0.014143     0.010019     0.019705     0.013971     0.015377     0.019256     0.015678     0.010468     0.012082     0.015623     0.015912     0.013644     0.025087
51           0.006532     0.006258     0.012041     0.010465     0.015592     0.010938     0.021797     0.015128     0.016394     0.021292     0.017309     0.011236     0.012945     0.017255     0.017324     0.014888     0.027708
52           0.006532     0.006258     0.012041     0.010465     0.015592     0.010938     0.021797     0.015128     0.016394     0.021292     0.017309     0.011236     0.012945     0.017255     0.017324     0.014888     0.027708
53           0.006532     0.006258     0.012041     0.010465     0.015592     0.010938     0.021797     0.015128     0.016394     0.021292     0.017309     0.011236     0.012945     0.017255     0.017324     0.014888     0.027708
54           0.006532     0.006258     0.012041     0.010465     0.015592     0.010938     0.021797     0.015128     0.016394     0.021292     0.017309     0.011236     0.012945     0.017255     0.017324     0.014888     0.027708
55           0.006532     0.006258     0.012041     0.010465     0.015592     0.010938     0.021797     0.015128     0.016394     0.021292     0.017309     0.011236     0.012945     0.017255     0.017324     0.014888     0.027708
56                NaN          NaN          NaN          NaN          NaN          NaN          NaN          NaN          NaN          NaN          NaN          NaN          NaN          NaN          NaN          NaN          NaN
57           0.006532     0.006258     0.012041     0.010465     0.015592     0.010938     0.021797     0.015128     0.016394     0.021292     0.017309     0.011236     0.012945     0.017255     0.017324     0.014888     0.027708
58           0.006532     0.006258     0.012041     0.010465     0.015592     0.010938     0.021797     0.015128     0.016394     0.021292     0.017309     0.011236     0.012945     0.017255     0.017324     0.014888     0.027708
59           0.006532     0.006258     0.012041     0.010465     0.015592     0.010938     0.021797     0.015128     0.016394     0.021292     0.017309     0.011236     0.012945     0.017255     0.017324     0.014888     0.027708
60           0.012907     0.012142     0.022736     0.022342     0.031126     0.018641     0.044318     0.017570     0.024820     0.025677     0.033044     0.020683     0.021970     0.034351     0.033244     0.027650     0.052453
61           0.008040     0.006688     0.012307     0.013643     0.017587     0.009766     0.025401     0.010348     0.012982     0.015092     0.020504     0.010453     0.017038     0.021669     0.016850     0.014751     0.032835
62           0.010245     0.007926     0.014396     0.017212     0.021208     0.011125     0.030911     0.012802     0.014769     0.018647     0.026077     0.011522     0.023503     0.027778     0.018626     0.017060     0.041938
63           0.006946     0.005385     0.008518     0.013024     0.015938     0.009399     0.015129     0.013730     0.008600     0.009552     0.015998     0.006167     0.012509     0.013693     0.011542     0.009156     0.022164
64           0.006946     0.005385     0.008518     0.013024     0.015938     0.009399     0.015129     0.013730     0.008600     0.009552     0.015998     0.006167     0.012509     0.013693     0.011542     0.009156     0.022164
65           0.006946     0.005385     0.008518     0.013024     0.015938     0.009399     0.015129     0.013730     0.008600     0.009552     0.015998     0.006167     0.012509     0.013693     0.011542     0.009156     0.022164
66                NaN          NaN          NaN          NaN          NaN          NaN          NaN          NaN          NaN          NaN          NaN          NaN          NaN          NaN          NaN          NaN          NaN
67           0.006946     0.005385     0.008518     0.013024     0.015938     0.009399     0.015129     0.013730     0.008600     0.009552     0.015998     0.006167     0.012509     0.013693     0.011542     0.009156     0.022164
68           0.006946     0.005385     0.008518     0.013024     0.015938     0.009399     0.015129     0.013730     0.008600     0.009552     0.015998     0.006167     0.012509     0.013693     0.011542     0.009156     0.022164
69           0.006665     0.005520     0.010287     0.011310     0.014602     0.008749     0.018523     0.007730     0.009117     0.011326     0.016855     0.007166     0.013829     0.017148     0.012711     0.010271     0.025610
70           0.006466     0.005459     0.009474     0.009741     0.012583     0.007657     0.016298     0.007867     0.009503     0.010400     0.014455     0.006896     0.012044     0.014948     0.011689     0.009414     0.022446
71           0.006466     0.005459     0.009474     0.009741     0.012583     0.007657     0.016298     0.007867     0.009503     0.010400     0.014455     0.006896     0.012044     0.014948     0.011689     0.009414     0.022446
72           0.006466     0.005459     0.009474     0.009741     0.012583     0.007657     0.016298     0.007867     0.009503     0.010400     0.014455     0.006896     0.012044     0.014948     0.011689     0.009414     0.022446
73           0.006396     0.005456     0.011440     0.012259     0.014844     0.007748     0.018332     0.009381     0.011772     0.013091     0.015162     0.007922     0.013136     0.016254     0.013169     0.011089     0.026233
74           0.006396     0.005456     0.011440     0.012259     0.014844     0.007748     0.018332     0.009381     0.011772     0.013091     0.015162     0.007922     0.013136     0.016254     0.013169     0.011089     0.026233
75           0.006396     0.005456     0.011440     0.012259     0.014844     0.007748     0.018332     0.009381     0.011772     0.013091     0.015162     0.007922     0.013136     0.016254     0.013169     0.011089     0.026233
76           0.006396     0.005456     0.011440     0.012259     0.014844     0.007748     0.018332     0.009381     0.011772     0.013091     0.015162     0.007922     0.013136     0.016254     0.013169     0.011089     0.026233
77           0.008529     0.007354     0.013200     0.009841     0.014188     0.009522     0.019102     0.011561     0.014909     0.014349     0.015868     0.010255     0.013278     0.018062     0.016068     0.013744     0.028227
78           0.008529     0.007354     0.013200     0.009841     0.014188     0.009522     0.019102     0.011561     0.014909     0.014349     0.015868     0.010255     0.013278     0.018062     0.016068     0.013744     0.028227
79           0.008529     0.007354     0.013200     0.009841     0.014188     0.009522     0.019102     0.011561     0.014909     0.014349     0.015868     0.010255     0.013278     0.018062     0.016068     0.013744     0.028227
80           0.008529     0.007354     0.013200     0.009841     0.014188     0.009522     0.019102     0.011561     0.014909     0.014349     0.015868     0.010255     0.013278     0.018062     0.016068     0.013744     0.028227
81           0.008529     0.007354     0.013200     0.009841     0.014188     0.009522     0.019102     0.011561     0.014909     0.014349     0.015868     0.010255     0.013278     0.018062     0.016068     0.013744     0.028227
82           0.008529     0.007354     0.013200     0.009841     0.014188     0.009522     0.019102     0.011561     0.014909     0.014349     0.015868     0.010255     0.013278     0.018062     0.016068     0.013744     0.028227
83           0.015565     0.013409     0.019469     0.014099     0.025363     0.016525     0.030842     0.017894     0.023669     0.020863     0.021958     0.015141     0.019089     0.027607     0.022144     0.018535     0.038690
84           0.014699     0.014314     0.026706     0.033125     0.024882     0.025202     0.039720     0.022051     0.024841     0.037021     0.031481     0.024381     0.039962     0.044703     0.033276     0.041493     0.053886
85           0.013193     0.012856     0.023877     0.028335     0.021872     0.022039     0.034322     0.019597     0.022418     0.032524     0.027631     0.021497     0.034137     0.038029     0.028936     0.035379     0.046250
86           0.013193     0.012856     0.023877     0.028335     0.021872     0.022039     0.034322     0.019597     0.022418     0.032524     0.027631     0.021497     0.034137     0.038029     0.028936     0.035379     0.046250
87           0.013193     0.012856     0.023877     0.028335     0.021872     0.022039     0.034322     0.019597     0.022418     0.032524     0.027631     0.021497     0.034137     0.038029     0.028936     0.035379     0.046250
88           0.013193     0.012856     0.023877     0.028335     0.021872     0.022039     0.034322     0.019597     0.022418     0.032524     0.027631     0.021497     0.034137     0.038029     0.028936     0.035379     0.046250
89           0.013193     0.012856     0.023877     0.028335     0.021872     0.022039     0.034322     0.019597     0.022418     0.032524     0.027631     0.021497     0.034137     0.038029     0.028936     0.035379     0.046250
90                NaN          NaN          NaN          NaN          NaN          NaN          NaN          NaN          NaN          NaN          NaN          NaN          NaN          NaN          NaN          NaN          NaN
91           0.013193     0.012856     0.023877     0.028335     0.021872     0.022039     0.034322     0.019597     0.022418     0.032524     0.027631     0.021497     0.034137     0.038029     0.028936     0.035379     0.046250
92           0.013193     0.012856     0.023877     0.028335     0.021872     0.022039     0.034322     0.019597     0.022418     0.032524     0.027631     0.021497     0.034137     0.038029     0.028936     0.035379     0.046250
93           0.013193     0.012856     0.023877     0.028335     0.021872     0.022039     0.034322     0.019597     0.022418     0.032524     0.027631     0.021497     0.034137     0.038029     0.028936     0.035379     0.046250
94           0.012744     0.013255     0.023008     0.020144     0.024729     0.017248     0.030439     0.019231     0.022524     0.028715     0.027406     0.019814     0.027233     0.028867     0.027248     0.023200     0.038363
95           0.009700     0.017020     0.018121     0.017734     0.018319     0.017993     0.023603     0.014270     0.015911     0.022161     0.021272     0.015797     0.022551     0.021085     0.019337     0.020103     0.028452
96           0.009700     0.017020     0.018121     0.017734     0.018319     0.017993     0.023603     0.014270     0.015911     0.022161     0.021272     0.015797     0.022551     0.021085     0.019337     0.020103     0.028452
97           0.009785     0.019799     0.019663     0.018734     0.018734     0.020416     0.024405     0.015063     0.016487     0.022840     0.021344     0.016658     0.023151     0.019925     0.018636     0.021658     0.028454
98           0.011446     0.024427     0.022333     0.022052     0.019966     0.024872     0.026191     0.017407     0.018159     0.026088     0.024273     0.019321     0.026251     0.021823     0.020185     0.025261     0.031228
99           0.011446     0.024427     0.022333     0.022052     0.019966     0.024872     0.026191     0.017407     0.018159     0.026088     0.024273     0.019321     0.026251     0.021823     0.020185     0.025261     0.031228
100          0.011446     0.024427     0.022333     0.022052     0.019966     0.024872     0.026191     0.017407     0.018159     0.026088     0.024273     0.019321     0.026251     0.021823     0.020185     0.025261     0.031228
101               NaN          NaN          NaN          NaN          NaN          NaN          NaN          NaN          NaN          NaN          NaN          NaN          NaN          NaN          NaN          NaN          NaN
102          0.021601     0.019019     0.047241     0.030198     0.041634     0.024199     0.036308     0.021188     0.026376     0.031382     0.032805     0.022579     0.029193     0.029650     0.035598     0.027633     0.046412
103          0.021601     0.019019     0.047241     0.030198     0.041634     0.024199     0.036308     0.021188     0.026376     0.031382     0.032805     0.022579     0.029193     0.029650     0.035598     0.027633     0.046412
104          0.021601     0.019019     0.047241     0.030198     0.041634     0.024199     0.036308     0.021188     0.026376     0.031382     0.032805     0.022579     0.029193     0.029650     0.035598     0.027633     0.046412
105          0.021601     0.019019     0.047241     0.030198     0.041634     0.024199     0.036308     0.021188     0.026376     0.031382     0.032805     0.022579     0.029193     0.029650     0.035598     0.027633     0.046412
106          0.021601     0.019019     0.047241     0.030198     0.041634     0.024199     0.036308     0.021188     0.026376     0.031382     0.032805     0.022579     0.029193     0.029650     0.035598     0.027633     0.046412
107          0.021601     0.019019     0.047241     0.030198     0.041634     0.024199     0.036308     0.021188     0.026376     0.031382     0.032805     0.022579     0.029193     0.029650     0.035598     0.027633     0.046412
108          0.020637     0.020249     0.038881     0.029809     0.029203     0.028650     0.047218     0.027227     0.034052     0.047719     0.041850     0.031890     0.037738     0.044661     0.043085     0.040183     0.070246
109          0.030728     0.028993     0.058060     0.043476     0.043211     0.034098     0.068091     0.037453     0.047374     0.060982     0.052332     0.043738     0.044504     0.055337     0.059469     0.054781     0.089616
110               NaN          NaN          NaN          NaN          NaN          NaN          NaN          NaN          NaN          NaN          NaN          NaN          NaN          NaN          NaN          NaN          NaN
111          0.023880     0.028639     0.077217     0.063852     0.077932     0.044233     0.066968     0.035946     0.072641     0.084387     0.055006     0.040853     0.053084     0.051517     0.057030     0.054486     0.079843
112          0.023880     0.028639     0.077217     0.063852     0.077932     0.044233     0.066968     0.035946     0.072641     0.084387     0.055006     0.040853     0.053084     0.051517     0.057030     0.054486     0.079843
113          0.023880     0.028639     0.077217     0.063852     0.077932     0.044233     0.066968     0.035946     0.072641     0.084387     0.055006     0.040853     0.053084     0.051517     0.057030     0.054486     0.079843
114          0.023880     0.028639     0.077217     0.063852     0.077932     0.044233     0.066968     0.035946     0.072641     0.084387     0.055006     0.040853     0.053084     0.051517     0.057030     0.054486     0.079843
115          0.023880     0.028639     0.077217     0.063852     0.077932     0.044233     0.066968     0.035946     0.072641     0.084387     0.055006     0.040853     0.053084     0.051517     0.057030     0.054486     0.079843
116          0.013615     0.014080     0.025662     0.023243     0.027245     0.018842     0.022935     0.019419     0.029952     0.029163     0.022059     0.020094     0.026802     0.022331     0.025272     0.024973     0.029787
117          0.013615     0.014080     0.025662     0.023243     0.027245     0.018842     0.022935     0.019419     0.029952     0.029163     0.022059     0.020094     0.026802     0.022331     0.025272     0.024973     0.029787
118          0.013615     0.014080     0.025662     0.023243     0.027245     0.018842     0.022935     0.019419     0.029952     0.029163     0.022059     0.020094     0.026802     0.022331     0.025272     0.024973     0.029787
119          0.013615     0.014080     0.025662     0.023243     0.027245     0.018842     0.022935     0.019419     0.029952     0.029163     0.022059     0.020094     0.026802     0.022331     0.025272     0.024973     0.029787
120          0.016397     0.016138     0.021163     0.021734     0.024253     0.020087     0.019838     0.023020     0.031254     0.025555     0.022557     0.023036     0.031041     0.024062     0.027574     0.027735     0.028586
121          0.016397     0.016138     0.021163     0.021734     0.024253     0.020087     0.019838     0.023020     0.031254     0.025555     0.022557     0.023036     0.031041     0.024062     0.027574     0.027735     0.028586
122          0.031545     0.024481     0.025842     0.032276     0.035977     0.028071     0.029018     0.036676     0.048395     0.038563     0.031435     0.031661     0.049489     0.031018     0.044556     0.039221     0.043200
123          0.020622     0.023697     0.034868     0.028946     0.030512     0.027998     0.025410     0.031239     0.028772     0.036915     0.036593     0.030699     0.037373     0.044173     0.037721     0.037861     0.050419
124          0.013108     0.013307     0.020631     0.016033     0.019806     0.017475     0.016682     0.017774     0.017382     0.023077     0.021993     0.017724     0.021997     0.023982     0.021689     0.020137     0.028871
125          0.013108     0.013307     0.020631     0.016033     0.019806     0.017475     0.016682     0.017774     0.017382     0.023077     0.021993     0.017724     0.021997     0.023982     0.021689     0.020137     0.028871
126          0.013108     0.013307     0.020631     0.016033     0.019806     0.017475     0.016682     0.017774     0.017382     0.023077     0.021993     0.017724     0.021997     0.023982     0.021689     0.020137     0.028871
127          0.013108     0.013307     0.020631     0.016033     0.019806     0.017475     0.016682     0.017774     0.017382     0.023077     0.021993     0.017724     0.021997     0.023982     0.021689     0.020137     0.028871
128          0.013108     0.013307     0.020631     0.016033     0.019806     0.017475     0.016682     0.017774     0.017382     0.023077     0.021993     0.017724     0.021997     0.023982     0.021689     0.020137     0.028871
129          0.013108     0.013307     0.020631     0.016033     0.019806     0.017475     0.016682     0.017774     0.017382     0.023077     0.021993     0.017724     0.021997     0.023982     0.021689     0.020137     0.028871
130          0.014117     0.012663     0.022690     0.015922     0.022305     0.019572     0.018316     0.017812     0.018682     0.027204     0.023011     0.017892     0.022238     0.022692     0.021372     0.019061     0.027372
131          0.008603     0.007288     0.012295     0.008751     0.011896     0.009836     0.013110     0.014154     0.014584     0.021261     0.019102     0.011982     0.013912     0.015399     0.019713     0.012393     0.023876
132          0.008603     0.007288     0.012295     0.008751     0.011896     0.009836     0.013110     0.014154     0.014584     0.021261     0.019102     0.011982     0.013912     0.015399     0.019713     0.012393     0.023876
133          0.008603     0.007288     0.012295     0.008751     0.011896     0.009836     0.013110     0.014154     0.014584     0.021261     0.019102     0.011982     0.013912     0.015399     0.019713     0.012393     0.023876
134          0.008603     0.007288     0.012295     0.008751     0.011896     0.009836     0.013110     0.014154     0.014584     0.021261     0.019102     0.011982     0.013912     0.015399     0.019713     0.012393     0.023876
135          0.008880     0.008407     0.012670     0.009242     0.014967     0.012457     0.011232     0.016610     0.017325     0.021590     0.022218     0.015642     0.017962     0.020361     0.025372     0.016003     0.028964
136          0.009805     0.009091     0.012599     0.009725     0.015659     0.013662     0.013875     0.016094     0.015946     0.019729     0.020609     0.014312     0.017192     0.018977     0.022726     0.014752     0.027767
137          0.039139     0.035234     0.041665     0.036081     0.057520     0.054037     0.062442     0.049668     0.040680     0.048575     0.054466     0.035473     0.051102     0.051187     0.049708     0.037913     0.082959
138          0.064684     0.044727     0.041847     0.045551     0.043161     0.084891     0.071081     0.050609     0.068770     0.078560     0.080530     0.042989     0.052556     0.091882     0.035704     0.029922     0.092220
139          0.064684     0.044727     0.041847     0.045551     0.043161     0.084891     0.071081     0.050609     0.068770     0.078560     0.080530     0.042989     0.052556     0.091882     0.035704     0.029922     0.092220
140          0.064684     0.044727     0.041847     0.045551     0.043161     0.084891     0.071081     0.050609     0.068770     0.078560     0.080530     0.042989     0.052556     0.091882     0.035704     0.029922     0.092220
141          0.041834     0.028813     0.030678     0.033153     0.030260     0.054406     0.047694     0.033637     0.044721     0.050724     0.057760     0.027961     0.034355     0.059376     0.024207     0.020760     0.064797
142          0.041834     0.028813     0.030678     0.033153     0.030260     0.054406     0.047694     0.033637     0.044721     0.050724     0.057760     0.027961     0.034355     0.059376     0.024207     0.020760     0.064797
143          0.041834     0.028813     0.030678     0.033153     0.030260     0.054406     0.047694     0.033637     0.044721     0.050724     0.057760     0.027961     0.034355     0.059376     0.024207     0.020760     0.064797
144          0.041834     0.028813     0.030678     0.033153     0.030260     0.054406     0.047694     0.033637     0.044721     0.050724     0.057760     0.027961     0.034355     0.059376     0.024207     0.020760     0.064797
145          0.041834     0.028813     0.030678     0.033153     0.030260     0.054406     0.047694     0.033637     0.044721     0.050724     0.057760     0.027961     0.034355     0.059376     0.024207     0.020760     0.064797
146          0.041834     0.028813     0.030678     0.033153     0.030260     0.054406     0.047694     0.033637     0.044721     0.050724     0.057760     0.027961     0.034355     0.059376     0.024207     0.020760     0.064797
147          0.041834     0.028813     0.030678     0.033153     0.030260     0.054406     0.047694     0.033637     0.044721     0.050724     0.057760     0.027961     0.034355     0.059376     0.024207     0.020760     0.064797
148          0.041834     0.028813     0.030678     0.033153     0.030260     0.054406     0.047694     0.033637     0.044721     0.050724     0.057760     0.027961     0.034355     0.059376     0.024207     0.020760     0.064797
149          0.014005     0.010084     0.025167     0.026425     0.022710     0.014606     0.028599     0.020503     0.016443     0.022973     0.042867     0.012735     0.021573     0.025335     0.018649     0.016555     0.051654
150               NaN          NaN          NaN          NaN          NaN          NaN          NaN          NaN          NaN          NaN          NaN          NaN          NaN          NaN          NaN          NaN          NaN
151          0.018575     0.013535     0.021352     0.021495     0.021444     0.017413     0.025570     0.018906     0.021253     0.021980     0.031876     0.016317     0.019642     0.021014     0.018975     0.015697     0.039573
152          0.018575     0.013535     0.021352     0.021495     0.021444     0.017413     0.025570     0.018906     0.021253     0.021980     0.031876     0.016317     0.019642     0.021014     0.018975     0.015697     0.039573
153          0.018575     0.013535     0.021352     0.021495     0.021444     0.017413     0.025570     0.018906     0.021253     0.021980     0.031876     0.016317     0.019642     0.021014     0.018975     0.015697     0.039573
154          0.024814     0.018503     0.022295     0.018889     0.025645     0.023993     0.028008     0.022806     0.028876     0.025926     0.022944     0.021941     0.022534     0.021956     0.024176     0.019060     0.034929
155          0.024814     0.018503     0.022295     0.018889     0.025645     0.023993     0.028008     0.022806     0.028876     0.025926     0.022944     0.021941     0.022534     0.021956     0.024176     0.019060     0.034929
156          0.024814     0.018503     0.022295     0.018889     0.025645     0.023993     0.028008     0.022806     0.028876     0.025926     0.022944     0.021941     0.022534     0.021956     0.024176     0.019060     0.034929
157          0.024814     0.018503     0.022295     0.018889     0.025645     0.023993     0.028008     0.022806     0.028876     0.025926     0.022944     0.021941     0.022534     0.021956     0.024176     0.019060     0.034929
158               NaN          NaN          NaN          NaN          NaN          NaN          NaN          NaN          NaN          NaN          NaN          NaN          NaN          NaN          NaN          NaN          NaN
159          0.071907     0.067512     0.165882     0.085377     0.151200     0.161658     0.064550     0.083612     0.073985     0.113548     0.122617     0.087051     0.224605     0.147143     0.112292     0.093422     0.236477
160          0.071907     0.067512     0.165882     0.085377     0.151200     0.161658     0.064550     0.083612     0.073985     0.113548     0.122617     0.087051     0.224605     0.147143     0.112292     0.093422     0.236477
161          0.071907     0.067512     0.165882     0.085377     0.151200     0.161658     0.064550     0.083612     0.073985     0.113548     0.122617     0.087051     0.224605     0.147143     0.112292     0.093422     0.236477
162          0.071907     0.067512     0.165882     0.085377     0.151200     0.161658     0.064550     0.083612     0.073985     0.113548     0.122617     0.087051     0.224605     0.147143     0.112292     0.093422     0.236477
163          0.071907     0.067512     0.165882     0.085377     0.151200     0.161658     0.064550     0.083612     0.073985     0.113548     0.122617     0.087051     0.224605     0.147143     0.112292     0.093422     0.236477
164          0.071907     0.067512     0.165882     0.085377     0.151200     0.161658     0.064550     0.083612     0.073985     0.113548     0.122617     0.087051     0.224605     0.147143     0.112292     0.093422     0.236477