exposure  0.06000      4.98000      9.96000      19.98000     30.00000     39.96000     60.00000     150.00000    300.00000    600.00000    900.00006    1200.00000   1800.00012   2700.00024   3600.00024   9000.00000   86400.00732
r_number                                                                                                                                                                                                                             
1            0.035888     0.032157     0.030136     0.028824     0.026023     0.026920     0.025781     0.023859     0.036853     0.025621     0.038024     0.032629     0.024044     0.020546     0.025544     0.025421     0.020907
2            0.035888     0.032157     0.030136     0.028824     0.026023     0.026920     0.025781     0.023859     0.036853     0.025621     0.038024     0.032629     0.024044     0.020546     0.025544     0.025421     0.020907
3            0.035888     0.032157     0.030136     0.028824     0.026023     0.026920     0.025781     0.023859     0.036853     0.025621     0.038024     0.032629     0.024044     0.020546     0.025544     0.025421     0.020907
4            0.035888     0.032157     0.030136     0.028824     0.026023     0.026920     0.025781     0.023859     0.036853     0.025621     0.038024     0.032629     0.024044     0.020546     0.025544     0.025421     0.020907
5                 NaN          NaN          NaN          NaN          NaN          NaN          NaN          NaN          NaN          NaN          NaN          NaN          NaN          NaN          NaN          NaN          NaN
6            0.035888     0.032157     0.030136     0.028824     0.026023     0.026920     0.025781     0.023859     0.036853     0.025621     0.038024     0.032629     0.024044     0.020546     0.025544     0.025421     0.020907
7            0.035888     0.032157     0.030136     0.028824     0.026023     0.026920     0.025781     0.023859     0.036853     0.025621     0.038024     0.032629     0.024044     0.020546     0.025544     0.025421     0.020907
8            0.035888     0.032157     0.030136     0.028824     0.026023     0.026920     0.025781     0.023859     0.036853     0.025621     0.038024     0.032629     0.024044     0.020546     0.025544     0.025421     0.020907
9            0.029801     0.022813     0.022837     0.024830     0.020214     0.020320     0.021140     0.018014     0.023079     0.017235     0.025077     0.031437     0.019510     0.020758     0.019741     0.030994     0.030908
10           0.021419     0.023259     0.018746     0.020571     0.016771     0.023205     0.018260     0.016980     0.020053     0.013087     0.017811     0.026800     0.019210     0.014555     0.016670     0.024357     0.022886
11           0.019771     0.018793     0.015984     0.016446     0.017611     0.025905     0.019266     0.024822     0.016937     0.011932     0.017611     0.020283     0.015518     0.014723     0.024627     0.023862     0.020318
12           0.019771     0.018793     0.015984     0.016446     0.017611     0.025905     0.019266     0.024822     0.016937     0.011932     0.017611     0.020283     0.015518     0.014723     0.024627     0.023862     0.020318
13           0.019771     0.018793     0.015984     0.016446     0.017611     0.025905     0.019266     0.024822     0.016937     0.011932     0.017611     0.020283     0.015518     0.014723     0.024627     0.023862     0.020318
14           0.019771     0.018793     0.015984     0.016446     0.017611     0.025905     0.019266     0.024822     0.016937     0.011932     0.017611     0.020283     0.015518     0.014723     0.024627     0.023862     0.020318
15           0.019771     0.018793     0.015984     0.016446     0.017611     0.025905     0.019266     0.024822     0.016937     0.011932     0.017611     0.020283     0.015518     0.014723     0.024627     0.023862     0.020318
16           0.021834     0.022012     0.018147     0.018597     0.020500     0.031045     0.022746     0.029788     0.019885     0.013384     0.020877     0.021769     0.018306     0.016840     0.029424     0.027706     0.022064
17           0.021834     0.022012     0.018147     0.018597     0.020500     0.031045     0.022746     0.029788     0.019885     0.013384     0.020877     0.021769     0.018306     0.016840     0.029424     0.027706     0.022064
18           0.033950     0.036314     0.031814     0.036064     0.027537     0.031817     0.033881     0.027142     0.040827     0.021442     0.048170     0.024847     0.034235     0.030500     0.028850     0.048000     0.028093
19           0.012591     0.016637     0.013932     0.013078     0.012580     0.013447     0.014970     0.015163     0.015659     0.012947     0.012970     0.011987     0.019103     0.013381     0.019754     0.027999     0.017191
20           0.010257     0.012484     0.011035     0.010007     0.010579     0.010224     0.010746     0.012964     0.014071     0.010569     0.011274     0.009619     0.014527     0.011921     0.016243     0.023593     0.013998
21           0.008737     0.010796     0.009589     0.008908     0.009059     0.008443     0.009117     0.011374     0.011985     0.008877     0.010730     0.008757     0.012911     0.010290     0.014716     0.019733     0.013311
22           0.007457     0.008926     0.007996     0.007033     0.007361     0.007150     0.007394     0.008787     0.009081     0.007352     0.009455     0.007399     0.010947     0.008572     0.012389     0.016254     0.010272
23           0.007457     0.008926     0.007996     0.007033     0.007361     0.007150     0.007394     0.008787     0.009081     0.007352     0.009455     0.007399     0.010947     0.008572     0.012389     0.016254     0.010272
24           0.007457     0.008926     0.007996     0.007033     0.007361     0.007150     0.007394     0.008787     0.009081     0.007352     0.009455     0.007399     0.010947     0.008572     0.012389     0.016254     0.010272
25           0.007457     0.008926     0.007996     0.007033     0.007361     0.007150     0.007394     0.008787     0.009081     0.007352     0.009455     0.007399     0.010947     0.008572     0.012389     0.016254     0.010272
26                NaN          NaN          NaN          NaN          NaN          NaN          NaN          NaN          NaN          NaN          NaN          NaN          NaN          NaN          NaN          NaN          NaN
27           0.007457     0.008926     0.007996     0.007033     0.007361     0.007150     0.007394     0.008787     0.009081     0.007352     0.009455     0.007399     0.010947     0.008572     0.012389     0.016254     0.010272
28           0.007457     0.008926     0.007996     0.007033     0.007361     0.007150     0.007394     0.008787     0.009081     0.007352     0.009455     0.007399     0.010947     0.008572     0.012389     0.016254     0.010272
29           0.007457     0.008926     0.007996     0.007033     0.007361     0.007150     0.007394     0.008787     0.009081     0.007352     0.009455     0.007399     0.010947     0.008572     0.012389     0.016254     0.010272
30           0.007457     0.008926     0.007996     0.007033     0.007361     0.007150     0.007394     0.008787     0.009081     0.007352     0.009455     0.007399     0.010947     0.008572     0.012389     0.016254     0.010272
31           0.007457     0.008926     0.007996     0.007033     0.007361     0.007150     0.007394     0.008787     0.009081     0.007352     0.009455     0.007399     0.010947     0.008572     0.012389     0.016254     0.010272
32           0.009147     0.010681     0.009426     0.008645     0.008858     0.008864     0.008966     0.010438     0.011795     0.008118     0.011512     0.008027     0.014676     0.010648     0.015887     0.020295     0.013108
33           0.015953     0.020699     0.015585     0.019000     0.017388     0.020098     0.022591     0.020660     0.024214     0.011349     0.026198     0.011969     0.029054     0.014367     0.029855     0.032877     0.015298
34           0.011987     0.013320     0.010766     0.012507     0.011296     0.013839     0.015816     0.013105     0.016630     0.008335     0.014926     0.008256     0.018869     0.012031     0.021841     0.023703     0.014392
35           0.012756     0.014004     0.011401     0.013493     0.012173     0.015238     0.017586     0.014465     0.018435     0.008753     0.016486     0.008194     0.021020     0.013247     0.024539     0.026262     0.016019
36           0.014107     0.016369     0.013138     0.016076     0.014261     0.017290     0.020992     0.016345     0.021423     0.009852     0.019584     0.008748     0.023630     0.014731     0.028722     0.029506     0.018741
37           0.014107     0.016369     0.013138     0.016076     0.014261     0.017290     0.020992     0.016345     0.021423     0.009852     0.019584     0.008748     0.023630     0.014731     0.028722     0.029506     0.018741
38           0.014107     0.016369     0.013138     0.016076     0.014261     0.017290     0.020992     0.016345     0.021423     0.009852     0.019584     0.008748     0.023630     0.014731     0.028722     0.029506     0.018741
39           0.014107     0.016369     0.013138     0.016076     0.014261     0.017290     0.020992     0.016345     0.021423     0.009852     0.019584     0.008748     0.023630     0.014731     0.028722     0.029506     0.018741
40           0.014107     0.016369     0.013138     0.016076     0.014261     0.017290     0.020992     0.016345     0.021423     0.009852     0.019584     0.008748     0.023630     0.014731     0.028722     0.029506     0.018741
41           0.021533     0.030347     0.024954     0.022541     0.028524     0.033956     0.031102     0.022968     0.039317     0.020870     0.014854     0.015863     0.027787     0.027723     0.035272     0.021424     0.024516
42           0.019606     0.024567     0.017281     0.018458     0.020318     0.022200     0.019839     0.016401     0.021686     0.013663     0.027558     0.018535     0.018465     0.020515     0.022081     0.021962     0.014461
43           0.019606     0.024567     0.017281     0.018458     0.020318     0.022200     0.019839     0.016401     0.021686     0.013663     0.027558     0.018535     0.018465     0.020515     0.022081     0.021962     0.014461
44           0.019606     0.024567     0.017281     0.018458     0.020318     0.022200     0.019839     0.016401     0.021686     0.013663     0.027558     0.018535     0.018465     0.020515     0.022081     0.021962     0.014461
45           0.019606     0.024567     0.017281     0.018458     0.020318     0.022200     0.019839     0.016401     0.021686     0.013663     0.027558     0.018535     0.018465     0.020515     0.022081     0.021962     0.014461
46           0.019606     0.024567     0.017281     0.018458     0.020318     0.022200     0.019839     0.016401     0.021686     0.013663     0.027558     0.018535     0.018465     0.020515     0.022081     0.021962     0.014461
47           0.026615     0.032781     0.022342     0.024676     0.026442     0.028273     0.025086     0.021356     0.025998     0.017406     0.039179     0.025784     0.023622     0.026919     0.027760     0.030212     0.017815
48           0.012949     0.012828     0.012220     0.010081     0.016555     0.010112     0.009422     0.014034     0.010236     0.009002     0.022014     0.011734     0.015430     0.012369     0.012564     0.011812     0.011278
49           0.012949     0.012828     0.012220     0.010081     0.016555     0.010112     0.009422     0.014034     0.010236     0.009002     0.022014     0.011734     0.015430     0.012369     0.012564     0.011812     0.011278
50           0.012949     0.012828     0.012220     0.010081     0.016555     0.010112     0.009422     0.014034     0.010236     0.009002     0.022014     0.011734     0.015430     0.012369     0.012564     0.011812     0.011278
51                NaN          NaN          NaN          NaN          NaN          NaN          NaN          NaN          NaN          NaN          NaN          NaN          NaN          NaN          NaN          NaN          NaN
52           0.012949     0.012828     0.012220     0.010081     0.016555     0.010112     0.009422     0.014034     0.010236     0.009002     0.022014     0.011734     0.015430     0.012369     0.012564     0.011812     0.011278
53           0.012949     0.012828     0.012220     0.010081     0.016555     0.010112     0.009422     0.014034     0.010236     0.009002     0.022014     0.011734     0.015430     0.012369     0.012564     0.011812     0.011278
54           0.014386     0.016601     0.012113     0.011226     0.017655     0.013086     0.010823     0.021560     0.014030     0.009302     0.026710     0.015487     0.016299     0.014579     0.016373     0.015846     0.012690
55           0.018234     0.020242     0.025509     0.013541     0.023639     0.013690     0.016154     0.015145     0.017366     0.010898     0.023962     0.016591     0.013657     0.018081     0.024780     0.019561     0.025369
56           0.018234     0.020242     0.025509     0.013541     0.023639     0.013690     0.016154     0.015145     0.017366     0.010898     0.023962     0.016591     0.013657     0.018081     0.024780     0.019561     0.025369
57           0.018234     0.020242     0.025509     0.013541     0.023639     0.013690     0.016154     0.015145     0.017366     0.010898     0.023962     0.016591     0.013657     0.018081     0.024780     0.019561     0.025369
58           0.018234     0.020242     0.025509     0.013541     0.023639     0.013690     0.016154     0.015145     0.017366     0.010898     0.023962     0.016591     0.013657     0.018081     0.024780     0.019561     0.025369
59           0.018234     0.020242     0.025509     0.013541     0.023639     0.013690     0.016154     0.015145     0.017366     0.010898     0.023962     0.016591     0.013657     0.018081     0.024780     0.019561     0.025369
60           0.018234     0.020242     0.025509     0.013541     0.023639     0.013690     0.016154     0.015145     0.017366     0.010898     0.023962     0.016591     0.013657     0.018081     0.024780     0.019561     0.025369
61           0.022665     0.032718     0.022357     0.023406     0.026627     0.027258     0.025037     0.020124     0.030487     0.016009     0.032843     0.016579     0.028166     0.027288     0.036601     0.050249     0.029729
62           0.015994     0.023992     0.015658     0.017502     0.020741     0.021432     0.018472     0.015926     0.021888     0.012447     0.024894     0.012921     0.021355     0.018618     0.026531     0.035223     0.020306
63           0.015994     0.023992     0.015658     0.017502     0.020741     0.021432     0.018472     0.015926     0.021888     0.012447     0.024894     0.012921     0.021355     0.018618     0.026531     0.035223     0.020306
64           0.022041     0.030378     0.020459     0.024238     0.026627     0.029011     0.025195     0.023072     0.028166     0.017824     0.033813     0.019161     0.028331     0.021593     0.033440     0.043864     0.022173
65           0.017621     0.023749     0.017990     0.018758     0.019656     0.023274     0.019271     0.016809     0.021992     0.014450     0.025287     0.014484     0.022112     0.016690     0.028164     0.034565     0.016819
66           0.017621     0.023749     0.017990     0.018758     0.019656     0.023274     0.019271     0.016809     0.021992     0.014450     0.025287     0.014484     0.022112     0.016690     0.028164     0.034565     0.016819
67           0.017621     0.023749     0.017990     0.018758     0.019656     0.023274     0.019271     0.016809     0.021992     0.014450     0.025287     0.014484     0.022112     0.016690     0.028164     0.034565     0.016819
68           0.017621     0.023749     0.017990     0.018758     0.019656     0.023274     0.019271     0.016809     0.021992     0.014450     0.025287     0.014484     0.022112     0.016690     0.028164     0.034565     0.016819
69                NaN          NaN          NaN          NaN          NaN          NaN          NaN          NaN          NaN          NaN          NaN          NaN          NaN          NaN          NaN          NaN          NaN
70           0.017621     0.023749     0.017990     0.018758     0.019656     0.023274     0.019271     0.016809     0.021992     0.014450     0.025287     0.014484     0.022112     0.016690     0.028164     0.034565     0.016819
71                NaN          NaN          NaN          NaN          NaN          NaN          NaN          NaN          NaN          NaN          NaN          NaN          NaN          NaN          NaN          NaN          NaN
72                NaN          NaN          NaN          NaN          NaN          NaN          NaN          NaN          NaN          NaN          NaN          NaN          NaN          NaN          NaN          NaN          NaN
73           0.017621     0.023749     0.017990     0.018758     0.019656     0.023274     0.019271     0.016809     0.021992     0.014450     0.025287     0.014484     0.022112     0.016690     0.028164     0.034565     0.016819
74           0.017621     0.023749     0.017990     0.018758     0.019656     0.023274     0.019271     0.016809     0.021992     0.014450     0.025287     0.014484     0.022112     0.016690     0.028164     0.034565     0.016819
75           0.017621     0.023749     0.017990     0.018758     0.019656     0.023274     0.019271     0.016809     0.021992     0.014450     0.025287     0.014484     0.022112     0.016690     0.028164     0.034565     0.016819
76           0.017621     0.023749     0.017990     0.018758     0.019656     0.023274     0.019271     0.016809     0.021992     0.014450     0.025287     0.014484     0.022112     0.016690     0.028164     0.034565     0.016819
77           0.017621     0.023749     0.017990     0.018758     0.019656     0.023274     0.019271     0.016809     0.021992     0.014450     0.025287     0.014484     0.022112     0.016690     0.028164     0.034565     0.016819
78           0.017621     0.023749     0.017990     0.018758     0.019656     0.023274     0.019271     0.016809     0.021992     0.014450     0.025287     0.014484     0.022112     0.016690     0.028164     0.034565     0.016819
79           0.017621     0.023749     0.017990     0.018758     0.019656     0.023274     0.019271     0.016809     0.021992     0.014450     0.025287     0.014484     0.022112     0.016690     0.028164     0.034565     0.016819
80           0.017621     0.023749     0.017990     0.018758     0.019656     0.023274     0.019271     0.016809     0.021992     0.014450     0.025287     0.014484     0.022112     0.016690     0.028164     0.034565     0.016819
81           0.017621     0.023749     0.017990     0.018758     0.019656     0.023274     0.019271     0.016809     0.021992     0.014450     0.025287     0.014484     0.022112     0.016690     0.028164     0.034565     0.016819
82           0.017621     0.023749     0.017990     0.018758     0.019656     0.023274     0.019271     0.016809     0.021992     0.014450     0.025287     0.014484     0.022112     0.016690     0.028164     0.034565     0.016819
83           0.017621     0.023749     0.017990     0.018758     0.019656     0.023274     0.019271     0.016809     0.021992     0.014450     0.025287     0.014484     0.022112     0.016690     0.028164     0.034565     0.016819
84           0.017621     0.023749     0.017990     0.018758     0.019656     0.023274     0.019271     0.016809     0.021992     0.014450     0.025287     0.014484     0.022112     0.016690     0.028164     0.034565     0.016819
85           0.017621     0.023749     0.017990     0.018758     0.019656     0.023274     0.019271     0.016809     0.021992     0.014450     0.025287     0.014484     0.022112     0.016690     0.028164     0.034565     0.016819
86           0.017621     0.023749     0.017990     0.018758     0.019656     0.023274     0.019271     0.016809     0.021992     0.014450     0.025287     0.014484     0.022112     0.016690     0.028164     0.034565     0.016819
87           0.017621     0.023749     0.017990     0.018758     0.019656     0.023274     0.019271     0.016809     0.021992     0.014450     0.025287     0.014484     0.022112     0.016690     0.028164     0.034565     0.016819
88           0.017621     0.023749     0.017990     0.018758     0.019656     0.023274     0.019271     0.016809     0.021992     0.014450     0.025287     0.014484     0.022112     0.016690     0.028164     0.034565     0.016819
89           0.017621     0.023749     0.017990     0.018758     0.019656     0.023274     0.019271     0.016809     0.021992     0.014450     0.025287     0.014484     0.022112     0.016690     0.028164     0.034565     0.016819
90           0.025754     0.030198     0.025928     0.027633     0.025955     0.029033     0.027413     0.023996     0.032017     0.019596     0.033256     0.021281     0.031069     0.023701     0.038600     0.048365     0.022433
91           0.064023     0.077650     0.046780     0.066412     0.053794     0.079796     0.066376     0.050601     0.075289     0.043536     0.096933     0.039605     0.045026     0.068977     0.048494     0.105201     0.060233
92           0.052409     0.061879     0.043626     0.051170     0.042037     0.054734     0.055301     0.037271     0.059632     0.034773     0.074396     0.031919     0.032850     0.051184     0.038459     0.071152     0.047568
93           0.052409     0.061879     0.043626     0.051170     0.042037     0.054734     0.055301     0.037271     0.059632     0.034773     0.074396     0.031919     0.032850     0.051184     0.038459     0.071152     0.047568
94           0.052409     0.061879     0.043626     0.051170     0.042037     0.054734     0.055301     0.037271     0.059632     0.034773     0.074396     0.031919     0.032850     0.051184     0.038459     0.071152     0.047568
95           0.052409     0.061879     0.043626     0.051170     0.042037     0.054734     0.055301     0.037271     0.059632     0.034773     0.074396     0.031919     0.032850     0.051184     0.038459     0.071152     0.047568
96           0.052409     0.061879     0.043626     0.051170     0.042037     0.054734     0.055301     0.037271     0.059632     0.034773     0.074396     0.031919     0.032850     0.051184     0.038459     0.071152     0.047568
97           0.052409     0.061879     0.043626     0.051170     0.042037     0.054734     0.055301     0.037271     0.059632     0.034773     0.074396     0.031919     0.032850     0.051184     0.038459     0.071152     0.047568
98           0.052409     0.061879     0.043626     0.051170     0.042037     0.054734     0.055301     0.037271     0.059632     0.034773     0.074396     0.031919     0.032850     0.051184     0.038459     0.071152     0.047568
99           0.052409     0.061879     0.043626     0.051170     0.042037     0.054734     0.055301     0.037271     0.059632     0.034773     0.074396     0.031919     0.032850     0.051184     0.038459     0.071152     0.047568
100          0.052409     0.061879     0.043626     0.051170     0.042037     0.054734     0.055301     0.037271     0.059632     0.034773     0.074396     0.031919     0.032850     0.051184     0.038459     0.071152     0.047568
101          0.052409     0.061879     0.043626     0.051170     0.042037     0.054734     0.055301     0.037271     0.059632     0.034773     0.074396     0.031919     0.032850     0.051184     0.038459     0.071152     0.047568
102          0.052409     0.061879     0.043626     0.051170     0.042037     0.054734     0.055301     0.037271     0.059632     0.034773     0.074396     0.031919     0.032850     0.051184     0.038459     0.071152     0.047568
103          0.052409     0.061879     0.043626     0.051170     0.042037     0.054734     0.055301     0.037271     0.059632     0.034773     0.074396     0.031919     0.032850     0.051184     0.038459     0.071152     0.047568
104               NaN          NaN          NaN          NaN          NaN          NaN          NaN          NaN          NaN          NaN          NaN          NaN          NaN          NaN          NaN          NaN          NaN
105          0.019627     0.022540     0.027662     0.019657     0.025274     0.021792     0.020021     0.023605     0.025335     0.020131     0.035120     0.012407     0.021936     0.026654     0.026217     0.023662     0.022357
106          0.019935     0.021286     0.025556     0.019174     0.023532     0.020055     0.018440     0.021500     0.023870     0.017913     0.033081     0.017609     0.022088     0.024836     0.024892     0.022826     0.020118
107          0.019935     0.021286     0.025556     0.019174     0.023532     0.020055     0.018440     0.021500     0.023870     0.017913     0.033081     0.017609     0.022088     0.024836     0.024892     0.022826     0.020118
108          0.027647     0.030506     0.029555     0.026751     0.027558     0.028073     0.025859     0.028382     0.033466     0.021143     0.041110     0.023890     0.023408     0.032648     0.027077     0.026667     0.030696
109          0.027647     0.030506     0.029555     0.026751     0.027558     0.028073     0.025859     0.028382     0.033466     0.021143     0.041110     0.023890     0.023408     0.032648     0.027077     0.026667     0.030696
110          0.027647     0.030506     0.029555     0.026751     0.027558     0.028073     0.025859     0.028382     0.033466     0.021143     0.041110     0.023890     0.023408     0.032648     0.027077     0.026667     0.030696
111          0.027647     0.030506     0.029555     0.026751     0.027558     0.028073     0.025859     0.028382     0.033466     0.021143     0.041110     0.023890     0.023408     0.032648     0.027077     0.026667     0.030696
112          0.036462     0.043119     0.035966     0.043981     0.041697     0.047710     0.037950     0.037107     0.052936     0.025111     0.054203     0.029652     0.035400     0.046826     0.049206     0.045633     0.035857
113          0.120087     0.144117     0.130841     0.111798     0.115857     0.127843     0.127499     0.234055     0.174471     0.133922     0.183068     0.092579     0.178867     0.245796     0.229193     0.144484     0.111940
114          0.092234     0.115658     0.094354     0.089208     0.092930     0.103754     0.099073     0.169347     0.137434     0.099395     0.136516     0.071846     0.127531     0.181165     0.166720     0.109658     0.089576
115          0.092234     0.115658     0.094354     0.089208     0.092930     0.103754     0.099073     0.169347     0.137434     0.099395     0.136516     0.071846     0.127531     0.181165     0.166720     0.109658     0.089576
116          0.092234     0.115658     0.094354     0.089208     0.092930     0.103754     0.099073     0.169347     0.137434     0.099395     0.136516     0.071846     0.127531     0.181165     0.166720     0.109658     0.089576
117          0.092234     0.115658     0.094354     0.089208     0.092930     0.103754     0.099073     0.169347     0.137434     0.099395     0.136516     0.071846     0.127531     0.181165     0.166720     0.109658     0.089576
118          0.092234     0.115658     0.094354     0.089208     0.092930     0.103754     0.099073     0.169347     0.137434     0.099395     0.136516     0.071846     0.127531     0.181165     0.166720     0.109658     0.089576
119          0.092234     0.115658     0.094354     0.089208     0.092930     0.103754     0.099073     0.169347     0.137434     0.099395     0.136516     0.071846     0.127531     0.181165     0.166720     0.109658     0.089576
120          0.092234     0.115658     0.094354     0.089208     0.092930     0.103754     0.099073     0.169347     0.137434     0.099395     0.136516     0.071846     0.127531     0.181165     0.166720     0.109658     0.089576
121          0.092234     0.115658     0.094354     0.089208     0.092930     0.103754     0.099073     0.169347     0.137434     0.099395     0.136516     0.071846     0.127531     0.181165     0.166720     0.109658     0.089576
122          0.033604     0.028652     0.017808     0.019412     0.040117     0.029065     0.027151     0.042730     0.038603     0.023749     0.040207     0.025277     0.045617     0.036494     0.034949     0.036208     0.037448
123          0.023540     0.021568     0.013695     0.014260     0.027321     0.020309     0.018797     0.029380     0.027360     0.016410     0.027376     0.018082     0.030500     0.025627     0.023969     0.024706     0.026174
124          0.023540     0.021568     0.013695     0.014260     0.027321     0.020309     0.018797     0.029380     0.027360     0.016410     0.027376     0.018082     0.030500     0.025627     0.023969     0.024706     0.026174
125          0.023540     0.021568     0.013695     0.014260     0.027321     0.020309     0.018797     0.029380     0.027360     0.016410     0.027376     0.018082     0.030500     0.025627     0.023969     0.024706     0.026174
126          0.019798     0.022725     0.013721     0.017925     0.015567     0.016532     0.018994     0.014128     0.023956     0.012015     0.018944     0.011792     0.013958     0.018918     0.013035     0.016905     0.016809
127          0.025297     0.028816     0.018357     0.018220     0.026234     0.017319     0.019753     0.015167     0.023189     0.012806     0.024679     0.012192     0.018578     0.015647     0.019321     0.022049     0.017568
128          0.025297     0.028816     0.018357     0.018220     0.026234     0.017319     0.019753     0.015167     0.023189     0.012806     0.024679     0.012192     0.018578     0.015647     0.019321     0.022049     0.017568
129          0.025297     0.028816     0.018357     0.018220     0.026234     0.017319     0.019753     0.015167     0.023189     0.012806     0.024679     0.012192     0.018578     0.015647     0.019321     0.022049     0.017568
130          0.025297     0.028816     0.018357     0.018220     0.026234     0.017319     0.019753     0.015167     0.023189     0.012806     0.024679     0.012192     0.018578     0.015647     0.019321     0.022049     0.017568
131          0.025297     0.028816     0.018357     0.018220     0.026234     0.017319     0.019753     0.015167     0.023189     0.012806     0.024679     0.012192     0.018578     0.015647     0.019321     0.022049     0.017568
132          0.025297     0.028816     0.018357     0.018220     0.026234     0.017319     0.019753     0.015167     0.023189     0.012806     0.024679     0.012192     0.018578     0.015647     0.019321     0.022049     0.017568
133          0.025297     0.028816     0.018357     0.018220     0.026234     0.017319     0.019753     0.015167     0.023189     0.012806     0.024679     0.012192     0.018578     0.015647     0.019321     0.022049     0.017568
134          0.027867     0.030162     0.017348     0.025446     0.019455     0.021599     0.027540     0.013873     0.031460     0.014552     0.026445     0.012573     0.020204     0.022409     0.016725     0.023008     0.018191
135          0.018452     0.021000     0.013949     0.016890     0.015723     0.016000     0.018682     0.011347     0.021945     0.010418     0.020272     0.010190     0.016098     0.016167     0.016512     0.018134     0.014668
136          0.020517     0.022201     0.019056     0.015471     0.021386     0.020245     0.019663     0.016625     0.024147     0.013643     0.028454     0.013605     0.023454     0.018400     0.027520     0.026737     0.019846
137          0.020517     0.022201     0.019056     0.015471     0.021386     0.020245     0.019663     0.016625     0.024147     0.013643     0.028454     0.013605     0.023454     0.018400     0.027520     0.026737     0.019846
138          0.020517     0.022201     0.019056     0.015471     0.021386     0.020245     0.019663     0.016625     0.024147     0.013643     0.028454     0.013605     0.023454     0.018400     0.027520     0.026737     0.019846
139          0.048056     0.034068     0.030415     0.028463     0.030047     0.030938     0.030502     0.028931     0.031860     0.026096     0.036502     0.026257     0.028567     0.029126     0.033717     0.029332     0.027202
140          0.048056     0.034068     0.030415     0.028463     0.030047     0.030938     0.030502     0.028931     0.031860     0.026096     0.036502     0.026257     0.028567     0.029126     0.033717     0.029332     0.027202
141          0.048056     0.034068     0.030415     0.028463     0.030047     0.030938     0.030502     0.028931     0.031860     0.026096     0.036502     0.026257     0.028567     0.029126     0.033717     0.029332     0.027202
142               NaN          NaN          NaN          NaN          NaN          NaN          NaN          NaN          NaN          NaN          NaN          NaN          NaN          NaN          NaN          NaN          NaN
143          0.048056     0.034068     0.030415     0.028463     0.030047     0.030938     0.030502     0.028931     0.031860     0.026096     0.036502     0.026257     0.028567     0.029126     0.033717     0.029332     0.027202
144          0.048056     0.034068     0.030415     0.028463     0.030047     0.030938     0.030502     0.028931     0.031860     0.026096     0.036502     0.026257     0.028567     0.029126     0.033717     0.029332     0.027202
145          0.048056     0.034068     0.030415     0.028463     0.030047     0.030938     0.030502     0.028931     0.031860     0.026096     0.036502     0.026257     0.028567     0.029126     0.033717     0.029332     0.027202
146          0.048056     0.034068     0.030415     0.028463     0.030047     0.030938     0.030502     0.028931     0.031860     0.026096     0.036502     0.026257     0.028567     0.029126     0.033717     0.029332     0.027202
147          0.048056     0.034068     0.030415     0.028463     0.030047     0.030938     0.030502     0.028931     0.031860     0.026096     0.036502     0.026257     0.028567     0.029126     0.033717     0.029332     0.027202
148               NaN          NaN          NaN          NaN          NaN          NaN          NaN          NaN          NaN          NaN          NaN          NaN          NaN          NaN          NaN          NaN          NaN
149          0.048056     0.034068     0.030415     0.028463     0.030047     0.030938     0.030502     0.028931     0.031860     0.026096     0.036502     0.026257     0.028567     0.029126     0.033717     0.029332     0.027202
150          0.048056     0.034068     0.030415     0.028463     0.030047     0.030938     0.030502     0.028931     0.031860     0.026096     0.036502     0.026257     0.028567     0.029126     0.033717     0.029332     0.027202
151          0.048056     0.034068     0.030415     0.028463     0.030047     0.030938     0.030502     0.028931     0.031860     0.026096     0.036502     0.026257     0.028567     0.029126     0.033717     0.029332     0.027202
152          0.048056     0.034068     0.030415     0.028463     0.030047     0.030938     0.030502     0.028931     0.031860     0.026096     0.036502     0.026257     0.028567     0.029126     0.033717     0.029332     0.027202
153               NaN          NaN          NaN          NaN          NaN          NaN          NaN          NaN          NaN          NaN          NaN          NaN          NaN          NaN          NaN          NaN          NaN
154          0.048056     0.034068     0.030415     0.028463     0.030047     0.030938     0.030502     0.028931     0.031860     0.026096     0.036502     0.026257     0.028567     0.029126     0.033717     0.029332     0.027202
155          0.048056     0.034068     0.030415     0.028463     0.030047     0.030938     0.030502     0.028931     0.031860     0.026096     0.036502     0.026257     0.028567     0.029126     0.033717     0.029332     0.027202
156               NaN          NaN          NaN          NaN          NaN          NaN          NaN          NaN          NaN          NaN          NaN          NaN          NaN          NaN          NaN          NaN          NaN
157          0.048056     0.034068     0.030415     0.028463     0.030047     0.030938     0.030502     0.028931     0.031860     0.026096     0.036502     0.026257     0.028567     0.029126     0.033717     0.029332     0.027202
158          0.048056     0.034068     0.030415     0.028463     0.030047     0.030938     0.030502     0.028931     0.031860     0.026096     0.036502     0.026257     0.028567     0.029126     0.033717     0.029332     0.027202
159          0.048056     0.034068     0.030415     0.028463     0.030047     0.030938     0.030502     0.028931     0.031860     0.026096     0.036502     0.026257     0.028567     0.029126     0.033717     0.029332     0.027202
160          0.048056     0.034068     0.030415     0.028463     0.030047     0.030938     0.030502     0.028931     0.031860     0.026096     0.036502     0.026257     0.028567     0.029126     0.033717     0.029332     0.027202
161          0.005186     0.024787     0.029319     0.007951     0.025135     0.025967     0.023121     0.020376     0.037328     0.006449     0.050209     0.024208     0.029234     0.028490     0.038858     0.040958     0.011288
162          0.005186     0.024787     0.029319     0.007951     0.025135     0.025967     0.023121     0.020376     0.037328     0.006449     0.050209     0.024208     0.029234     0.028490     0.038858     0.040958     0.011288