exposure  0.06000      4.98000      9.96000      19.98000     30.00000     39.96000     60.00000     150.00000    300.00000    600.00000    900.00006    1200.00000   1800.00012   2700.00024   3600.00024   9000.00000   86400.00732
r_number                                                                                                                                                                                                                             
1            0.064521     0.183690     0.249010     0.281129     0.330042     0.317638     0.354774     0.413254     0.438251     0.479344     0.492122     0.499080     0.531669     0.563180     0.582194     0.618929     0.814076
2            0.064521     0.183690     0.249010     0.281129     0.330042     0.317638     0.354774     0.413254     0.438251     0.479344     0.492122     0.499080     0.531669     0.563180     0.582194     0.618929     0.814076
3            0.064521     0.183690     0.249010     0.281129     0.330042     0.317638     0.354774     0.413254     0.438251     0.479344     0.492122     0.499080     0.531669     0.563180     0.582194     0.618929     0.814076
4            0.064521     0.183690     0.249010     0.281129     0.330042     0.317638     0.354774     0.413254     0.438251     0.479344     0.492122     0.499080     0.531669     0.563180     0.582194     0.618929     0.814076
5                 NaN          NaN          NaN          NaN          NaN          NaN          NaN          NaN          NaN          NaN          NaN          NaN          NaN          NaN          NaN          NaN          NaN
6            0.064521     0.183690     0.249010     0.281129     0.330042     0.317638     0.354774     0.413254     0.438251     0.479344     0.492122     0.499080     0.531669     0.563180     0.582194     0.618929     0.814076
7            0.064521     0.183690     0.249010     0.281129     0.330042     0.317638     0.354774     0.413254     0.438251     0.479344     0.492122     0.499080     0.531669     0.563180     0.582194     0.618929     0.814076
8            0.064521     0.183690     0.249010     0.281129     0.330042     0.317638     0.354774     0.413254     0.438251     0.479344     0.492122     0.499080     0.531669     0.563180     0.582194     0.618929     0.814076
9            0.061443     0.222206     0.257931     0.287372     0.309194     0.328272     0.357472     0.401066     0.434862     0.470773     0.489429     0.507449     0.539944     0.576723     0.586715     0.647780     0.834186
10           0.052669     0.185870     0.220718     0.253405     0.275083     0.292235     0.319150     0.376595     0.408525     0.440872     0.468306     0.477780     0.509782     0.546513     0.556894     0.624948     0.833956
11           0.056601     0.181585     0.212150     0.247767     0.272144     0.288664     0.314852     0.367264     0.402441     0.434440     0.457168     0.461973     0.497417     0.534944     0.556950     0.629906     0.823184
12           0.056601     0.181585     0.212150     0.247767     0.272144     0.288664     0.314852     0.367264     0.402441     0.434440     0.457168     0.461973     0.497417     0.534944     0.556950     0.629906     0.823184
13           0.056601     0.181585     0.212150     0.247767     0.272144     0.288664     0.314852     0.367264     0.402441     0.434440     0.457168     0.461973     0.497417     0.534944     0.556950     0.629906     0.823184
14           0.056601     0.181585     0.212150     0.247767     0.272144     0.288664     0.314852     0.367264     0.402441     0.434440     0.457168     0.461973     0.497417     0.534944     0.556950     0.629906     0.823184
15           0.056601     0.181585     0.212150     0.247767     0.272144     0.288664     0.314852     0.367264     0.402441     0.434440     0.457168     0.461973     0.497417     0.534944     0.556950     0.629906     0.823184
16           0.054241     0.165104     0.194931     0.231763     0.256859     0.271914     0.297983     0.353406     0.388327     0.418254     0.444210     0.447612     0.480951     0.519216     0.544345     0.620958     0.816043
17           0.054241     0.165104     0.194931     0.231763     0.256859     0.271914     0.297983     0.353406     0.388327     0.418254     0.444210     0.447612     0.480951     0.519216     0.544345     0.620958     0.816043
18           0.054214     0.179998     0.217895     0.246583     0.269302     0.283349     0.315540     0.365145     0.395846     0.425006     0.456640     0.482920     0.500143     0.540109     0.552859     0.619788     0.807885
19           0.051162     0.101389     0.123377     0.155834     0.173744     0.181239     0.209181     0.250358     0.279757     0.308056     0.317910     0.328505     0.355320     0.380933     0.399870     0.465646     0.680132
20           0.038773     0.088482     0.113155     0.140312     0.159520     0.169293     0.195260     0.233698     0.266156     0.292231     0.303703     0.313745     0.338237     0.362901     0.384251     0.450583     0.676122
21           0.037894     0.091016     0.115662     0.143646     0.162190     0.174326     0.201674     0.240380     0.272859     0.299247     0.312041     0.321758     0.345910     0.372342     0.393939     0.463650     0.680225
22           0.032521     0.086522     0.112506     0.138370     0.155476     0.166823     0.190794     0.232372     0.264656     0.292064     0.307766     0.315433     0.340971     0.369192     0.385643     0.456809     0.678092
23           0.032521     0.086522     0.112506     0.138370     0.155476     0.166823     0.190794     0.232372     0.264656     0.292064     0.307766     0.315433     0.340971     0.369192     0.385643     0.456809     0.678092
24           0.032521     0.086522     0.112506     0.138370     0.155476     0.166823     0.190794     0.232372     0.264656     0.292064     0.307766     0.315433     0.340971     0.369192     0.385643     0.456809     0.678092
25           0.032521     0.086522     0.112506     0.138370     0.155476     0.166823     0.190794     0.232372     0.264656     0.292064     0.307766     0.315433     0.340971     0.369192     0.385643     0.456809     0.678092
26                NaN          NaN          NaN          NaN          NaN          NaN          NaN          NaN          NaN          NaN          NaN          NaN          NaN          NaN          NaN          NaN          NaN
27           0.032521     0.086522     0.112506     0.138370     0.155476     0.166823     0.190794     0.232372     0.264656     0.292064     0.307766     0.315433     0.340971     0.369192     0.385643     0.456809     0.678092
28           0.032521     0.086522     0.112506     0.138370     0.155476     0.166823     0.190794     0.232372     0.264656     0.292064     0.307766     0.315433     0.340971     0.369192     0.385643     0.456809     0.678092
29           0.032521     0.086522     0.112506     0.138370     0.155476     0.166823     0.190794     0.232372     0.264656     0.292064     0.307766     0.315433     0.340971     0.369192     0.385643     0.456809     0.678092
30           0.032521     0.086522     0.112506     0.138370     0.155476     0.166823     0.190794     0.232372     0.264656     0.292064     0.307766     0.315433     0.340971     0.369192     0.385643     0.456809     0.678092
31           0.032521     0.086522     0.112506     0.138370     0.155476     0.166823     0.190794     0.232372     0.264656     0.292064     0.307766     0.315433     0.340971     0.369192     0.385643     0.456809     0.678092
32           0.033128     0.091802     0.117935     0.142145     0.157487     0.168012     0.193165     0.234676     0.268381     0.295912     0.313924     0.320789     0.345979     0.377525     0.392334     0.462753     0.673108
33           0.056287     0.134967     0.170021     0.198434     0.211992     0.218985     0.241970     0.292208     0.321092     0.356165     0.381000     0.394411     0.412130     0.444413     0.467077     0.530899     0.739041
34           0.052345     0.136064     0.164936     0.191571     0.206511     0.219432     0.244013     0.292221     0.329285     0.365095     0.386097     0.397724     0.426063     0.461618     0.484797     0.546238     0.759072
35           0.051049     0.140087     0.168865     0.195371     0.209742     0.224474     0.249374     0.297700     0.336530     0.373168     0.395538     0.407676     0.436424     0.472009     0.495337     0.557241     0.774068
36           0.057145     0.149897     0.178544     0.205495     0.220150     0.236895     0.263306     0.312939     0.352208     0.391281     0.414130     0.426812     0.455611     0.491981     0.517486     0.578180     0.795641
37           0.057145     0.149897     0.178544     0.205495     0.220150     0.236895     0.263306     0.312939     0.352208     0.391281     0.414130     0.426812     0.455611     0.491981     0.517486     0.578180     0.795641
38           0.057145     0.149897     0.178544     0.205495     0.220150     0.236895     0.263306     0.312939     0.352208     0.391281     0.414130     0.426812     0.455611     0.491981     0.517486     0.578180     0.795641
39           0.057145     0.149897     0.178544     0.205495     0.220150     0.236895     0.263306     0.312939     0.352208     0.391281     0.414130     0.426812     0.455611     0.491981     0.517486     0.578180     0.795641
40           0.057145     0.149897     0.178544     0.205495     0.220150     0.236895     0.263306     0.312939     0.352208     0.391281     0.414130     0.426812     0.455611     0.491981     0.517486     0.578180     0.795641
41           0.050942     0.120909     0.150242     0.172005     0.193888     0.213290     0.247555     0.296892     0.325146     0.362165     0.389352     0.397860     0.439396     0.469462     0.493407     0.566572     0.792722
42           0.050237     0.204152     0.242054     0.266883     0.295844     0.305770     0.343234     0.392427     0.416040     0.444865     0.471241     0.468305     0.507933     0.535571     0.562629     0.601168     0.788449
43           0.050237     0.204152     0.242054     0.266883     0.295844     0.305770     0.343234     0.392427     0.416040     0.444865     0.471241     0.468305     0.507933     0.535571     0.562629     0.601168     0.788449
44           0.050237     0.204152     0.242054     0.266883     0.295844     0.305770     0.343234     0.392427     0.416040     0.444865     0.471241     0.468305     0.507933     0.535571     0.562629     0.601168     0.788449
45           0.050237     0.204152     0.242054     0.266883     0.295844     0.305770     0.343234     0.392427     0.416040     0.444865     0.471241     0.468305     0.507933     0.535571     0.562629     0.601168     0.788449
46           0.050237     0.204152     0.242054     0.266883     0.295844     0.305770     0.343234     0.392427     0.416040     0.444865     0.471241     0.468305     0.507933     0.535571     0.562629     0.601168     0.788449
47           0.049925     0.240902     0.282586     0.308769     0.340854     0.346597     0.385473     0.434603     0.456168     0.481375     0.507393     0.499405     0.538190     0.564756     0.593188     0.616442     0.786563
48           0.045062     0.294366     0.350369     0.378057     0.415010     0.418947     0.452594     0.505284     0.525489     0.542870     0.573663     0.555021     0.596028     0.615752     0.642089     0.664384     0.802669
49           0.045062     0.294366     0.350369     0.378057     0.415010     0.418947     0.452594     0.505284     0.525489     0.542870     0.573663     0.555021     0.596028     0.615752     0.642089     0.664384     0.802669
50           0.045062     0.294366     0.350369     0.378057     0.415010     0.418947     0.452594     0.505284     0.525489     0.542870     0.573663     0.555021     0.596028     0.615752     0.642089     0.664384     0.802669
51                NaN          NaN          NaN          NaN          NaN          NaN          NaN          NaN          NaN          NaN          NaN          NaN          NaN          NaN          NaN          NaN          NaN
52           0.045062     0.294366     0.350369     0.378057     0.415010     0.418947     0.452594     0.505284     0.525489     0.542870     0.573663     0.555021     0.596028     0.615752     0.642089     0.664384     0.802669
53           0.045062     0.294366     0.350369     0.378057     0.415010     0.418947     0.452594     0.505284     0.525489     0.542870     0.573663     0.555021     0.596028     0.615752     0.642089     0.664384     0.802669
54           0.047782     0.291282     0.345734     0.374814     0.411985     0.414641     0.448925     0.509208     0.523492     0.541904     0.569742     0.554822     0.593565     0.615760     0.641708     0.667437     0.819303
55           0.031505     0.146162     0.178610     0.205389     0.234469     0.231541     0.267741     0.312915     0.334013     0.358401     0.371442     0.367945     0.407114     0.450405     0.467994     0.510941     0.681007
56           0.031505     0.146162     0.178610     0.205389     0.234469     0.231541     0.267741     0.312915     0.334013     0.358401     0.371442     0.367945     0.407114     0.450405     0.467994     0.510941     0.681007
57           0.031505     0.146162     0.178610     0.205389     0.234469     0.231541     0.267741     0.312915     0.334013     0.358401     0.371442     0.367945     0.407114     0.450405     0.467994     0.510941     0.681007
58           0.031505     0.146162     0.178610     0.205389     0.234469     0.231541     0.267741     0.312915     0.334013     0.358401     0.371442     0.367945     0.407114     0.450405     0.467994     0.510941     0.681007
59           0.031505     0.146162     0.178610     0.205389     0.234469     0.231541     0.267741     0.312915     0.334013     0.358401     0.371442     0.367945     0.407114     0.450405     0.467994     0.510941     0.681007
60           0.031505     0.146162     0.178610     0.205389     0.234469     0.231541     0.267741     0.312915     0.334013     0.358401     0.371442     0.367945     0.407114     0.450405     0.467994     0.510941     0.681007
61           0.038447     0.200023     0.252231     0.271839     0.301777     0.297436     0.343514     0.384250     0.411421     0.425490     0.457779     0.443392     0.471982     0.511283     0.518988     0.568973     0.788042
62           0.034527     0.144854     0.191834     0.211241     0.237402     0.233943     0.275781     0.323323     0.341342     0.360584     0.377869     0.370684     0.403348     0.436111     0.445686     0.489786     0.744109
63           0.034527     0.144854     0.191834     0.211241     0.237402     0.233943     0.275781     0.323323     0.341342     0.360584     0.377869     0.370684     0.403348     0.436111     0.445686     0.489786     0.744109
64           0.029444     0.066861     0.108039     0.126418     0.151668     0.150042     0.186555     0.243084     0.248414     0.268636     0.274911     0.271897     0.310677     0.339140     0.351312     0.386644     0.682389
65           0.039414     0.060659     0.095522     0.113424     0.139521     0.143412     0.183099     0.236279     0.246993     0.270216     0.276888     0.273042     0.308612     0.342016     0.350533     0.392635     0.688089
66           0.039414     0.060659     0.095522     0.113424     0.139521     0.143412     0.183099     0.236279     0.246993     0.270216     0.276888     0.273042     0.308612     0.342016     0.350533     0.392635     0.688089
67           0.039414     0.060659     0.095522     0.113424     0.139521     0.143412     0.183099     0.236279     0.246993     0.270216     0.276888     0.273042     0.308612     0.342016     0.350533     0.392635     0.688089
68           0.039414     0.060659     0.095522     0.113424     0.139521     0.143412     0.183099     0.236279     0.246993     0.270216     0.276888     0.273042     0.308612     0.342016     0.350533     0.392635     0.688089
69                NaN          NaN          NaN          NaN          NaN          NaN          NaN          NaN          NaN          NaN          NaN          NaN          NaN          NaN          NaN          NaN          NaN
70           0.039414     0.060659     0.095522     0.113424     0.139521     0.143412     0.183099     0.236279     0.246993     0.270216     0.276888     0.273042     0.308612     0.342016     0.350533     0.392635     0.688089
71                NaN          NaN          NaN          NaN          NaN          NaN          NaN          NaN          NaN          NaN          NaN          NaN          NaN          NaN          NaN          NaN          NaN
72                NaN          NaN          NaN          NaN          NaN          NaN          NaN          NaN          NaN          NaN          NaN          NaN          NaN          NaN          NaN          NaN          NaN
73           0.039414     0.060659     0.095522     0.113424     0.139521     0.143412     0.183099     0.236279     0.246993     0.270216     0.276888     0.273042     0.308612     0.342016     0.350533     0.392635     0.688089
74           0.039414     0.060659     0.095522     0.113424     0.139521     0.143412     0.183099     0.236279     0.246993     0.270216     0.276888     0.273042     0.308612     0.342016     0.350533     0.392635     0.688089
75           0.039414     0.060659     0.095522     0.113424     0.139521     0.143412     0.183099     0.236279     0.246993     0.270216     0.276888     0.273042     0.308612     0.342016     0.350533     0.392635     0.688089
76           0.039414     0.060659     0.095522     0.113424     0.139521     0.143412     0.183099     0.236279     0.246993     0.270216     0.276888     0.273042     0.308612     0.342016     0.350533     0.392635     0.688089
77           0.039414     0.060659     0.095522     0.113424     0.139521     0.143412     0.183099     0.236279     0.246993     0.270216     0.276888     0.273042     0.308612     0.342016     0.350533     0.392635     0.688089
78           0.039414     0.060659     0.095522     0.113424     0.139521     0.143412     0.183099     0.236279     0.246993     0.270216     0.276888     0.273042     0.308612     0.342016     0.350533     0.392635     0.688089
79           0.039414     0.060659     0.095522     0.113424     0.139521     0.143412     0.183099     0.236279     0.246993     0.270216     0.276888     0.273042     0.308612     0.342016     0.350533     0.392635     0.688089
80           0.039414     0.060659     0.095522     0.113424     0.139521     0.143412     0.183099     0.236279     0.246993     0.270216     0.276888     0.273042     0.308612     0.342016     0.350533     0.392635     0.688089
81           0.039414     0.060659     0.095522     0.113424     0.139521     0.143412     0.183099     0.236279     0.246993     0.270216     0.276888     0.273042     0.308612     0.342016     0.350533     0.392635     0.688089
82           0.039414     0.060659     0.095522     0.113424     0.139521     0.143412     0.183099     0.236279     0.246993     0.270216     0.276888     0.273042     0.308612     0.342016     0.350533     0.392635     0.688089
83           0.039414     0.060659     0.095522     0.113424     0.139521     0.143412     0.183099     0.236279     0.246993     0.270216     0.276888     0.273042     0.308612     0.342016     0.350533     0.392635     0.688089
84           0.039414     0.060659     0.095522     0.113424     0.139521     0.143412     0.183099     0.236279     0.246993     0.270216     0.276888     0.273042     0.308612     0.342016     0.350533     0.392635     0.688089
85           0.039414     0.060659     0.095522     0.113424     0.139521     0.143412     0.183099     0.236279     0.246993     0.270216     0.276888     0.273042     0.308612     0.342016     0.350533     0.392635     0.688089
86           0.039414     0.060659     0.095522     0.113424     0.139521     0.143412     0.183099     0.236279     0.246993     0.270216     0.276888     0.273042     0.308612     0.342016     0.350533     0.392635     0.688089
87           0.039414     0.060659     0.095522     0.113424     0.139521     0.143412     0.183099     0.236279     0.246993     0.270216     0.276888     0.273042     0.308612     0.342016     0.350533     0.392635     0.688089
88           0.039414     0.060659     0.095522     0.113424     0.139521     0.143412     0.183099     0.236279     0.246993     0.270216     0.276888     0.273042     0.308612     0.342016     0.350533     0.392635     0.688089
89           0.039414     0.060659     0.095522     0.113424     0.139521     0.143412     0.183099     0.236279     0.246993     0.270216     0.276888     0.273042     0.308612     0.342016     0.350533     0.392635     0.688089
90           0.042285     0.050516     0.084334     0.107847     0.131268     0.137734     0.172243     0.221648     0.237607     0.253894     0.266021     0.260534     0.298554     0.331483     0.346114     0.393223     0.677928
91           0.068025     0.125451     0.169215     0.198370     0.229914     0.247147     0.292252     0.328515     0.371129     0.372213     0.396185     0.373398     0.423565     0.465021     0.484598     0.479412     0.763542
92           0.051847     0.104306     0.145511     0.188336     0.225929     0.236304     0.283431     0.330055     0.341651     0.365477     0.384387     0.364809     0.420491     0.455903     0.474382     0.476074     0.751101
93           0.051847     0.104306     0.145511     0.188336     0.225929     0.236304     0.283431     0.330055     0.341651     0.365477     0.384387     0.364809     0.420491     0.455903     0.474382     0.476074     0.751101
94           0.051847     0.104306     0.145511     0.188336     0.225929     0.236304     0.283431     0.330055     0.341651     0.365477     0.384387     0.364809     0.420491     0.455903     0.474382     0.476074     0.751101
95           0.051847     0.104306     0.145511     0.188336     0.225929     0.236304     0.283431     0.330055     0.341651     0.365477     0.384387     0.364809     0.420491     0.455903     0.474382     0.476074     0.751101
96           0.051847     0.104306     0.145511     0.188336     0.225929     0.236304     0.283431     0.330055     0.341651     0.365477     0.384387     0.364809     0.420491     0.455903     0.474382     0.476074     0.751101
97           0.051847     0.104306     0.145511     0.188336     0.225929     0.236304     0.283431     0.330055     0.341651     0.365477     0.384387     0.364809     0.420491     0.455903     0.474382     0.476074     0.751101
98           0.051847     0.104306     0.145511     0.188336     0.225929     0.236304     0.283431     0.330055     0.341651     0.365477     0.384387     0.364809     0.420491     0.455903     0.474382     0.476074     0.751101
99           0.051847     0.104306     0.145511     0.188336     0.225929     0.236304     0.283431     0.330055     0.341651     0.365477     0.384387     0.364809     0.420491     0.455903     0.474382     0.476074     0.751101
100          0.051847     0.104306     0.145511     0.188336     0.225929     0.236304     0.283431     0.330055     0.341651     0.365477     0.384387     0.364809     0.420491     0.455903     0.474382     0.476074     0.751101
101          0.051847     0.104306     0.145511     0.188336     0.225929     0.236304     0.283431     0.330055     0.341651     0.365477     0.384387     0.364809     0.420491     0.455903     0.474382     0.476074     0.751101
102          0.051847     0.104306     0.145511     0.188336     0.225929     0.236304     0.283431     0.330055     0.341651     0.365477     0.384387     0.364809     0.420491     0.455903     0.474382     0.476074     0.751101
103          0.051847     0.104306     0.145511     0.188336     0.225929     0.236304     0.283431     0.330055     0.341651     0.365477     0.384387     0.364809     0.420491     0.455903     0.474382     0.476074     0.751101
104               NaN          NaN          NaN          NaN          NaN          NaN          NaN          NaN          NaN          NaN          NaN          NaN          NaN          NaN          NaN          NaN          NaN
105          0.051813     0.176496     0.214009     0.247006     0.279800     0.289395     0.336068     0.401860     0.422834     0.453208     0.482410     0.473715     0.528327     0.566051     0.583635     0.617871     0.800851
106          0.053917     0.178824     0.220664     0.258873     0.292905     0.299657     0.339087     0.411559     0.435138     0.459406     0.491622     0.482223     0.540992     0.580048     0.592824     0.624822     0.815696
107          0.053917     0.178824     0.220664     0.258873     0.292905     0.299657     0.339087     0.411559     0.435138     0.459406     0.491622     0.482223     0.540992     0.580048     0.592824     0.624822     0.815696
108          0.067767     0.174709     0.224156     0.258880     0.297896     0.303106     0.347082     0.424040     0.440896     0.460211     0.492111     0.472817     0.552537     0.586301     0.603481     0.625187     0.786941
109          0.067767     0.174709     0.224156     0.258880     0.297896     0.303106     0.347082     0.424040     0.440896     0.460211     0.492111     0.472817     0.552537     0.586301     0.603481     0.625187     0.786941
110          0.067767     0.174709     0.224156     0.258880     0.297896     0.303106     0.347082     0.424040     0.440896     0.460211     0.492111     0.472817     0.552537     0.586301     0.603481     0.625187     0.786941
111          0.067767     0.174709     0.224156     0.258880     0.297896     0.303106     0.347082     0.424040     0.440896     0.460211     0.492111     0.472817     0.552537     0.586301     0.603481     0.625187     0.786941
112          0.103753     0.192552     0.254136     0.289435     0.343175     0.337720     0.395402     0.488324     0.490228     0.518623     0.551476     0.496495     0.606994     0.657559     0.655381     0.663420     0.850642
113          0.198516     0.263078     0.437541     0.422669     0.583746     0.494319     0.624243     0.868632     0.738235     0.750603     0.790436     0.689772     0.931731     1.005762     0.995101     0.912676     0.970321
114          0.178823     0.275577     0.457416     0.428289     0.596221     0.499523     0.626688     0.840327     0.742563     0.725326     0.738619     0.663748     0.897952     0.976183     0.968846     0.869614     0.971660
115          0.178823     0.275577     0.457416     0.428289     0.596221     0.499523     0.626688     0.840327     0.742563     0.725326     0.738619     0.663748     0.897952     0.976183     0.968846     0.869614     0.971660
116          0.178823     0.275577     0.457416     0.428289     0.596221     0.499523     0.626688     0.840327     0.742563     0.725326     0.738619     0.663748     0.897952     0.976183     0.968846     0.869614     0.971660
117          0.178823     0.275577     0.457416     0.428289     0.596221     0.499523     0.626688     0.840327     0.742563     0.725326     0.738619     0.663748     0.897952     0.976183     0.968846     0.869614     0.971660
118          0.178823     0.275577     0.457416     0.428289     0.596221     0.499523     0.626688     0.840327     0.742563     0.725326     0.738619     0.663748     0.897952     0.976183     0.968846     0.869614     0.971660
119          0.178823     0.275577     0.457416     0.428289     0.596221     0.499523     0.626688     0.840327     0.742563     0.725326     0.738619     0.663748     0.897952     0.976183     0.968846     0.869614     0.971660
120          0.178823     0.275577     0.457416     0.428289     0.596221     0.499523     0.626688     0.840327     0.742563     0.725326     0.738619     0.663748     0.897952     0.976183     0.968846     0.869614     0.971660
121          0.178823     0.275577     0.457416     0.428289     0.596221     0.499523     0.626688     0.840327     0.742563     0.725326     0.738619     0.663748     0.897952     0.976183     0.968846     0.869614     0.971660
122          0.070271     0.307320     0.379224     0.432517     0.468086     0.481698     0.550294     0.639853     0.665811     0.686490     0.723985     0.712328     0.783980     0.788290     0.829990     0.820682     0.972841
123          0.059279     0.294842     0.362822     0.408801     0.446248     0.459243     0.520555     0.604643     0.630838     0.656343     0.687747     0.685671     0.742643     0.759477     0.790377     0.792566     0.929078
124          0.059279     0.294842     0.362822     0.408801     0.446248     0.459243     0.520555     0.604643     0.630838     0.656343     0.687747     0.685671     0.742643     0.759477     0.790377     0.792566     0.929078
125          0.059279     0.294842     0.362822     0.408801     0.446248     0.459243     0.520555     0.604643     0.630838     0.656343     0.687747     0.685671     0.742643     0.759477     0.790377     0.792566     0.929078
126          0.061729     0.283902     0.339338     0.377930     0.420608     0.432468     0.471168     0.545498     0.583108     0.619863     0.642321     0.647771     0.687752     0.716211     0.733019     0.768569     0.907444
127          0.043976     0.250446     0.299439     0.341716     0.382220     0.394137     0.438111     0.523581     0.557525     0.590728     0.604616     0.612084     0.655323     0.680662     0.703242     0.742837     0.889095
128          0.043976     0.250446     0.299439     0.341716     0.382220     0.394137     0.438111     0.523581     0.557525     0.590728     0.604616     0.612084     0.655323     0.680662     0.703242     0.742837     0.889095
129          0.043976     0.250446     0.299439     0.341716     0.382220     0.394137     0.438111     0.523581     0.557525     0.590728     0.604616     0.612084     0.655323     0.680662     0.703242     0.742837     0.889095
130          0.043976     0.250446     0.299439     0.341716     0.382220     0.394137     0.438111     0.523581     0.557525     0.590728     0.604616     0.612084     0.655323     0.680662     0.703242     0.742837     0.889095
131          0.043976     0.250446     0.299439     0.341716     0.382220     0.394137     0.438111     0.523581     0.557525     0.590728     0.604616     0.612084     0.655323     0.680662     0.703242     0.742837     0.889095
132          0.043976     0.250446     0.299439     0.341716     0.382220     0.394137     0.438111     0.523581     0.557525     0.590728     0.604616     0.612084     0.655323     0.680662     0.703242     0.742837     0.889095
133          0.043976     0.250446     0.299439     0.341716     0.382220     0.394137     0.438111     0.523581     0.557525     0.590728     0.604616     0.612084     0.655323     0.680662     0.703242     0.742837     0.889095
134          0.062273     0.270439     0.314622     0.355690     0.400052     0.411192     0.441187     0.512240     0.555183     0.593026     0.610579     0.618954     0.653232     0.683490     0.700832     0.760036     0.904252
135          0.050117     0.255566     0.299446     0.330714     0.365696     0.374481     0.409165     0.470698     0.505589     0.534637     0.550875     0.556991     0.593405     0.624389     0.637985     0.694447     0.842674
136          0.022372     0.215182     0.255873     0.275318     0.298606     0.306453     0.346423     0.395555     0.417116     0.438744     0.451563     0.457434     0.494282     0.529408     0.541171     0.594656     0.742907
137          0.022372     0.215182     0.255873     0.275318     0.298606     0.306453     0.346423     0.395555     0.417116     0.438744     0.451563     0.457434     0.494282     0.529408     0.541171     0.594656     0.742907
138          0.022372     0.215182     0.255873     0.275318     0.298606     0.306453     0.346423     0.395555     0.417116     0.438744     0.451563     0.457434     0.494282     0.529408     0.541171     0.594656     0.742907
139          0.028015     0.239253     0.282774     0.314853     0.335492     0.348377     0.386039     0.433408     0.458436     0.483452     0.492912     0.497306     0.537980     0.569223     0.576810     0.631480     0.769158
140          0.028015     0.239253     0.282774     0.314853     0.335492     0.348377     0.386039     0.433408     0.458436     0.483452     0.492912     0.497306     0.537980     0.569223     0.576810     0.631480     0.769158
141          0.028015     0.239253     0.282774     0.314853     0.335492     0.348377     0.386039     0.433408     0.458436     0.483452     0.492912     0.497306     0.537980     0.569223     0.576810     0.631480     0.769158
142               NaN          NaN          NaN          NaN          NaN          NaN          NaN          NaN          NaN          NaN          NaN          NaN          NaN          NaN          NaN          NaN          NaN
143          0.028015     0.239253     0.282774     0.314853     0.335492     0.348377     0.386039     0.433408     0.458436     0.483452     0.492912     0.497306     0.537980     0.569223     0.576810     0.631480     0.769158
144          0.028015     0.239253     0.282774     0.314853     0.335492     0.348377     0.386039     0.433408     0.458436     0.483452     0.492912     0.497306     0.537980     0.569223     0.576810     0.631480     0.769158
145          0.028015     0.239253     0.282774     0.314853     0.335492     0.348377     0.386039     0.433408     0.458436     0.483452     0.492912     0.497306     0.537980     0.569223     0.576810     0.631480     0.769158
146          0.028015     0.239253     0.282774     0.314853     0.335492     0.348377     0.386039     0.433408     0.458436     0.483452     0.492912     0.497306     0.537980     0.569223     0.576810     0.631480     0.769158
147          0.028015     0.239253     0.282774     0.314853     0.335492     0.348377     0.386039     0.433408     0.458436     0.483452     0.492912     0.497306     0.537980     0.569223     0.576810     0.631480     0.769158
148               NaN          NaN          NaN          NaN          NaN          NaN          NaN          NaN          NaN          NaN          NaN          NaN          NaN          NaN          NaN          NaN          NaN
149          0.028015     0.239253     0.282774     0.314853     0.335492     0.348377     0.386039     0.433408     0.458436     0.483452     0.492912     0.497306     0.537980     0.569223     0.576810     0.631480     0.769158
150          0.028015     0.239253     0.282774     0.314853     0.335492     0.348377     0.386039     0.433408     0.458436     0.483452     0.492912     0.497306     0.537980     0.569223     0.576810     0.631480     0.769158
151          0.028015     0.239253     0.282774     0.314853     0.335492     0.348377     0.386039     0.433408     0.458436     0.483452     0.492912     0.497306     0.537980     0.569223     0.576810     0.631480     0.769158
152          0.028015     0.239253     0.282774     0.314853     0.335492     0.348377     0.386039     0.433408     0.458436     0.483452     0.492912     0.497306     0.537980     0.569223     0.576810     0.631480     0.769158
153               NaN          NaN          NaN          NaN          NaN          NaN          NaN          NaN          NaN          NaN          NaN          NaN          NaN          NaN          NaN          NaN          NaN
154          0.028015     0.239253     0.282774     0.314853     0.335492     0.348377     0.386039     0.433408     0.458436     0.483452     0.492912     0.497306     0.537980     0.569223     0.576810     0.631480     0.769158
155          0.028015     0.239253     0.282774     0.314853     0.335492     0.348377     0.386039     0.433408     0.458436     0.483452     0.492912     0.497306     0.537980     0.569223     0.576810     0.631480     0.769158
156               NaN          NaN          NaN          NaN          NaN          NaN          NaN          NaN          NaN          NaN          NaN          NaN          NaN          NaN          NaN          NaN          NaN
157          0.028015     0.239253     0.282774     0.314853     0.335492     0.348377     0.386039     0.433408     0.458436     0.483452     0.492912     0.497306     0.537980     0.569223     0.576810     0.631480     0.769158
158          0.028015     0.239253     0.282774     0.314853     0.335492     0.348377     0.386039     0.433408     0.458436     0.483452     0.492912     0.497306     0.537980     0.569223     0.576810     0.631480     0.769158
159          0.028015     0.239253     0.282774     0.314853     0.335492     0.348377     0.386039     0.433408     0.458436     0.483452     0.492912     0.497306     0.537980     0.569223     0.576810     0.631480     0.769158
160          0.028015     0.239253     0.282774     0.314853     0.335492     0.348377     0.386039     0.433408     0.458436     0.483452     0.492912     0.497306     0.537980     0.569223     0.576810     0.631480     0.769158
161          0.011931     0.286491     0.339678     0.337623     0.362119     0.363236     0.405923     0.454710     0.479427     0.491757     0.525360     0.505072     0.544229     0.574701     0.588393     0.637036     0.771253
162          0.011931     0.286491     0.339678     0.337623     0.362119     0.363236     0.405923     0.454710     0.479427     0.491757     0.525360     0.505072     0.544229     0.574701     0.588393     0.637036     0.771253