exposure  0.06000      4.98000      10.02000     19.98000     30.00000     39.96000     60.00000     150.00000    300.00000    600.00000    900.00006    1200.00000   1800.00012   2700.00024   3600.00024   10800.00090  86400.00732
r_number                                                                                                                                                                                                                             
-28          0.058211     0.051835     0.052081     0.052117     0.054492     0.051126     0.078183     0.055520     0.085730     0.093707     0.057360     0.092115     0.060080     0.070538     0.068376     0.056811     0.054838
-27          0.058211     0.051835     0.052081     0.052117     0.054492     0.051126     0.078183     0.055520     0.085730     0.093707     0.057360     0.092115     0.060080     0.070538     0.068376     0.056811     0.054838
-26          0.058211     0.051835     0.052081     0.052117     0.054492     0.051126     0.078183     0.055520     0.085730     0.093707     0.057360     0.092115     0.060080     0.070538     0.068376     0.056811     0.054838
-25          0.058211     0.051835     0.052081     0.052117     0.054492     0.051126     0.078183     0.055520     0.085730     0.093707     0.057360     0.092115     0.060080     0.070538     0.068376     0.056811     0.054838
-24          0.058211     0.051835     0.052081     0.052117     0.054492     0.051126     0.078183     0.055520     0.085730     0.093707     0.057360     0.092115     0.060080     0.070538     0.068376     0.056811     0.054838
-23          0.058211     0.051835     0.052081     0.052117     0.054492     0.051126     0.078183     0.055520     0.085730     0.093707     0.057360     0.092115     0.060080     0.070538     0.068376     0.056811     0.054838
-22          0.021600     0.023422     0.023553     0.023948     0.025679     0.024672     0.033974     0.025716     0.037929     0.038198     0.027403     0.036330     0.028570     0.033369     0.029056     0.029164     0.028747
-21          0.014920     0.023937     0.024095     0.024926     0.027408     0.026906     0.033096     0.026988     0.037812     0.033645     0.029619     0.029897     0.030753     0.035745     0.027428     0.033369     0.033357
-20          0.010814     0.017197     0.021747     0.019798     0.020324     0.019035     0.025706     0.019227     0.026312     0.023090     0.021132     0.022290     0.023692     0.024600     0.021479     0.024315     0.023465
-19          0.010814     0.017197     0.021747     0.019798     0.020324     0.019035     0.025706     0.019227     0.026312     0.023090     0.021132     0.022290     0.023692     0.024600     0.021479     0.024315     0.023465
-18          0.010814     0.017197     0.021747     0.019798     0.020324     0.019035     0.025706     0.019227     0.026312     0.023090     0.021132     0.022290     0.023692     0.024600     0.021479     0.024315     0.023465
-17          0.010814     0.017197     0.021747     0.019798     0.020324     0.019035     0.025706     0.019227     0.026312     0.023090     0.021132     0.022290     0.023692     0.024600     0.021479     0.024315     0.023465
-16          0.009663     0.013013     0.024485     0.019061     0.018878     0.014429     0.023505     0.014413     0.020157     0.014351     0.016747     0.019143     0.021927     0.015320     0.021129     0.021193     0.016139
-15          0.009663     0.013013     0.024485     0.019061     0.018878     0.014429     0.023505     0.014413     0.020157     0.014351     0.016747     0.019143     0.021927     0.015320     0.021129     0.021193     0.016139
-14               NaN          NaN          NaN          NaN          NaN          NaN          NaN          NaN          NaN          NaN          NaN          NaN          NaN          NaN          NaN          NaN          NaN
-13          0.083767     0.085702     0.108858     0.122789     0.164566     0.145833     0.105877     0.263350     0.116891     0.147945     0.116441     0.131069     0.143602     0.173044     0.169263     0.130232     0.130921
-12          0.049347     0.054900     0.064014     0.068245     0.094110     0.078053     0.067777     0.120344     0.066118     0.084613     0.080213     0.073075     0.078264     0.099081     0.092583     0.079055     0.086003
-11          0.049347     0.054900     0.064014     0.068245     0.094110     0.078053     0.067777     0.120344     0.066118     0.084613     0.080213     0.073075     0.078264     0.099081     0.092583     0.079055     0.086003
-10               NaN          NaN          NaN          NaN          NaN          NaN          NaN          NaN          NaN          NaN          NaN          NaN          NaN          NaN          NaN          NaN          NaN
-9           0.045333     0.050413     0.058784     0.062666     0.086431     0.071678     0.062290     0.110509     0.060793     0.077698     0.073654     0.067106     0.071907     0.090986     0.085046     0.072618     0.079003
-8           0.045333     0.050413     0.058784     0.062666     0.086431     0.071678     0.062290     0.110509     0.060793     0.077698     0.073654     0.067106     0.071907     0.090986     0.085046     0.072618     0.079003
-7           0.052876     0.062294     0.068445     0.069374     0.098299     0.076204     0.076977     0.088515     0.068529     0.088362     0.094637     0.074523     0.078054     0.103582     0.092651     0.086635     0.099070
-6           0.039585     0.044763     0.052970     0.050163     0.067324     0.054202     0.055386     0.061671     0.050181     0.061458     0.068425     0.053368     0.057515     0.073684     0.065137     0.062122     0.073184
-5           0.029609     0.023299     0.032479     0.027420     0.040044     0.028639     0.038494     0.034664     0.031246     0.034786     0.042011     0.029863     0.038902     0.039734     0.035448     0.030734     0.046026
-4           0.024032     0.024297     0.035158     0.028635     0.035866     0.029021     0.033661     0.034515     0.032742     0.038396     0.039454     0.031537     0.038573     0.040004     0.032892     0.033048     0.049445
-3           0.024032     0.024297     0.035158     0.028635     0.035866     0.029021     0.033661     0.034515     0.032742     0.038396     0.039454     0.031537     0.038573     0.040004     0.032892     0.033048     0.049445
-2           0.024032     0.024297     0.035158     0.028635     0.035866     0.029021     0.033661     0.034515     0.032742     0.038396     0.039454     0.031537     0.038573     0.040004     0.032892     0.033048     0.049445
-1                NaN          NaN          NaN          NaN          NaN          NaN          NaN          NaN          NaN          NaN          NaN          NaN          NaN          NaN          NaN          NaN          NaN
0            0.024032     0.024297     0.035158     0.028635     0.035866     0.029021     0.033661     0.034515     0.032742     0.038396     0.039454     0.031537     0.038573     0.040004     0.032892     0.033048     0.049445
1            0.024032     0.024297     0.035158     0.028635     0.035866     0.029021     0.033661     0.034515     0.032742     0.038396     0.039454     0.031537     0.038573     0.040004     0.032892     0.033048     0.049445
2            0.024032     0.024297     0.035158     0.028635     0.035866     0.029021     0.033661     0.034515     0.032742     0.038396     0.039454     0.031537     0.038573     0.040004     0.032892     0.033048     0.049445
3            0.035328     0.037984     0.050645     0.036278     0.039490     0.037878     0.047074     0.041437     0.049086     0.051681     0.041521     0.042988     0.044312     0.041161     0.041876     0.045017     0.055747
4            0.065621     0.105019     0.063129     0.045619     0.053939     0.038470     0.052966     0.044697     0.047202     0.042630     0.040177     0.039754     0.036849     0.037935     0.038917     0.045993     0.044796
5            0.065621     0.105019     0.063129     0.045619     0.053939     0.038470     0.052966     0.044697     0.047202     0.042630     0.040177     0.039754     0.036849     0.037935     0.038917     0.045993     0.044796
6            0.065621     0.105019     0.063129     0.045619     0.053939     0.038470     0.052966     0.044697     0.047202     0.042630     0.040177     0.039754     0.036849     0.037935     0.038917     0.045993     0.044796
7            0.065621     0.105019     0.063129     0.045619     0.053939     0.038470     0.052966     0.044697     0.047202     0.042630     0.040177     0.039754     0.036849     0.037935     0.038917     0.045993     0.044796
8            0.050801     0.081287     0.049466     0.035661     0.042133     0.030349     0.042125     0.035094     0.037981     0.034518     0.031949     0.031452     0.029268     0.030075     0.030919     0.036431     0.036510
9            0.050801     0.081287     0.049466     0.035661     0.042133     0.030349     0.042125     0.035094     0.037981     0.034518     0.031949     0.031452     0.029268     0.030075     0.030919     0.036431     0.036510
10           0.008726     0.013274     0.020088     0.013413     0.014778     0.014396     0.023336     0.014809     0.025391     0.021967     0.017463     0.015761     0.017128     0.015972     0.018082     0.017822     0.026004
11           0.008726     0.013274     0.020088     0.013413     0.014778     0.014396     0.023336     0.014809     0.025391     0.021967     0.017463     0.015761     0.017128     0.015972     0.018082     0.017822     0.026004
12           0.008726     0.013274     0.020088     0.013413     0.014778     0.014396     0.023336     0.014809     0.025391     0.021967     0.017463     0.015761     0.017128     0.015972     0.018082     0.017822     0.026004
13           0.008726     0.013274     0.020088     0.013413     0.014778     0.014396     0.023336     0.014809     0.025391     0.021967     0.017463     0.015761     0.017128     0.015972     0.018082     0.017822     0.026004
14                NaN          NaN          NaN          NaN          NaN          NaN          NaN          NaN          NaN          NaN          NaN          NaN          NaN          NaN          NaN          NaN          NaN
15           0.021447     0.017486     0.020548     0.019717     0.019675     0.018067     0.025419     0.022502     0.026223     0.025380     0.024201     0.020243     0.024119     0.023783     0.026902     0.024745     0.037408
16           0.021447     0.017486     0.020548     0.019717     0.019675     0.018067     0.025419     0.022502     0.026223     0.025380     0.024201     0.020243     0.024119     0.023783     0.026902     0.024745     0.037408
17           0.021447     0.017486     0.020548     0.019717     0.019675     0.018067     0.025419     0.022502     0.026223     0.025380     0.024201     0.020243     0.024119     0.023783     0.026902     0.024745     0.037408
18           0.021447     0.017486     0.020548     0.019717     0.019675     0.018067     0.025419     0.022502     0.026223     0.025380     0.024201     0.020243     0.024119     0.023783     0.026902     0.024745     0.037408
19           0.021447     0.017486     0.020548     0.019717     0.019675     0.018067     0.025419     0.022502     0.026223     0.025380     0.024201     0.020243     0.024119     0.023783     0.026902     0.024745     0.037408
20                NaN          NaN          NaN          NaN          NaN          NaN          NaN          NaN          NaN          NaN          NaN          NaN          NaN          NaN          NaN          NaN          NaN
21           0.021447     0.017486     0.020548     0.019717     0.019675     0.018067     0.025419     0.022502     0.026223     0.025380     0.024201     0.020243     0.024119     0.023783     0.026902     0.024745     0.037408
22           0.021447     0.017486     0.020548     0.019717     0.019675     0.018067     0.025419     0.022502     0.026223     0.025380     0.024201     0.020243     0.024119     0.023783     0.026902     0.024745     0.037408
23           0.021447     0.017486     0.020548     0.019717     0.019675     0.018067     0.025419     0.022502     0.026223     0.025380     0.024201     0.020243     0.024119     0.023783     0.026902     0.024745     0.037408
24           0.021447     0.017486     0.020548     0.019717     0.019675     0.018067     0.025419     0.022502     0.026223     0.025380     0.024201     0.020243     0.024119     0.023783     0.026902     0.024745     0.037408
25           0.030117     0.024173     0.026842     0.026588     0.027122     0.024732     0.028666     0.029459     0.031070     0.030795     0.028698     0.025777     0.027562     0.028816     0.032487     0.030225     0.044398
26           0.030117     0.024173     0.026842     0.026588     0.027122     0.024732     0.028666     0.029459     0.031070     0.030795     0.028698     0.025777     0.027562     0.028816     0.032487     0.030225     0.044398
27           0.039731     0.032417     0.035112     0.036737     0.036908     0.033010     0.038257     0.033758     0.042207     0.035178     0.037636     0.034765     0.037572     0.038318     0.043342     0.040136     0.056603
28           0.024958     0.014945     0.031084     0.031958     0.029570     0.021982     0.019137     0.022562     0.035702     0.031127     0.035751     0.025395     0.025066     0.032409     0.033523     0.034735     0.046941
29           0.024958     0.014945     0.031084     0.031958     0.029570     0.021982     0.019137     0.022562     0.035702     0.031127     0.035751     0.025395     0.025066     0.032409     0.033523     0.034735     0.046941
30                NaN          NaN          NaN          NaN          NaN          NaN          NaN          NaN          NaN          NaN          NaN          NaN          NaN          NaN          NaN          NaN          NaN
31           0.037470     0.022431     0.021645     0.027316     0.032817     0.018435     0.021711     0.023955     0.015402     0.013349     0.016241     0.012944     0.011854     0.036460     0.019307     0.021757     0.008409
32           0.037470     0.022431     0.021645     0.027316     0.032817     0.018435     0.021711     0.023955     0.015402     0.013349     0.016241     0.012944     0.011854     0.036460     0.019307     0.021757     0.008409
33           0.018235     0.015801     0.024485     0.020208     0.020128     0.017770     0.025409     0.020035     0.031075     0.020715     0.022308     0.019543     0.027730     0.025467     0.022612     0.022522     0.033313
34           0.018235     0.015801     0.024485     0.020208     0.020128     0.017770     0.025409     0.020035     0.031075     0.020715     0.022308     0.019543     0.027730     0.025467     0.022612     0.022522     0.033313
35           0.006506     0.012808     0.014183     0.008322     0.009798     0.009542     0.015585     0.010659     0.016902     0.012953     0.012467     0.010629     0.013922     0.012067     0.014755     0.012108     0.018974
36           0.006506     0.012808     0.014183     0.008322     0.009798     0.009542     0.015585     0.010659     0.016902     0.012953     0.012467     0.010629     0.013922     0.012067     0.014755     0.012108     0.018974
37           0.006273     0.011544     0.012810     0.007801     0.009226     0.008838     0.014488     0.009811     0.015710     0.012597     0.011622     0.009926     0.012686     0.011324     0.013836     0.011195     0.017577
38           0.006273     0.011544     0.012810     0.007801     0.009226     0.008838     0.014488     0.009811     0.015710     0.012597     0.011622     0.009926     0.012686     0.011324     0.013836     0.011195     0.017577
39           0.005864     0.010361     0.011209     0.007024     0.009322     0.007728     0.013656     0.008671     0.014322     0.011791     0.010411     0.008871     0.010935     0.009994     0.011929     0.009835     0.015432
40           0.004990     0.008359     0.009602     0.006357     0.008715     0.007757     0.012378     0.008065     0.012052     0.010080     0.009343     0.008574     0.009569     0.009045     0.010286     0.008941     0.013814
41           0.004990     0.008359     0.009602     0.006357     0.008715     0.007757     0.012378     0.008065     0.012052     0.010080     0.009343     0.008574     0.009569     0.009045     0.010286     0.008941     0.013814
42           0.004990     0.008359     0.009602     0.006357     0.008715     0.007757     0.012378     0.008065     0.012052     0.010080     0.009343     0.008574     0.009569     0.009045     0.010286     0.008941     0.013814
43           0.004990     0.008359     0.009602     0.006357     0.008715     0.007757     0.012378     0.008065     0.012052     0.010080     0.009343     0.008574     0.009569     0.009045     0.010286     0.008941     0.013814
44           0.005238     0.008329     0.009858     0.006695     0.009309     0.008204     0.012811     0.008487     0.012355     0.010577     0.009749     0.008970     0.009671     0.009489     0.010415     0.009274     0.014355
45           0.005013     0.007954     0.009419     0.006554     0.009012     0.008065     0.012536     0.008289     0.012050     0.010991     0.009556     0.008773     0.009492     0.009467     0.010194     0.009178     0.014321
46           0.005796     0.009084     0.010273     0.007509     0.009846     0.008391     0.014154     0.008913     0.013997     0.013411     0.010622     0.009093     0.010123     0.010765     0.011625     0.010155     0.016085
47           0.005752     0.008689     0.010025     0.007695     0.009991     0.008106     0.014173     0.009208     0.014269     0.014000     0.010873     0.009221     0.010309     0.011038     0.011967     0.010502     0.016883
48           0.005882     0.007589     0.010144     0.008453     0.010136     0.008891     0.015494     0.009969     0.015547     0.015395     0.011692     0.009879     0.011268     0.012342     0.013354     0.011471     0.018456
49           0.007220     0.007607     0.014412     0.011808     0.017775     0.013393     0.023932     0.020603     0.020883     0.026846     0.020081     0.014378     0.016848     0.019762     0.020822     0.018612     0.032558
50           0.007368     0.007279     0.014174     0.011954     0.017945     0.012623     0.024579     0.017844     0.018937     0.023467     0.020028     0.013670     0.015663     0.020112     0.020620     0.018158     0.032710
51           0.008211     0.007895     0.015391     0.013287     0.020010     0.014001     0.027433     0.019679     0.020587     0.026177     0.022376     0.015056     0.017203     0.022492     0.022851     0.020205     0.036567
52           0.008211     0.007895     0.015391     0.013287     0.020010     0.014001     0.027433     0.019679     0.020587     0.026177     0.022376     0.015056     0.017203     0.022492     0.022851     0.020205     0.036567
53           0.008211     0.007895     0.015391     0.013287     0.020010     0.014001     0.027433     0.019679     0.020587     0.026177     0.022376     0.015056     0.017203     0.022492     0.022851     0.020205     0.036567
54           0.008211     0.007895     0.015391     0.013287     0.020010     0.014001     0.027433     0.019679     0.020587     0.026177     0.022376     0.015056     0.017203     0.022492     0.022851     0.020205     0.036567
55           0.008211     0.007895     0.015391     0.013287     0.020010     0.014001     0.027433     0.019679     0.020587     0.026177     0.022376     0.015056     0.017203     0.022492     0.022851     0.020205     0.036567
56                NaN          NaN          NaN          NaN          NaN          NaN          NaN          NaN          NaN          NaN          NaN          NaN          NaN          NaN          NaN          NaN          NaN
57           0.008211     0.007895     0.015391     0.013287     0.020010     0.014001     0.027433     0.019679     0.020587     0.026177     0.022376     0.015056     0.017203     0.022492     0.022851     0.020205     0.036567
58           0.008211     0.007895     0.015391     0.013287     0.020010     0.014001     0.027433     0.019679     0.020587     0.026177     0.022376     0.015056     0.017203     0.022492     0.022851     0.020205     0.036567
59           0.008211     0.007895     0.015391     0.013287     0.020010     0.014001     0.027433     0.019679     0.020587     0.026177     0.022376     0.015056     0.017203     0.022492     0.022851     0.020205     0.036567
60           0.016899     0.014663     0.029479     0.028154     0.040257     0.023857     0.057350     0.022296     0.031659     0.032552     0.043115     0.026902     0.028865     0.045250     0.044083     0.037672     0.071671
61           0.010436     0.008733     0.016224     0.018076     0.023188     0.013389     0.033074     0.014835     0.017615     0.020770     0.027526     0.015661     0.024105     0.029662     0.024564     0.022960     0.048260
62           0.013242     0.010872     0.019214     0.023357     0.028305     0.016073     0.040404     0.019461     0.021022     0.026764     0.035480     0.019241     0.033857     0.038673     0.029344     0.028938     0.063607
63           0.011261     0.008911     0.013061     0.021741     0.026314     0.016547     0.022402     0.024989     0.015048     0.016844     0.026399     0.013625     0.022875     0.023204     0.022335     0.020618     0.042913
64           0.011261     0.008911     0.013061     0.021741     0.026314     0.016547     0.022402     0.024989     0.015048     0.016844     0.026399     0.013625     0.022875     0.023204     0.022335     0.020618     0.042913
65           0.011261     0.008911     0.013061     0.021741     0.026314     0.016547     0.022402     0.024989     0.015048     0.016844     0.026399     0.013625     0.022875     0.023204     0.022335     0.020618     0.042913
66                NaN          NaN          NaN          NaN          NaN          NaN          NaN          NaN          NaN          NaN          NaN          NaN          NaN          NaN          NaN          NaN          NaN
67           0.011261     0.008911     0.013061     0.021741     0.026314     0.016547     0.022402     0.024989     0.015048     0.016844     0.026399     0.013625     0.022875     0.023204     0.022335     0.020618     0.042913
68           0.011261     0.008911     0.013061     0.021741     0.026314     0.016547     0.022402     0.024989     0.015048     0.016844     0.026399     0.013625     0.022875     0.023204     0.022335     0.020618     0.042913
69           0.009425     0.008264     0.014388     0.016059     0.020525     0.013425     0.025404     0.012935     0.013767     0.017364     0.024469     0.013204     0.021381     0.025549     0.021259     0.019384     0.042292
70           0.008701     0.007608     0.012721     0.013503     0.017319     0.011352     0.021805     0.011873     0.013239     0.015189     0.020508     0.011639     0.018062     0.021641     0.018389     0.016599     0.035522
71           0.008701     0.007608     0.012721     0.013503     0.017319     0.011352     0.021805     0.011873     0.013239     0.015189     0.020508     0.011639     0.018062     0.021641     0.018389     0.016599     0.035522
72           0.008701     0.007608     0.012721     0.013503     0.017319     0.011352     0.021805     0.011873     0.013239     0.015189     0.020508     0.011639     0.018062     0.021641     0.018389     0.016599     0.035522
73           0.007898     0.007031     0.015071     0.016735     0.020145     0.011027     0.023727     0.013766     0.015906     0.018285     0.020818     0.012977     0.019509     0.022800     0.019786     0.018633     0.039585
74           0.007898     0.007031     0.015071     0.016735     0.020145     0.011027     0.023727     0.013766     0.015906     0.018285     0.020818     0.012977     0.019509     0.022800     0.019786     0.018633     0.039585
75           0.007898     0.007031     0.015071     0.016735     0.020145     0.011027     0.023727     0.013766     0.015906     0.018285     0.020818     0.012977     0.019509     0.022800     0.019786     0.018633     0.039585
76           0.007898     0.007031     0.015071     0.016735     0.020145     0.011027     0.023727     0.013766     0.015906     0.018285     0.020818     0.012977     0.019509     0.022800     0.019786     0.018633     0.039585
77           0.010399     0.008976     0.016188     0.012366     0.017856     0.012363     0.023569     0.015030     0.018919     0.018679     0.020435     0.014539     0.018142     0.023587     0.021575     0.019906     0.037914
78           0.010399     0.008976     0.016188     0.012366     0.017856     0.012363     0.023569     0.015030     0.018919     0.018679     0.020435     0.014539     0.018142     0.023587     0.021575     0.019906     0.037914
79           0.010399     0.008976     0.016188     0.012366     0.017856     0.012363     0.023569     0.015030     0.018919     0.018679     0.020435     0.014539     0.018142     0.023587     0.021575     0.019906     0.037914
80           0.010399     0.008976     0.016188     0.012366     0.017856     0.012363     0.023569     0.015030     0.018919     0.018679     0.020435     0.014539     0.018142     0.023587     0.021575     0.019906     0.037914
81           0.010399     0.008976     0.016188     0.012366     0.017856     0.012363     0.023569     0.015030     0.018919     0.018679     0.020435     0.014539     0.018142     0.023587     0.021575     0.019906     0.037914
82           0.010399     0.008976     0.016188     0.012366     0.017856     0.012363     0.023569     0.015030     0.018919     0.018679     0.020435     0.014539     0.018142     0.023587     0.021575     0.019906     0.037914
83           0.019014     0.016370     0.024295     0.018083     0.031773     0.021430     0.038332     0.023764     0.030596     0.028087     0.029286     0.022533     0.027358     0.036957     0.031400     0.029051     0.054087
84           0.015243     0.015386     0.028048     0.035086     0.025973     0.026954     0.041618     0.023750     0.026476     0.039128     0.033253     0.026279     0.042381     0.047275     0.035301     0.044218     0.056810
85           0.013667     0.013562     0.024903     0.029861     0.022636     0.023331     0.035827     0.020767     0.023576     0.034141     0.028929     0.022809     0.035979     0.040021     0.030405     0.037482     0.048533
86           0.013667     0.013562     0.024903     0.029861     0.022636     0.023331     0.035827     0.020767     0.023576     0.034141     0.028929     0.022809     0.035979     0.040021     0.030405     0.037482     0.048533
87           0.013667     0.013562     0.024903     0.029861     0.022636     0.023331     0.035827     0.020767     0.023576     0.034141     0.028929     0.022809     0.035979     0.040021     0.030405     0.037482     0.048533
88           0.013667     0.013562     0.024903     0.029861     0.022636     0.023331     0.035827     0.020767     0.023576     0.034141     0.028929     0.022809     0.035979     0.040021     0.030405     0.037482     0.048533
89           0.013667     0.013562     0.024903     0.029861     0.022636     0.023331     0.035827     0.020767     0.023576     0.034141     0.028929     0.022809     0.035979     0.040021     0.030405     0.037482     0.048533
90                NaN          NaN          NaN          NaN          NaN          NaN          NaN          NaN          NaN          NaN          NaN          NaN          NaN          NaN          NaN          NaN          NaN
91           0.013667     0.013562     0.024903     0.029861     0.022636     0.023331     0.035827     0.020767     0.023576     0.034141     0.028929     0.022809     0.035979     0.040021     0.030405     0.037482     0.048533
92           0.013667     0.013562     0.024903     0.029861     0.022636     0.023331     0.035827     0.020767     0.023576     0.034141     0.028929     0.022809     0.035979     0.040021     0.030405     0.037482     0.048533
93           0.013667     0.013562     0.024903     0.029861     0.022636     0.023331     0.035827     0.020767     0.023576     0.034141     0.028929     0.022809     0.035979     0.040021     0.030405     0.037482     0.048533
94           0.012796     0.014070     0.023667     0.020979     0.025467     0.018510     0.031051     0.020707     0.023819     0.029931     0.028657     0.021561     0.028684     0.030177     0.028844     0.025282     0.040125
95           0.009853     0.019208     0.020411     0.020261     0.020770     0.020616     0.025556     0.017850     0.019347     0.024976     0.024185     0.019652     0.025574     0.024228     0.022958     0.023841     0.031298
96           0.009853     0.019208     0.020411     0.020261     0.020770     0.020616     0.025556     0.017850     0.019347     0.024976     0.024185     0.019652     0.025574     0.024228     0.022958     0.023841     0.031298
97           0.010033     0.022551     0.022720     0.022173     0.022150     0.023754     0.027148     0.019800     0.021140     0.026703     0.025421     0.021758     0.027283     0.024519     0.023783     0.026495     0.032345
98           0.011791     0.027735     0.026233     0.026252     0.024445     0.028747     0.029837     0.022995     0.023945     0.030729     0.029159     0.025303     0.031143     0.027423     0.026443     0.030794     0.035625
99           0.011791     0.027735     0.026233     0.026252     0.024445     0.028747     0.029837     0.022995     0.023945     0.030729     0.029159     0.025303     0.031143     0.027423     0.026443     0.030794     0.035625
100          0.011791     0.027735     0.026233     0.026252     0.024445     0.028747     0.029837     0.022995     0.023945     0.030729     0.029159     0.025303     0.031143     0.027423     0.026443     0.030794     0.035625
101               NaN          NaN          NaN          NaN          NaN          NaN          NaN          NaN          NaN          NaN          NaN          NaN          NaN          NaN          NaN          NaN          NaN
102          0.021810     0.019135     0.047591     0.030493     0.041874     0.024524     0.036905     0.021425     0.026801     0.032044     0.033312     0.023019     0.029667     0.030307     0.036196     0.028421     0.047467
103          0.021810     0.019135     0.047591     0.030493     0.041874     0.024524     0.036905     0.021425     0.026801     0.032044     0.033312     0.023019     0.029667     0.030307     0.036196     0.028421     0.047467
104          0.021810     0.019135     0.047591     0.030493     0.041874     0.024524     0.036905     0.021425     0.026801     0.032044     0.033312     0.023019     0.029667     0.030307     0.036196     0.028421     0.047467
105          0.021810     0.019135     0.047591     0.030493     0.041874     0.024524     0.036905     0.021425     0.026801     0.032044     0.033312     0.023019     0.029667     0.030307     0.036196     0.028421     0.047467
106          0.021810     0.019135     0.047591     0.030493     0.041874     0.024524     0.036905     0.021425     0.026801     0.032044     0.033312     0.023019     0.029667     0.030307     0.036196     0.028421     0.047467
107          0.021810     0.019135     0.047591     0.030493     0.041874     0.024524     0.036905     0.021425     0.026801     0.032044     0.033312     0.023019     0.029667     0.030307     0.036196     0.028421     0.047467
108          0.021153     0.020990     0.040054     0.030830     0.030231     0.029656     0.048550     0.028149     0.035231     0.049161     0.043255     0.033228     0.039162     0.046164     0.044747     0.042039     0.072456
109          0.031734     0.028763     0.059235     0.043618     0.043159     0.033056     0.069466     0.036032     0.046606     0.060794     0.051496     0.041581     0.041455     0.053826     0.057669     0.051297     0.086362
110               NaN          NaN          NaN          NaN          NaN          NaN          NaN          NaN          NaN          NaN          NaN          NaN          NaN          NaN          NaN          NaN          NaN
111          0.020494     0.041917     0.073973     0.066170     0.076174     0.055092     0.069231     0.052080     0.074358     0.083006     0.064429     0.056864     0.063791     0.063995     0.067152     0.065314     0.081305
112          0.020494     0.041917     0.073973     0.066170     0.076174     0.055092     0.069231     0.052080     0.074358     0.083006     0.064429     0.056864     0.063791     0.063995     0.067152     0.065314     0.081305
113          0.020494     0.041917     0.073973     0.066170     0.076174     0.055092     0.069231     0.052080     0.074358     0.083006     0.064429     0.056864     0.063791     0.063995     0.067152     0.065314     0.081305
114          0.020494     0.041917     0.073973     0.066170     0.076174     0.055092     0.069231     0.052080     0.074358     0.083006     0.064429     0.056864     0.063791     0.063995     0.067152     0.065314     0.081305
115          0.020494     0.041917     0.073973     0.066170     0.076174     0.055092     0.069231     0.052080     0.074358     0.083006     0.064429     0.056864     0.063791     0.063995     0.067152     0.065314     0.081305
116          0.012910     0.014651     0.023821     0.022230     0.025471     0.018838     0.021660     0.019593     0.028551     0.027108     0.021614     0.020377     0.026417     0.022381     0.024841     0.024654     0.028006
117          0.012910     0.014651     0.023821     0.022230     0.025471     0.018838     0.021660     0.019593     0.028551     0.027108     0.021614     0.020377     0.026417     0.022381     0.024841     0.024654     0.028006
118          0.012910     0.014651     0.023821     0.022230     0.025471     0.018838     0.021660     0.019593     0.028551     0.027108     0.021614     0.020377     0.026417     0.022381     0.024841     0.024654     0.028006
119          0.012910     0.014651     0.023821     0.022230     0.025471     0.018838     0.021660     0.019593     0.028551     0.027108     0.021614     0.020377     0.026417     0.022381     0.024841     0.024654     0.028006
120          0.015927     0.013038     0.018516     0.018666     0.021224     0.016257     0.015775     0.018959     0.028160     0.021662     0.018105     0.018712     0.027648     0.019933     0.023634     0.023934     0.024427
121          0.015927     0.013038     0.018516     0.018666     0.021224     0.016257     0.015775     0.018959     0.028160     0.021662     0.018105     0.018712     0.027648     0.019933     0.023634     0.023934     0.024427
122          0.030531     0.023037     0.024291     0.030510     0.034129     0.026174     0.027107     0.034477     0.046060     0.036390     0.029212     0.029472     0.047089     0.028804     0.042210     0.036947     0.040794
123          0.021012     0.027003     0.037208     0.031358     0.032638     0.030609     0.027938     0.034881     0.032166     0.039916     0.040056     0.034952     0.041565     0.048141     0.041770     0.043817     0.054592
124          0.013541     0.015529     0.022405     0.018039     0.021456     0.019494     0.019026     0.020703     0.020157     0.025779     0.024859     0.020960     0.025023     0.026992     0.024940     0.024444     0.032576
125          0.013541     0.015529     0.022405     0.018039     0.021456     0.019494     0.019026     0.020703     0.020157     0.025779     0.024859     0.020960     0.025023     0.026992     0.024940     0.024444     0.032576
126          0.013541     0.015529     0.022405     0.018039     0.021456     0.019494     0.019026     0.020703     0.020157     0.025779     0.024859     0.020960     0.025023     0.026992     0.024940     0.024444     0.032576
127          0.013541     0.015529     0.022405     0.018039     0.021456     0.019494     0.019026     0.020703     0.020157     0.025779     0.024859     0.020960     0.025023     0.026992     0.024940     0.024444     0.032576
128          0.013541     0.015529     0.022405     0.018039     0.021456     0.019494     0.019026     0.020703     0.020157     0.025779     0.024859     0.020960     0.025023     0.026992     0.024940     0.024444     0.032576
129          0.013541     0.015529     0.022405     0.018039     0.021456     0.019494     0.019026     0.020703     0.020157     0.025779     0.024859     0.020960     0.025023     0.026992     0.024940     0.024444     0.032576
130          0.014508     0.014083     0.023836     0.017409     0.023435     0.020934     0.020387     0.020072     0.020815     0.029311     0.025306     0.020280     0.024325     0.024872     0.023932     0.022094     0.030739
131          0.010553     0.010816     0.015974     0.012728     0.016545     0.014701     0.017861     0.020342     0.020674     0.028287     0.025939     0.019171     0.021415     0.023191     0.027973     0.021413     0.034919
132          0.010553     0.010816     0.015974     0.012728     0.016545     0.014701     0.017861     0.020342     0.020674     0.028287     0.025939     0.019171     0.021415     0.023191     0.027973     0.021413     0.034919
133          0.010553     0.010816     0.015974     0.012728     0.016545     0.014701     0.017861     0.020342     0.020674     0.028287     0.025939     0.019171     0.021415     0.023191     0.027973     0.021413     0.034919
134          0.010553     0.010816     0.015974     0.012728     0.016545     0.014701     0.017861     0.020342     0.020674     0.028287     0.025939     0.019171     0.021415     0.023191     0.027973     0.021413     0.034919
135          0.010985     0.011527     0.015953     0.012944     0.019796     0.017282     0.015744     0.023150     0.023784     0.029321     0.029671     0.022937     0.025804     0.028565     0.034602     0.025024     0.041332
136          0.012290     0.012289     0.016133     0.013493     0.020776     0.018778     0.018796     0.022571     0.022048     0.027041     0.027715     0.021310     0.025002     0.026895     0.031513     0.023666     0.040660
137          0.049910     0.046598     0.055441     0.049240     0.076728     0.073292     0.082010     0.070916     0.058114     0.069636     0.075425     0.056706     0.077161     0.075493     0.076223     0.067520     0.130866
138          0.057658     0.044145     0.047683     0.049931     0.052092     0.082683     0.069619     0.056187     0.067424     0.076291     0.080377     0.049561     0.063629     0.090412     0.054862     0.051729     0.115521
139          0.057658     0.044145     0.047683     0.049931     0.052092     0.082683     0.069619     0.056187     0.067424     0.076291     0.080377     0.049561     0.063629     0.090412     0.054862     0.051729     0.115521
140          0.057658     0.044145     0.047683     0.049931     0.052092     0.082683     0.069619     0.056187     0.067424     0.076291     0.080377     0.049561     0.063629     0.090412     0.054862     0.051729     0.115521
141          0.037854     0.029008     0.037268     0.039089     0.038208     0.054045     0.049045     0.039481     0.045408     0.051117     0.063080     0.034348     0.044144     0.060372     0.039728     0.038950     0.087517
142          0.037854     0.029008     0.037268     0.039089     0.038208     0.054045     0.049045     0.039481     0.045408     0.051117     0.063080     0.034348     0.044144     0.060372     0.039728     0.038950     0.087517
143          0.037854     0.029008     0.037268     0.039089     0.038208     0.054045     0.049045     0.039481     0.045408     0.051117     0.063080     0.034348     0.044144     0.060372     0.039728     0.038950     0.087517
144          0.037854     0.029008     0.037268     0.039089     0.038208     0.054045     0.049045     0.039481     0.045408     0.051117     0.063080     0.034348     0.044144     0.060372     0.039728     0.038950     0.087517
145          0.037854     0.029008     0.037268     0.039089     0.038208     0.054045     0.049045     0.039481     0.045408     0.051117     0.063080     0.034348     0.044144     0.060372     0.039728     0.038950     0.087517
146          0.037854     0.029008     0.037268     0.039089     0.038208     0.054045     0.049045     0.039481     0.045408     0.051117     0.063080     0.034348     0.044144     0.060372     0.039728     0.038950     0.087517
147          0.037854     0.029008     0.037268     0.039089     0.038208     0.054045     0.049045     0.039481     0.045408     0.051117     0.063080     0.034348     0.044144     0.060372     0.039728     0.038950     0.087517
148          0.037854     0.029008     0.037268     0.039089     0.038208     0.054045     0.049045     0.039481     0.045408     0.051117     0.063080     0.034348     0.044144     0.060372     0.039728     0.038950     0.087517
149          0.017079     0.013928     0.033748     0.035245     0.031437     0.023393     0.036563     0.029846     0.025064     0.032472     0.056570     0.024199     0.034476     0.036228     0.033888     0.034529     0.079539
150               NaN          NaN          NaN          NaN          NaN          NaN          NaN          NaN          NaN          NaN          NaN          NaN          NaN          NaN          NaN          NaN          NaN
151          0.024772     0.018625     0.028808     0.029026     0.029751     0.025636     0.033899     0.027209     0.030788     0.031507     0.042797     0.026247     0.030669     0.031013     0.031674     0.030221     0.062150
152          0.024772     0.018625     0.028808     0.029026     0.029751     0.025636     0.033899     0.027209     0.030788     0.031507     0.042797     0.026247     0.030669     0.031013     0.031674     0.030221     0.062150
153          0.024772     0.018625     0.028808     0.029026     0.029751     0.025636     0.033899     0.027209     0.030788     0.031507     0.042797     0.026247     0.030669     0.031013     0.031674     0.030221     0.062150
154          0.033872     0.025558     0.030292     0.026452     0.035523     0.033666     0.038493     0.032523     0.041217     0.037930     0.033329     0.033520     0.034820     0.034166     0.037651     0.033765     0.057059
155          0.033872     0.025558     0.030292     0.026452     0.035523     0.033666     0.038493     0.032523     0.041217     0.037930     0.033329     0.033520     0.034820     0.034166     0.037651     0.033765     0.057059
156          0.033872     0.025558     0.030292     0.026452     0.035523     0.033666     0.038493     0.032523     0.041217     0.037930     0.033329     0.033520     0.034820     0.034166     0.037651     0.033765     0.057059
157          0.033872     0.025558     0.030292     0.026452     0.035523     0.033666     0.038493     0.032523     0.041217     0.037930     0.033329     0.033520     0.034820     0.034166     0.037651     0.033765     0.057059
158               NaN          NaN          NaN          NaN          NaN          NaN          NaN          NaN          NaN          NaN          NaN          NaN          NaN          NaN          NaN          NaN          NaN
159          0.064563     0.087577     0.160953     0.099307     0.152371     0.158294     0.082097     0.100843     0.093667     0.127918     0.135777     0.112235     0.220333     0.159801     0.144352     0.127757     0.253304
160          0.064563     0.087577     0.160953     0.099307     0.152371     0.158294     0.082097     0.100843     0.093667     0.127918     0.135777     0.112235     0.220333     0.159801     0.144352     0.127757     0.253304
161          0.064563     0.087577     0.160953     0.099307     0.152371     0.158294     0.082097     0.100843     0.093667     0.127918     0.135777     0.112235     0.220333     0.159801     0.144352     0.127757     0.253304
162          0.064563     0.087577     0.160953     0.099307     0.152371     0.158294     0.082097     0.100843     0.093667     0.127918     0.135777     0.112235     0.220333     0.159801     0.144352     0.127757     0.253304
163          0.064563     0.087577     0.160953     0.099307     0.152371     0.158294     0.082097     0.100843     0.093667     0.127918     0.135777     0.112235     0.220333     0.159801     0.144352     0.127757     0.253304
164          0.064563     0.087577     0.160953     0.099307     0.152371     0.158294     0.082097     0.100843     0.093667     0.127918     0.135777     0.112235     0.220333     0.159801     0.144352     0.127757     0.253304