exposure  0.06000      4.98000      10.02000     19.98000     30.00000     39.96000     60.00000     150.00000    300.00000    600.00000    900.00006    1200.00000   1800.00012   2700.00024   3600.00024   10800.00090  86400.00732
r_number                                                                                                                                                                                                                             
-28               NaN          NaN          NaN          NaN          NaN          NaN          NaN          NaN          NaN          NaN          NaN          NaN          NaN          NaN          NaN          NaN          NaN
-27               NaN          NaN          NaN          NaN          NaN          NaN          NaN          NaN          NaN          NaN          NaN          NaN          NaN          NaN          NaN          NaN          NaN
-26               NaN          NaN          NaN          NaN          NaN          NaN          NaN          NaN          NaN          NaN          NaN          NaN          NaN          NaN          NaN          NaN          NaN
-25               NaN          NaN          NaN          NaN          NaN          NaN          NaN          NaN          NaN          NaN          NaN          NaN          NaN          NaN          NaN          NaN          NaN
-24               NaN          NaN          NaN          NaN          NaN          NaN          NaN          NaN          NaN          NaN          NaN          NaN          NaN          NaN          NaN          NaN          NaN
-23               NaN          NaN          NaN          NaN          NaN          NaN          NaN          NaN          NaN          NaN          NaN          NaN          NaN          NaN          NaN          NaN          NaN
-22               NaN          NaN          NaN          NaN          NaN          NaN          NaN          NaN          NaN          NaN          NaN          NaN          NaN          NaN          NaN          NaN          NaN
-21               NaN          NaN          NaN          NaN          NaN          NaN          NaN          NaN          NaN          NaN          NaN          NaN          NaN          NaN          NaN          NaN          NaN
-20               NaN          NaN          NaN          NaN          NaN          NaN          NaN          NaN          NaN          NaN          NaN          NaN          NaN          NaN          NaN          NaN          NaN
-19               NaN          NaN          NaN          NaN          NaN          NaN          NaN          NaN          NaN          NaN          NaN          NaN          NaN          NaN          NaN          NaN          NaN
-18               NaN          NaN          NaN          NaN          NaN          NaN          NaN          NaN          NaN          NaN          NaN          NaN          NaN          NaN          NaN          NaN          NaN
-17               NaN          NaN          NaN          NaN          NaN          NaN          NaN          NaN          NaN          NaN          NaN          NaN          NaN          NaN          NaN          NaN          NaN
-16               NaN          NaN          NaN          NaN          NaN          NaN          NaN          NaN          NaN          NaN          NaN          NaN          NaN          NaN          NaN          NaN          NaN
-15               NaN          NaN          NaN          NaN          NaN          NaN          NaN          NaN          NaN          NaN          NaN          NaN          NaN          NaN          NaN          NaN          NaN
-14               NaN          NaN          NaN          NaN          NaN          NaN          NaN          NaN          NaN          NaN          NaN          NaN          NaN          NaN          NaN          NaN          NaN
-13               NaN          NaN          NaN          NaN          NaN          NaN          NaN          NaN          NaN          NaN          NaN          NaN          NaN          NaN          NaN          NaN          NaN
-12               NaN          NaN          NaN          NaN          NaN          NaN          NaN          NaN          NaN          NaN          NaN          NaN          NaN          NaN          NaN          NaN          NaN
-11               NaN          NaN          NaN          NaN          NaN          NaN          NaN          NaN          NaN          NaN          NaN          NaN          NaN          NaN          NaN          NaN          NaN
-10               NaN          NaN          NaN          NaN          NaN          NaN          NaN          NaN          NaN          NaN          NaN          NaN          NaN          NaN          NaN          NaN          NaN
-9                NaN          NaN          NaN          NaN          NaN          NaN          NaN          NaN          NaN          NaN          NaN          NaN          NaN          NaN          NaN          NaN          NaN
-8                NaN          NaN          NaN          NaN          NaN          NaN          NaN          NaN          NaN          NaN          NaN          NaN          NaN          NaN          NaN          NaN          NaN
-7                NaN          NaN          NaN          NaN          NaN          NaN          NaN          NaN          NaN          NaN          NaN          NaN          NaN          NaN          NaN          NaN          NaN
-6                NaN          NaN          NaN          NaN          NaN          NaN          NaN          NaN          NaN          NaN          NaN          NaN          NaN          NaN          NaN          NaN          NaN
-5                NaN          NaN          NaN          NaN          NaN          NaN          NaN          NaN          NaN          NaN          NaN          NaN          NaN          NaN          NaN          NaN          NaN
-4                NaN          NaN          NaN          NaN          NaN          NaN          NaN          NaN          NaN          NaN          NaN          NaN          NaN          NaN          NaN          NaN          NaN
-3                NaN          NaN          NaN          NaN          NaN          NaN          NaN          NaN          NaN          NaN          NaN          NaN          NaN          NaN          NaN          NaN          NaN
-2                NaN          NaN          NaN          NaN          NaN          NaN          NaN          NaN          NaN          NaN          NaN          NaN          NaN          NaN          NaN          NaN          NaN
-1                NaN          NaN          NaN          NaN          NaN          NaN          NaN          NaN          NaN          NaN          NaN          NaN          NaN          NaN          NaN          NaN          NaN
0                 NaN          NaN          NaN          NaN          NaN          NaN          NaN          NaN          NaN          NaN          NaN          NaN          NaN          NaN          NaN          NaN          NaN
1                 NaN          NaN          NaN          NaN          NaN          NaN          NaN          NaN          NaN          NaN          NaN          NaN          NaN          NaN          NaN          NaN          NaN
2            0.047417     0.191014     0.199451     0.209013     0.217890     0.226385     0.206777     0.245895     0.240967     0.257732     0.257955     0.269410     0.281086     0.283504     0.300861     0.319668     0.396723
3            0.075432     0.253908     0.248846     0.259412     0.265362     0.280451     0.255450     0.308781     0.302836     0.324183     0.324479     0.338289     0.348594     0.350919     0.371164     0.395652     0.473086
4            0.076344     0.275297     0.257470     0.255173     0.276515     0.292844     0.264965     0.334158     0.308759     0.337477     0.328252     0.360644     0.359674     0.354039     0.381046     0.404233     0.499122
5            0.076344     0.275297     0.257470     0.255173     0.276515     0.292844     0.264965     0.334158     0.308759     0.337477     0.328252     0.360644     0.359674     0.354039     0.381046     0.404233     0.499122
6            0.076344     0.275297     0.257470     0.255173     0.276515     0.292844     0.264965     0.334158     0.308759     0.337477     0.328252     0.360644     0.359674     0.354039     0.381046     0.404233     0.499122
7            0.076344     0.275297     0.257470     0.255173     0.276515     0.292844     0.264965     0.334158     0.308759     0.337477     0.328252     0.360644     0.359674     0.354039     0.381046     0.404233     0.499122
8            0.100977     0.317186     0.297418     0.302340     0.322299     0.345816     0.315492     0.380709     0.356525     0.387448     0.374857     0.404189     0.408023     0.403783     0.427900     0.449202     0.552766
9            0.100977     0.317186     0.297418     0.302340     0.322299     0.345816     0.315492     0.380709     0.356525     0.387448     0.374857     0.404189     0.408023     0.403783     0.427900     0.449202     0.552766
10           0.160821     0.409110     0.390855     0.409750     0.423716     0.453551     0.425473     0.477510     0.470909     0.502799     0.486906     0.510383     0.520909     0.528352     0.538351     0.562870     0.667010
11           0.160821     0.409110     0.390855     0.409750     0.423716     0.453551     0.425473     0.477510     0.470909     0.502799     0.486906     0.510383     0.520909     0.528352     0.538351     0.562870     0.667010
12           0.160821     0.409110     0.390855     0.409750     0.423716     0.453551     0.425473     0.477510     0.470909     0.502799     0.486906     0.510383     0.520909     0.528352     0.538351     0.562870     0.667010
13           0.160821     0.409110     0.390855     0.409750     0.423716     0.453551     0.425473     0.477510     0.470909     0.502799     0.486906     0.510383     0.520909     0.528352     0.538351     0.562870     0.667010
14                NaN          NaN          NaN          NaN          NaN          NaN          NaN          NaN          NaN          NaN          NaN          NaN          NaN          NaN          NaN          NaN          NaN
15           0.020294     0.163153     0.173167     0.197837     0.212515     0.216553     0.218361     0.266773     0.273735     0.303154     0.299671     0.324939     0.344158     0.342520     0.359284     0.400853     0.514357
16                NaN          NaN          NaN          NaN          NaN          NaN          NaN          NaN          NaN          NaN          NaN          NaN          NaN          NaN          NaN          NaN          NaN
17           0.020294     0.163153     0.173167     0.197837     0.212515     0.216553     0.218361     0.266773     0.273735     0.303154     0.299671     0.324939     0.344158     0.342520     0.359284     0.400853     0.514357
18           0.020294     0.163153     0.173167     0.197837     0.212515     0.216553     0.218361     0.266773     0.273735     0.303154     0.299671     0.324939     0.344158     0.342520     0.359284     0.400853     0.514357
19           0.020294     0.163153     0.173167     0.197837     0.212515     0.216553     0.218361     0.266773     0.273735     0.303154     0.299671     0.324939     0.344158     0.342520     0.359284     0.400853     0.514357
20                NaN          NaN          NaN          NaN          NaN          NaN          NaN          NaN          NaN          NaN          NaN          NaN          NaN          NaN          NaN          NaN          NaN
21           0.020294     0.163153     0.173167     0.197837     0.212515     0.216553     0.218361     0.266773     0.273735     0.303154     0.299671     0.324939     0.344158     0.342520     0.359284     0.400853     0.514357
22           0.020294     0.163153     0.173167     0.197837     0.212515     0.216553     0.218361     0.266773     0.273735     0.303154     0.299671     0.324939     0.344158     0.342520     0.359284     0.400853     0.514357
23           0.020294     0.163153     0.173167     0.197837     0.212515     0.216553     0.218361     0.266773     0.273735     0.303154     0.299671     0.324939     0.344158     0.342520     0.359284     0.400853     0.514357
24           0.020294     0.163153     0.173167     0.197837     0.212515     0.216553     0.218361     0.266773     0.273735     0.303154     0.299671     0.324939     0.344158     0.342520     0.359284     0.400853     0.514357
25           0.027692     0.187926     0.198864     0.226546     0.242893     0.249001     0.250580     0.296361     0.299994     0.325516     0.325144     0.348493     0.368077     0.365698     0.381253     0.423882     0.531942
26           0.027692     0.187926     0.198864     0.226546     0.242893     0.249001     0.250580     0.296361     0.299994     0.325516     0.325144     0.348493     0.368077     0.365698     0.381253     0.423882     0.531942
27           0.040596     0.203788     0.206168     0.225706     0.242212     0.251560     0.254729     0.298161     0.301281     0.324898     0.324928     0.349878     0.368625     0.366317     0.382579     0.427075     0.534964
28           0.070520     0.248319     0.260505     0.285795     0.301220     0.311474     0.324671     0.352578     0.350136     0.365896     0.373301     0.391314     0.409752     0.408643     0.425412     0.452075     0.575884
29                NaN          NaN          NaN          NaN          NaN          NaN          NaN          NaN          NaN          NaN          NaN          NaN          NaN          NaN          NaN          NaN          NaN
30                NaN          NaN          NaN          NaN          NaN          NaN          NaN          NaN          NaN          NaN          NaN          NaN          NaN          NaN          NaN          NaN          NaN
31           0.072460     0.234852     0.251486     0.270693     0.286694     0.302692     0.310157     0.381887     0.382415     0.412242     0.403894     0.430575     0.437121     0.451816     0.452800     0.511487     0.571788
32           0.072460     0.234852     0.251486     0.270693     0.286694     0.302692     0.310157     0.381887     0.382415     0.412242     0.403894     0.430575     0.437121     0.451816     0.452800     0.511487     0.571788
33           0.053474     0.237273     0.256113     0.277785     0.284905     0.305468     0.294098     0.367134     0.359514     0.386146     0.380931     0.406538     0.416717     0.421264     0.424943     0.464541     0.533784
34           0.053474     0.237273     0.256113     0.277785     0.284905     0.305468     0.294098     0.367134     0.359514     0.386146     0.380931     0.406538     0.416717     0.421264     0.424943     0.464541     0.533784
35           0.047988     0.282772     0.275522     0.294960     0.309933     0.334080     0.317652     0.395188     0.392887     0.430357     0.422755     0.449581     0.461291     0.466411     0.475650     0.514311     0.606419
36           0.047988     0.282772     0.275522     0.294960     0.309933     0.334080     0.317652     0.395188     0.392887     0.430357     0.422755     0.449581     0.461291     0.466411     0.475650     0.514311     0.606419
37           0.055295     0.291436     0.284527     0.303618     0.318630     0.340825     0.327012     0.401443     0.401960     0.435777     0.429732     0.454957     0.466205     0.470998     0.481586     0.518260     0.608762
38           0.055295     0.291436     0.284527     0.303618     0.318630     0.340825     0.327012     0.401443     0.401960     0.435777     0.429732     0.454957     0.466205     0.470998     0.481586     0.518260     0.608762
39           0.051495     0.291125     0.286312     0.305641     0.319833     0.342467     0.328757     0.404664     0.402792     0.434215     0.429449     0.452569     0.463633     0.469273     0.479779     0.512878     0.601157
40           0.048430     0.282376     0.283758     0.302211     0.317128     0.338610     0.325121     0.400073     0.397839     0.428834     0.422625     0.443893     0.456474     0.458991     0.471689     0.501952     0.587406
41           0.048430     0.282376     0.283758     0.302211     0.317128     0.338610     0.325121     0.400073     0.397839     0.428834     0.422625     0.443893     0.456474     0.458991     0.471689     0.501952     0.587406
42           0.048430     0.282376     0.283758     0.302211     0.317128     0.338610     0.325121     0.400073     0.397839     0.428834     0.422625     0.443893     0.456474     0.458991     0.471689     0.501952     0.587406
43           0.048430     0.282376     0.283758     0.302211     0.317128     0.338610     0.325121     0.400073     0.397839     0.428834     0.422625     0.443893     0.456474     0.458991     0.471689     0.501952     0.587406
44                NaN          NaN          NaN          NaN          NaN          NaN          NaN          NaN          NaN          NaN          NaN          NaN          NaN          NaN          NaN          NaN          NaN
45           0.048247     0.276785     0.281572     0.300481     0.314924     0.334615     0.321098     0.395233     0.392674     0.420097     0.416058     0.434621     0.448972     0.451341     0.464059     0.491377     0.576433
46           0.047500     0.275613     0.277440     0.298180     0.312952     0.330667     0.316613     0.391733     0.389556     0.415063     0.412233     0.430445     0.445271     0.450220     0.461311     0.488364     0.574374
47           0.043572     0.259431     0.264537     0.285352     0.301039     0.317757     0.304551     0.379125     0.377245     0.402702     0.398891     0.418596     0.433302     0.437577     0.450118     0.476895     0.565913
48           0.044082     0.249828     0.258390     0.279531     0.296018     0.309807     0.298306     0.371082     0.372710     0.397491     0.392648     0.412562     0.428180     0.430858     0.444150     0.471981     0.561779
49           0.014812     0.159402     0.178584     0.201131     0.219302     0.233190     0.215476     0.286807     0.282876     0.310399     0.302884     0.328731     0.349327     0.346765     0.366157     0.393186     0.510904
50                NaN          NaN          NaN          NaN          NaN          NaN          NaN          NaN          NaN          NaN          NaN          NaN          NaN          NaN          NaN          NaN          NaN
51           0.005780     0.117660     0.139054     0.159811     0.176822     0.190420     0.170397     0.238199     0.232319     0.257095     0.251255     0.277092     0.298772     0.294244     0.315121     0.344323     0.467067
52           0.005780     0.117660     0.139054     0.159811     0.176822     0.190420     0.170397     0.238199     0.232319     0.257095     0.251255     0.277092     0.298772     0.294244     0.315121     0.344323     0.467067
53           0.005780     0.117660     0.139054     0.159811     0.176822     0.190420     0.170397     0.238199     0.232319     0.257095     0.251255     0.277092     0.298772     0.294244     0.315121     0.344323     0.467067
54           0.005780     0.117660     0.139054     0.159811     0.176822     0.190420     0.170397     0.238199     0.232319     0.257095     0.251255     0.277092     0.298772     0.294244     0.315121     0.344323     0.467067
55           0.005780     0.117660     0.139054     0.159811     0.176822     0.190420     0.170397     0.238199     0.232319     0.257095     0.251255     0.277092     0.298772     0.294244     0.315121     0.344323     0.467067
56           0.005780     0.117660     0.139054     0.159811     0.176822     0.190420     0.170397     0.238199     0.232319     0.257095     0.251255     0.277092     0.298772     0.294244     0.315121     0.344323     0.467067
57           0.005780     0.117660     0.139054     0.159811     0.176822     0.190420     0.170397     0.238199     0.232319     0.257095     0.251255     0.277092     0.298772     0.294244     0.315121     0.344323     0.467067
58           0.005780     0.117660     0.139054     0.159811     0.176822     0.190420     0.170397     0.238199     0.232319     0.257095     0.251255     0.277092     0.298772     0.294244     0.315121     0.344323     0.467067
59           0.005780     0.117660     0.139054     0.159811     0.176822     0.190420     0.170397     0.238199     0.232319     0.257095     0.251255     0.277092     0.298772     0.294244     0.315121     0.344323     0.467067
60                NaN          NaN          NaN          NaN          NaN          NaN          NaN          NaN          NaN          NaN          NaN          NaN          NaN          NaN          NaN          NaN          NaN
61          -0.003521     0.056779     0.073070     0.089981     0.097900     0.106780     0.086178     0.143046     0.133830     0.156659     0.152021     0.171969     0.194774     0.188912     0.213088     0.239969     0.368922
62          -0.004536     0.042760     0.058548     0.073680     0.079647     0.083926     0.065825     0.117529     0.105748     0.130042     0.124650     0.141419     0.166512     0.162388     0.186148     0.208865     0.345621
63          -0.007902     0.034999     0.058318     0.073786     0.085526     0.091672     0.068784     0.121598     0.111048     0.136840     0.129620     0.149500     0.178150     0.174695     0.193332     0.221780     0.371295
64          -0.007902     0.034999     0.058318     0.073786     0.085526     0.091672     0.068784     0.121598     0.111048     0.136840     0.129620     0.149500     0.178150     0.174695     0.193332     0.221780     0.371295
65          -0.007902     0.034999     0.058318     0.073786     0.085526     0.091672     0.068784     0.121598     0.111048     0.136840     0.129620     0.149500     0.178150     0.174695     0.193332     0.221780     0.371295
66          -0.007902     0.034999     0.058318     0.073786     0.085526     0.091672     0.068784     0.121598     0.111048     0.136840     0.129620     0.149500     0.178150     0.174695     0.193332     0.221780     0.371295
67          -0.007902     0.034999     0.058318     0.073786     0.085526     0.091672     0.068784     0.121598     0.111048     0.136840     0.129620     0.149500     0.178150     0.174695     0.193332     0.221780     0.371295
68          -0.007902     0.034999     0.058318     0.073786     0.085526     0.091672     0.068784     0.121598     0.111048     0.136840     0.129620     0.149500     0.178150     0.174695     0.193332     0.221780     0.371295
69          -0.007408     0.033145     0.056062     0.074773     0.083924     0.087892     0.068105     0.123674     0.111487     0.136858     0.129863     0.150338     0.172581     0.172132     0.192692     0.223022     0.367755
70          -0.006404     0.039880     0.065917     0.086009     0.094924     0.100241     0.081509     0.136859     0.128813     0.154808     0.147809     0.169500     0.191295     0.190763     0.211130     0.243877     0.385088
71          -0.006404     0.039880     0.065917     0.086009     0.094924     0.100241     0.081509     0.136859     0.128813     0.154808     0.147809     0.169500     0.191295     0.190763     0.211130     0.243877     0.385088
72          -0.006404     0.039880     0.065917     0.086009     0.094924     0.100241     0.081509     0.136859     0.128813     0.154808     0.147809     0.169500     0.191295     0.190763     0.211130     0.243877     0.385088
73          -0.006465     0.048750     0.077928     0.094332     0.105948     0.112652     0.091308     0.150471     0.142180     0.168446     0.161100     0.184205     0.207401     0.204832     0.224932     0.257897     0.393022
74          -0.006465     0.048750     0.077928     0.094332     0.105948     0.112652     0.091308     0.150471     0.142180     0.168446     0.161100     0.184205     0.207401     0.204832     0.224932     0.257897     0.393022
75          -0.006465     0.048750     0.077928     0.094332     0.105948     0.112652     0.091308     0.150471     0.142180     0.168446     0.161100     0.184205     0.207401     0.204832     0.224932     0.257897     0.393022
76          -0.006465     0.048750     0.077928     0.094332     0.105948     0.112652     0.091308     0.150471     0.142180     0.168446     0.161100     0.184205     0.207401     0.204832     0.224932     0.257897     0.393022
77          -0.007353     0.053636     0.085444     0.105652     0.117386     0.127153     0.112667     0.167425     0.166208     0.193281     0.186314     0.212111     0.236355     0.234587     0.254096     0.293619     0.427091
78          -0.007353     0.053636     0.085444     0.105652     0.117386     0.127153     0.112667     0.167425     0.166208     0.193281     0.186314     0.212111     0.236355     0.234587     0.254096     0.293619     0.427091
79          -0.007353     0.053636     0.085444     0.105652     0.117386     0.127153     0.112667     0.167425     0.166208     0.193281     0.186314     0.212111     0.236355     0.234587     0.254096     0.293619     0.427091
80          -0.007353     0.053636     0.085444     0.105652     0.117386     0.127153     0.112667     0.167425     0.166208     0.193281     0.186314     0.212111     0.236355     0.234587     0.254096     0.293619     0.427091
81          -0.007353     0.053636     0.085444     0.105652     0.117386     0.127153     0.112667     0.167425     0.166208     0.193281     0.186314     0.212111     0.236355     0.234587     0.254096     0.293619     0.427091
82          -0.007353     0.053636     0.085444     0.105652     0.117386     0.127153     0.112667     0.167425     0.166208     0.193281     0.186314     0.212111     0.236355     0.234587     0.254096     0.293619     0.427091
83          -0.001757     0.064276     0.098036     0.118701     0.130437     0.138701     0.125071     0.175930     0.180842     0.207375     0.205805     0.228055     0.250341     0.254318     0.273607     0.311249     0.434821
84           0.003527     0.128740     0.150275     0.168178     0.178800     0.188521     0.169254     0.214581     0.214223     0.234252     0.238614     0.244459     0.262242     0.264412     0.278156     0.300690     0.355361
85           0.010693     0.150296     0.172977     0.190668     0.203285     0.211500     0.193117     0.240467     0.240408     0.259760     0.264828     0.271461     0.289265     0.290362     0.304925     0.320730     0.376848
86                NaN          NaN          NaN          NaN          NaN          NaN          NaN          NaN          NaN          NaN          NaN          NaN          NaN          NaN          NaN          NaN          NaN
87           0.010693     0.150296     0.172977     0.190668     0.203285     0.211500     0.193117     0.240467     0.240408     0.259760     0.264828     0.271461     0.289265     0.290362     0.304925     0.320730     0.376848
88           0.010693     0.150296     0.172977     0.190668     0.203285     0.211500     0.193117     0.240467     0.240408     0.259760     0.264828     0.271461     0.289265     0.290362     0.304925     0.320730     0.376848
89           0.010693     0.150296     0.172977     0.190668     0.203285     0.211500     0.193117     0.240467     0.240408     0.259760     0.264828     0.271461     0.289265     0.290362     0.304925     0.320730     0.376848
90           0.010693     0.150296     0.172977     0.190668     0.203285     0.211500     0.193117     0.240467     0.240408     0.259760     0.264828     0.271461     0.289265     0.290362     0.304925     0.320730     0.376848
91           0.010693     0.150296     0.172977     0.190668     0.203285     0.211500     0.193117     0.240467     0.240408     0.259760     0.264828     0.271461     0.289265     0.290362     0.304925     0.320730     0.376848
92           0.010693     0.150296     0.172977     0.190668     0.203285     0.211500     0.193117     0.240467     0.240408     0.259760     0.264828     0.271461     0.289265     0.290362     0.304925     0.320730     0.376848
93           0.010693     0.150296     0.172977     0.190668     0.203285     0.211500     0.193117     0.240467     0.240408     0.259760     0.264828     0.271461     0.289265     0.290362     0.304925     0.320730     0.376848
94           0.021284     0.187947     0.210544     0.227430     0.244931     0.249378     0.237534     0.287997     0.285981     0.306111     0.312055     0.316906     0.337606     0.334016     0.350689     0.355945     0.418365
95           0.051539     0.313215     0.333043     0.352313     0.360813     0.368239     0.357606     0.400204     0.405492     0.427763     0.431644     0.437567     0.458011     0.452669     0.468902     0.480521     0.510945
96                NaN          NaN          NaN          NaN          NaN          NaN          NaN          NaN          NaN          NaN          NaN          NaN          NaN          NaN          NaN          NaN          NaN
97           0.063746     0.357895     0.377380     0.398294     0.404857     0.415352     0.403198     0.444903     0.452639     0.474191     0.477884     0.485453     0.505540     0.498882     0.515708     0.526827     0.549666
98           0.078532     0.412655     0.430598     0.452423     0.456953     0.467880     0.456468     0.495324     0.506510     0.528223     0.531819     0.539885     0.559800     0.552766     0.569272     0.580206     0.593639
99           0.078532     0.412655     0.430598     0.452423     0.456953     0.467880     0.456468     0.495324     0.506510     0.528223     0.531819     0.539885     0.559800     0.552766     0.569272     0.580206     0.593639
100          0.078532     0.412655     0.430598     0.452423     0.456953     0.467880     0.456468     0.495324     0.506510     0.528223     0.531819     0.539885     0.559800     0.552766     0.569272     0.580206     0.593639
101               NaN          NaN          NaN          NaN          NaN          NaN          NaN          NaN          NaN          NaN          NaN          NaN          NaN          NaN          NaN          NaN          NaN
102          0.000042     0.147779     0.150875     0.161739     0.165782     0.171509     0.156524     0.194284     0.199807     0.222911     0.232008     0.239814     0.259960     0.248489     0.268126     0.288586     0.373141
103          0.000042     0.147779     0.150875     0.161739     0.165782     0.171509     0.156524     0.194284     0.199807     0.222911     0.232008     0.239814     0.259960     0.248489     0.268126     0.288586     0.373141
104          0.000042     0.147779     0.150875     0.161739     0.165782     0.171509     0.156524     0.194284     0.199807     0.222911     0.232008     0.239814     0.259960     0.248489     0.268126     0.288586     0.373141
105          0.000042     0.147779     0.150875     0.161739     0.165782     0.171509     0.156524     0.194284     0.199807     0.222911     0.232008     0.239814     0.259960     0.248489     0.268126     0.288586     0.373141
106          0.000042     0.147779     0.150875     0.161739     0.165782     0.171509     0.156524     0.194284     0.199807     0.222911     0.232008     0.239814     0.259960     0.248489     0.268126     0.288586     0.373141
107          0.000042     0.147779     0.150875     0.161739     0.165782     0.171509     0.156524     0.194284     0.199807     0.222911     0.232008     0.239814     0.259960     0.248489     0.268126     0.288586     0.373141
108          0.005377     0.095004     0.109431     0.122624     0.129439     0.139046     0.125122     0.152783     0.166827     0.185982     0.188168     0.199140     0.223069     0.216914     0.239417     0.271798     0.363798
109          0.002388     0.092134     0.104240     0.119821     0.128065     0.137278     0.123670     0.160096     0.169900     0.188496     0.187893     0.202510     0.228573     0.221056     0.243839     0.276163     0.387887
110               NaN          NaN          NaN          NaN          NaN          NaN          NaN          NaN          NaN          NaN          NaN          NaN          NaN          NaN          NaN          NaN          NaN
111          0.026969     0.221116     0.237720     0.255370     0.259615     0.264862     0.266404     0.275537     0.281432     0.288404     0.294169     0.295300     0.298605     0.308475     0.308646     0.305243     0.305373
112          0.026969     0.221116     0.237720     0.255370     0.259615     0.264862     0.266404     0.275537     0.281432     0.288404     0.294169     0.295300     0.298605     0.308475     0.308646     0.305243     0.305373
113          0.026969     0.221116     0.237720     0.255370     0.259615     0.264862     0.266404     0.275537     0.281432     0.288404     0.294169     0.295300     0.298605     0.308475     0.308646     0.305243     0.305373
114          0.026969     0.221116     0.237720     0.255370     0.259615     0.264862     0.266404     0.275537     0.281432     0.288404     0.294169     0.295300     0.298605     0.308475     0.308646     0.305243     0.305373
115          0.026969     0.221116     0.237720     0.255370     0.259615     0.264862     0.266404     0.275537     0.281432     0.288404     0.294169     0.295300     0.298605     0.308475     0.308646     0.305243     0.305373
116          0.088979     0.387317     0.416172     0.444974     0.458902     0.475878     0.481061     0.517603     0.519335     0.527930     0.537840     0.535755     0.538686     0.542749     0.549847     0.550288     0.571501
117          0.088979     0.387317     0.416172     0.444974     0.458902     0.475878     0.481061     0.517603     0.519335     0.527930     0.537840     0.535755     0.538686     0.542749     0.549847     0.550288     0.571501
118          0.088979     0.387317     0.416172     0.444974     0.458902     0.475878     0.481061     0.517603     0.519335     0.527930     0.537840     0.535755     0.538686     0.542749     0.549847     0.550288     0.571501
119          0.088979     0.387317     0.416172     0.444974     0.458902     0.475878     0.481061     0.517603     0.519335     0.527930     0.537840     0.535755     0.538686     0.542749     0.549847     0.550288     0.571501
120               NaN          NaN          NaN          NaN          NaN          NaN          NaN          NaN          NaN          NaN          NaN          NaN          NaN          NaN          NaN          NaN          NaN
121          0.111240     0.446979     0.480232     0.513037     0.530441     0.551628     0.558117     0.604498     0.604736     0.613914     0.625311     0.622072     0.624869     0.626847     0.636432     0.638253     0.667035
122          0.148314     0.467064     0.491207     0.531063     0.539253     0.569859     0.573185     0.634747     0.626574     0.623480     0.642422     0.635320     0.641721     0.640223     0.651255     0.648888     0.673608
123          0.105529     0.290410     0.310661     0.302271     0.303965     0.320395     0.304474     0.372999     0.357385     0.378006     0.393220     0.396911     0.429461     0.430881     0.431354     0.476350     0.498505
124          0.098091     0.257162     0.275241     0.279145     0.289648     0.304387     0.294620     0.351505     0.343165     0.359100     0.372879     0.380639     0.404467     0.408747     0.414209     0.449067     0.498183
125          0.098091     0.257162     0.275241     0.279145     0.289648     0.304387     0.294620     0.351505     0.343165     0.359100     0.372879     0.380639     0.404467     0.408747     0.414209     0.449067     0.498183
126          0.098091     0.257162     0.275241     0.279145     0.289648     0.304387     0.294620     0.351505     0.343165     0.359100     0.372879     0.380639     0.404467     0.408747     0.414209     0.449067     0.498183
127          0.098091     0.257162     0.275241     0.279145     0.289648     0.304387     0.294620     0.351505     0.343165     0.359100     0.372879     0.380639     0.404467     0.408747     0.414209     0.449067     0.498183
128          0.098091     0.257162     0.275241     0.279145     0.289648     0.304387     0.294620     0.351505     0.343165     0.359100     0.372879     0.380639     0.404467     0.408747     0.414209     0.449067     0.498183
129          0.098091     0.257162     0.275241     0.279145     0.289648     0.304387     0.294620     0.351505     0.343165     0.359100     0.372879     0.380639     0.404467     0.408747     0.414209     0.449067     0.498183
130          0.098448     0.240810     0.261644     0.273579     0.289288     0.302599     0.296052     0.343420     0.339668     0.352631     0.365663     0.373001     0.393683     0.394461     0.407957     0.426067     0.497748
131               NaN          NaN          NaN          NaN          NaN          NaN          NaN          NaN          NaN          NaN          NaN          NaN          NaN          NaN          NaN          NaN          NaN
132          0.053415     0.187967     0.194119     0.218718     0.236328     0.258876     0.262911     0.316056     0.313122     0.339874     0.344257     0.371375     0.389847     0.399878     0.410540     0.456769     0.571712
133          0.053415     0.187967     0.194119     0.218718     0.236328     0.258876     0.262911     0.316056     0.313122     0.339874     0.344257     0.371375     0.389847     0.399878     0.410540     0.456769     0.571712
134          0.053415     0.187967     0.194119     0.218718     0.236328     0.258876     0.262911     0.316056     0.313122     0.339874     0.344257     0.371375     0.389847     0.399878     0.410540     0.456769     0.571712
135          0.042247     0.174591     0.178746     0.210021     0.227671     0.254279     0.256557     0.314360     0.311828     0.344192     0.345605     0.375288     0.396255     0.404048     0.418366     0.465663     0.598213
136          0.039151     0.159509     0.165162     0.192767     0.210284     0.234505     0.231997     0.289956     0.283970     0.314879     0.314139     0.342889     0.365234     0.369302     0.384488     0.427700     0.559374
137          0.023314     0.082356     0.095676     0.104507     0.121343     0.133353     0.106359     0.165120     0.141461     0.164931     0.153181     0.177154     0.206548     0.191561     0.211191     0.233505     0.360696
138          0.005801     0.047650     0.072434     0.075512     0.087150     0.091490     0.066509     0.099777     0.093512     0.105070     0.107683     0.115040     0.142018     0.128727     0.149389     0.157891     0.262613
139          0.005801     0.047650     0.072434     0.075512     0.087150     0.091490     0.066509     0.099777     0.093512     0.105070     0.107683     0.115040     0.142018     0.128727     0.149389     0.157891     0.262613
140               NaN          NaN          NaN          NaN          NaN          NaN          NaN          NaN          NaN          NaN          NaN          NaN          NaN          NaN          NaN          NaN          NaN
141          0.008597     0.054888     0.081152     0.084133     0.095923     0.102183     0.078230     0.114688     0.104464     0.123156     0.122419     0.129878     0.158187     0.144054     0.164902     0.179823     0.294724
142          0.008597     0.054888     0.081152     0.084133     0.095923     0.102183     0.078230     0.114688     0.104464     0.123156     0.122419     0.129878     0.158187     0.144054     0.164902     0.179823     0.294724
143          0.008597     0.054888     0.081152     0.084133     0.095923     0.102183     0.078230     0.114688     0.104464     0.123156     0.122419     0.129878     0.158187     0.144054     0.164902     0.179823     0.294724
144          0.008597     0.054888     0.081152     0.084133     0.095923     0.102183     0.078230     0.114688     0.104464     0.123156     0.122419     0.129878     0.158187     0.144054     0.164902     0.179823     0.294724
145          0.008597     0.054888     0.081152     0.084133     0.095923     0.102183     0.078230     0.114688     0.104464     0.123156     0.122419     0.129878     0.158187     0.144054     0.164902     0.179823     0.294724
146          0.008597     0.054888     0.081152     0.084133     0.095923     0.102183     0.078230     0.114688     0.104464     0.123156     0.122419     0.129878     0.158187     0.144054     0.164902     0.179823     0.294724
147          0.008597     0.054888     0.081152     0.084133     0.095923     0.102183     0.078230     0.114688     0.104464     0.123156     0.122419     0.129878     0.158187     0.144054     0.164902     0.179823     0.294724
148          0.008597     0.054888     0.081152     0.084133     0.095923     0.102183     0.078230     0.114688     0.104464     0.123156     0.122419     0.129878     0.158187     0.144054     0.164902     0.179823     0.294724
149          0.012925     0.060495     0.088349     0.092758     0.103240     0.111320     0.086498     0.129159     0.118814     0.144054     0.139652     0.150269     0.179683     0.164604     0.186832     0.206132     0.331846
150          0.012925     0.060495     0.088349     0.092758     0.103240     0.111320     0.086498     0.129159     0.118814     0.144054     0.139652     0.150269     0.179683     0.164604     0.186832     0.206132     0.331846
151          0.036932     0.098527     0.109906     0.126703     0.131391     0.143460     0.118139     0.160428     0.157566     0.186058     0.179907     0.192643     0.218730     0.214965     0.232629     0.260624     0.384660
152          0.036932     0.098527     0.109906     0.126703     0.131391     0.143460     0.118139     0.160428     0.157566     0.186058     0.179907     0.192643     0.218730     0.214965     0.232629     0.260624     0.384660
153          0.036932     0.098527     0.109906     0.126703     0.131391     0.143460     0.118139     0.160428     0.157566     0.186058     0.179907     0.192643     0.218730     0.214965     0.232629     0.260624     0.384660
154          0.059018     0.131807     0.129172     0.153156     0.158882     0.172480     0.149575     0.197984     0.196820     0.228881     0.217975     0.239572     0.264108     0.265772     0.279463     0.315240     0.440546
155          0.059018     0.131807     0.129172     0.153156     0.158882     0.172480     0.149575     0.197984     0.196820     0.228881     0.217975     0.239572     0.264108     0.265772     0.279463     0.315240     0.440546
156          0.059018     0.131807     0.129172     0.153156     0.158882     0.172480     0.149575     0.197984     0.196820     0.228881     0.217975     0.239572     0.264108     0.265772     0.279463     0.315240     0.440546
157          0.059018     0.131807     0.129172     0.153156     0.158882     0.172480     0.149575     0.197984     0.196820     0.228881     0.217975     0.239572     0.264108     0.265772     0.279463     0.315240     0.440546
158               NaN          NaN          NaN          NaN          NaN          NaN          NaN          NaN          NaN          NaN          NaN          NaN          NaN          NaN          NaN          NaN          NaN
159         -0.004765     0.068293     0.065923     0.068214     0.074998     0.068303     0.062655     0.072887     0.071443     0.083956     0.086416     0.087602     0.096834     0.098046     0.112954     0.105216     0.151797
160         -0.004765     0.068293     0.065923     0.068214     0.074998     0.068303     0.062655     0.072887     0.071443     0.083956     0.086416     0.087602     0.096834     0.098046     0.112954     0.105216     0.151797
161         -0.004765     0.068293     0.065923     0.068214     0.074998     0.068303     0.062655     0.072887     0.071443     0.083956     0.086416     0.087602     0.096834     0.098046     0.112954     0.105216     0.151797
162         -0.004765     0.068293     0.065923     0.068214     0.074998     0.068303     0.062655     0.072887     0.071443     0.083956     0.086416     0.087602     0.096834     0.098046     0.112954     0.105216     0.151797
163         -0.004765     0.068293     0.065923     0.068214     0.074998     0.068303     0.062655     0.072887     0.071443     0.083956     0.086416     0.087602     0.096834     0.098046     0.112954     0.105216     0.151797
164         -0.004765     0.068293     0.065923     0.068214     0.074998     0.068303     0.062655     0.072887     0.071443     0.083956     0.086416     0.087602     0.096834     0.098046     0.112954     0.105216     0.151797