exposure  0.06000      4.98000      9.96000      19.98000     30.00000     39.96000     60.00000     150.00000    300.00000    600.00000    900.00006    1200.00000   1800.00012   2700.00024   3600.00024   9000.00000   86400.00732
r_number                                                                                                                                                                                                                             
-22               NaN          NaN          NaN          NaN          NaN          NaN          NaN          NaN          NaN          NaN          NaN          NaN          NaN          NaN          NaN          NaN          NaN
-21               NaN          NaN          NaN          NaN          NaN          NaN          NaN          NaN          NaN          NaN          NaN          NaN          NaN          NaN          NaN          NaN          NaN
-20               NaN          NaN          NaN          NaN          NaN          NaN          NaN          NaN          NaN          NaN          NaN          NaN          NaN          NaN          NaN          NaN          NaN
-19               NaN          NaN          NaN          NaN          NaN          NaN          NaN          NaN          NaN          NaN          NaN          NaN          NaN          NaN          NaN          NaN          NaN
-18               NaN          NaN          NaN          NaN          NaN          NaN          NaN          NaN          NaN          NaN          NaN          NaN          NaN          NaN          NaN          NaN          NaN
-17               NaN          NaN          NaN          NaN          NaN          NaN          NaN          NaN          NaN          NaN          NaN          NaN          NaN          NaN          NaN          NaN          NaN
-16               NaN          NaN          NaN          NaN          NaN          NaN          NaN          NaN          NaN          NaN          NaN          NaN          NaN          NaN          NaN          NaN          NaN
-15               NaN          NaN          NaN          NaN          NaN          NaN          NaN          NaN          NaN          NaN          NaN          NaN          NaN          NaN          NaN          NaN          NaN
-14               NaN          NaN          NaN          NaN          NaN          NaN          NaN          NaN          NaN          NaN          NaN          NaN          NaN          NaN          NaN          NaN          NaN
-13               NaN          NaN          NaN          NaN          NaN          NaN          NaN          NaN          NaN          NaN          NaN          NaN          NaN          NaN          NaN          NaN          NaN
-12               NaN          NaN          NaN          NaN          NaN          NaN          NaN          NaN          NaN          NaN          NaN          NaN          NaN          NaN          NaN          NaN          NaN
-11               NaN          NaN          NaN          NaN          NaN          NaN          NaN          NaN          NaN          NaN          NaN          NaN          NaN          NaN          NaN          NaN          NaN
-10               NaN          NaN          NaN          NaN          NaN          NaN          NaN          NaN          NaN          NaN          NaN          NaN          NaN          NaN          NaN          NaN          NaN
-9                NaN          NaN          NaN          NaN          NaN          NaN          NaN          NaN          NaN          NaN          NaN          NaN          NaN          NaN          NaN          NaN          NaN
-8                NaN          NaN          NaN          NaN          NaN          NaN          NaN          NaN          NaN          NaN          NaN          NaN          NaN          NaN          NaN          NaN          NaN
-7                NaN          NaN          NaN          NaN          NaN          NaN          NaN          NaN          NaN          NaN          NaN          NaN          NaN          NaN          NaN          NaN          NaN
-6                NaN          NaN          NaN          NaN          NaN          NaN          NaN          NaN          NaN          NaN          NaN          NaN          NaN          NaN          NaN          NaN          NaN
-5                NaN          NaN          NaN          NaN          NaN          NaN          NaN          NaN          NaN          NaN          NaN          NaN          NaN          NaN          NaN          NaN          NaN
-4                NaN          NaN          NaN          NaN          NaN          NaN          NaN          NaN          NaN          NaN          NaN          NaN          NaN          NaN          NaN          NaN          NaN
-3                NaN          NaN          NaN          NaN          NaN          NaN          NaN          NaN          NaN          NaN          NaN          NaN          NaN          NaN          NaN          NaN          NaN
-2                NaN          NaN          NaN          NaN          NaN          NaN          NaN          NaN          NaN          NaN          NaN          NaN          NaN          NaN          NaN          NaN          NaN
-1                NaN          NaN          NaN          NaN          NaN          NaN          NaN          NaN          NaN          NaN          NaN          NaN          NaN          NaN          NaN          NaN          NaN
0                 NaN          NaN          NaN          NaN          NaN          NaN          NaN          NaN          NaN          NaN          NaN          NaN          NaN          NaN          NaN          NaN          NaN
1                 NaN          NaN          NaN          NaN          NaN          NaN          NaN          NaN          NaN          NaN          NaN          NaN          NaN          NaN          NaN          NaN          NaN
2            0.028910     0.090574     0.114638     0.126245     0.144582     0.145504     0.159683     0.181246     0.194210     0.209746     0.217628     0.221986     0.236510     0.251648     0.258615     0.275928     0.348245
3            0.028910     0.090574     0.114638     0.126245     0.144582     0.145504     0.159683     0.181246     0.194210     0.209746     0.217628     0.221986     0.236510     0.251648     0.258615     0.275928     0.348245
4            0.028910     0.090574     0.114638     0.126245     0.144582     0.145504     0.159683     0.181246     0.194210     0.209746     0.217628     0.221986     0.236510     0.251648     0.258615     0.275928     0.348245
5            0.028910     0.090574     0.114638     0.126245     0.144582     0.145504     0.159683     0.181246     0.194210     0.209746     0.217628     0.221986     0.236510     0.251648     0.258615     0.275928     0.348245
6            0.028910     0.090574     0.114638     0.126245     0.144582     0.145504     0.159683     0.181246     0.194210     0.209746     0.217628     0.221986     0.236510     0.251648     0.258615     0.275928     0.348245
7            0.028910     0.090574     0.114638     0.126245     0.144582     0.145504     0.159683     0.181246     0.194210     0.209746     0.217628     0.221986     0.236510     0.251648     0.258615     0.275928     0.348245
8            0.028910     0.090574     0.114638     0.126245     0.144582     0.145504     0.159683     0.181246     0.194210     0.209746     0.217628     0.221986     0.236510     0.251648     0.258615     0.275928     0.348245
9            0.037209     0.134010     0.155864     0.173786     0.187121     0.198578     0.216482     0.243265     0.263761     0.285422     0.297242     0.308511     0.327796     0.350327     0.356513     0.393943     0.507639
10           0.031767     0.111841     0.132956     0.152692     0.165817     0.176111     0.192450     0.227222     0.246485     0.265945     0.282717     0.288635     0.307721     0.329989     0.336313     0.377532     0.503833
11           0.032904     0.105978     0.124031     0.144734     0.158902     0.168535     0.183915     0.214765     0.235190     0.253849     0.267424     0.270521     0.290954     0.312906     0.325389     0.367918     0.481442
12           0.032904     0.105978     0.124031     0.144734     0.158902     0.168535     0.183915     0.214765     0.235190     0.253849     0.267424     0.270521     0.290954     0.312906     0.325389     0.367918     0.481442
13           0.032904     0.105978     0.124031     0.144734     0.158902     0.168535     0.183915     0.214765     0.235190     0.253849     0.267424     0.270521     0.290954     0.312906     0.325389     0.367918     0.481442
14           0.032904     0.105978     0.124031     0.144734     0.158902     0.168535     0.183915     0.214765     0.235190     0.253849     0.267424     0.270521     0.290954     0.312906     0.325389     0.367918     0.481442
15           0.032904     0.105978     0.124031     0.144734     0.158902     0.168535     0.183915     0.214765     0.235190     0.253849     0.267424     0.270521     0.290954     0.312906     0.325389     0.367918     0.481442
16           0.031623     0.096833     0.114564     0.136014     0.150628     0.159446     0.174827     0.207562     0.227882     0.245405     0.260946     0.263310     0.282542     0.304997     0.319239     0.363994     0.479072
17           0.031623     0.096833     0.114564     0.136014     0.150628     0.159446     0.174827     0.207562     0.227882     0.245405     0.260946     0.263310     0.282542     0.304997     0.319239     0.363994     0.479072
18           0.035317     0.117258     0.141945     0.160634     0.175434     0.184585     0.205556     0.237870     0.257870     0.276866     0.297474     0.314594     0.325813     0.351849     0.360155     0.403755     0.526289
19           0.040303     0.079888     0.097238     0.122766     0.136886     0.142757     0.164745     0.197185     0.220333     0.242629     0.250409     0.258759     0.279869     0.300097     0.315026     0.366804     0.535636
20                NaN          NaN          NaN          NaN          NaN          NaN          NaN          NaN          NaN          NaN          NaN          NaN          NaN          NaN          NaN          NaN          NaN
21           0.029842     0.071656     0.091039     0.113053     0.127602     0.137142     0.158682     0.189140     0.214657     0.235412     0.245499     0.253138     0.272126     0.292963     0.309932     0.364775     0.534696
22           0.025669     0.068295     0.088778     0.109164     0.122608     0.131548     0.150452     0.183256     0.208710     0.230327     0.242739     0.248755     0.268896     0.291189     0.304112     0.360217     0.534460
23           0.025669     0.068295     0.088778     0.109164     0.122608     0.131548     0.150452     0.183256     0.208710     0.230327     0.242739     0.248755     0.268896     0.291189     0.304112     0.360217     0.534460
24           0.025669     0.068295     0.088778     0.109164     0.122608     0.131548     0.150452     0.183256     0.208710     0.230327     0.242739     0.248755     0.268896     0.291189     0.304112     0.360217     0.534460
25           0.025669     0.068295     0.088778     0.109164     0.122608     0.131548     0.150452     0.183256     0.208710     0.230327     0.242739     0.248755     0.268896     0.291189     0.304112     0.360217     0.534460
26           0.025669     0.068295     0.088778     0.109164     0.122608     0.131548     0.150452     0.183256     0.208710     0.230327     0.242739     0.248755     0.268896     0.291189     0.304112     0.360217     0.534460
27           0.025669     0.068295     0.088778     0.109164     0.122608     0.131548     0.150452     0.183256     0.208710     0.230327     0.242739     0.248755     0.268896     0.291189     0.304112     0.360217     0.534460
28           0.025669     0.068295     0.088778     0.109164     0.122608     0.131548     0.150452     0.183256     0.208710     0.230327     0.242739     0.248755     0.268896     0.291189     0.304112     0.360217     0.534460
29                NaN          NaN          NaN          NaN          NaN          NaN          NaN          NaN          NaN          NaN          NaN          NaN          NaN          NaN          NaN          NaN          NaN
30           0.025669     0.068295     0.088778     0.109164     0.122608     0.131548     0.150452     0.183256     0.208710     0.230327     0.242739     0.248755     0.268896     0.291189     0.304112     0.360217     0.534460
31           0.025669     0.068295     0.088778     0.109164     0.122608     0.131548     0.150452     0.183256     0.208710     0.230327     0.242739     0.248755     0.268896     0.291189     0.304112     0.360217     0.534460
32           0.026351     0.073014     0.093789     0.113044     0.125224     0.133604     0.153579     0.186604     0.213392     0.235292     0.249622     0.255052     0.275087     0.300179     0.311928     0.367914     0.535113
33           0.043249     0.103864     0.130912     0.152888     0.163458     0.168800     0.186557     0.225388     0.247877     0.274899     0.293954     0.304246     0.318243     0.343321     0.360769     0.410271     0.571595
34           0.040051     0.104078     0.126266     0.146713     0.158228     0.168061     0.186922     0.223928     0.252345     0.279764     0.295853     0.304743     0.326574     0.353870     0.371610     0.418893     0.582398
35           0.038755     0.106595     0.128579     0.148799     0.159799     0.171002     0.190002     0.226880     0.256526     0.284428     0.301505     0.310742     0.332780     0.359937     0.377679     0.425066     0.590786
36           0.043167     0.113221     0.134868     0.155224     0.166340     0.179024     0.199028     0.236552     0.266233     0.295769     0.313046     0.322613     0.344477     0.371969     0.391248     0.437189     0.601688
37           0.043167     0.113221     0.134868     0.155224     0.166340     0.179024     0.199028     0.236552     0.266233     0.295769     0.313046     0.322613     0.344477     0.371969     0.391248     0.437189     0.601688
38           0.043167     0.113221     0.134868     0.155224     0.166340     0.179024     0.199028     0.236552     0.266233     0.295769     0.313046     0.322613     0.344477     0.371969     0.391248     0.437189     0.601688
39           0.043167     0.113221     0.134868     0.155224     0.166340     0.179024     0.199028     0.236552     0.266233     0.295769     0.313046     0.322613     0.344477     0.371969     0.391248     0.437189     0.601688
40           0.043167     0.113221     0.134868     0.155224     0.166340     0.179024     0.199028     0.236552     0.266233     0.295769     0.313046     0.322613     0.344477     0.371969     0.391248     0.437189     0.601688
41           0.039266     0.093198     0.115808     0.132583     0.149451     0.164406     0.190818     0.228848     0.250626     0.279161     0.300117     0.306675     0.338691     0.361866     0.380323     0.436720     0.611038
42           0.037675     0.152387     0.180739     0.199347     0.221012     0.228536     0.256622     0.293527     0.311289     0.332989     0.352796     0.350695     0.380445     0.401210     0.421484     0.450715     0.591564
43           0.037675     0.152387     0.180739     0.199347     0.221012     0.228536     0.256622     0.293527     0.311289     0.332989     0.352796     0.350695     0.380445     0.401210     0.421484     0.450715     0.591564
44           0.037675     0.152387     0.180739     0.199347     0.221012     0.228536     0.256622     0.293527     0.311289     0.332989     0.352796     0.350695     0.380445     0.401210     0.421484     0.450715     0.591564
45           0.037675     0.152387     0.180739     0.199347     0.221012     0.228536     0.256622     0.293527     0.311289     0.332989     0.352796     0.350695     0.380445     0.401210     0.421484     0.450715     0.591564
46           0.037675     0.152387     0.180739     0.199347     0.221012     0.228536     0.256622     0.293527     0.311289     0.332989     0.352796     0.350695     0.380445     0.401210     0.421484     0.450715     0.591564
47           0.036972     0.178517     0.209404     0.228821     0.252604     0.256848     0.285673     0.322081     0.338070     0.356753     0.376053     0.370129     0.398878     0.418579     0.439655     0.456893     0.582967
48           0.032502     0.212150     0.252453     0.272466     0.299174     0.302126     0.326213     0.364358     0.378742     0.391289     0.413419     0.399971     0.429705     0.443729     0.462932     0.478619     0.577845
49           0.032502     0.212150     0.252453     0.272466     0.299174     0.302126     0.326213     0.364358     0.378742     0.391289     0.413419     0.399971     0.429705     0.443729     0.462932     0.478619     0.577845
50                NaN          NaN          NaN          NaN          NaN          NaN          NaN          NaN          NaN          NaN          NaN          NaN          NaN          NaN          NaN          NaN          NaN
51           0.032502     0.212150     0.252453     0.272466     0.299174     0.302126     0.326213     0.364358     0.378742     0.391289     0.413419     0.399971     0.429705     0.443729     0.462932     0.478619     0.577845
52           0.032502     0.212150     0.252453     0.272466     0.299174     0.302126     0.326213     0.364358     0.378742     0.391289     0.413419     0.399971     0.429705     0.443729     0.462932     0.478619     0.577845
53           0.032502     0.212150     0.252453     0.272466     0.299174     0.302126     0.326213     0.364358     0.378742     0.391289     0.413419     0.399971     0.429705     0.443729     0.462932     0.478619     0.577845
54           0.034100     0.207282     0.245929     0.266724     0.293304     0.295379     0.319460     0.362783     0.372512     0.385637     0.405263     0.394672     0.422497     0.437961     0.456779     0.474473     0.581896
55           0.021322     0.099250     0.120843     0.139375     0.159169     0.157205     0.181585     0.212475     0.226769     0.243760     0.252076     0.250080     0.276987     0.306521     0.318817     0.347895     0.461588
56           0.021322     0.099250     0.120843     0.139375     0.159169     0.157205     0.181585     0.212475     0.226769     0.243760     0.252076     0.250080     0.276987     0.306521     0.318817     0.347895     0.461588
57           0.021322     0.099250     0.120843     0.139375     0.159169     0.157205     0.181585     0.212475     0.226769     0.243760     0.252076     0.250080     0.276987     0.306521     0.318817     0.347895     0.461588
58           0.021322     0.099250     0.120843     0.139375     0.159169     0.157205     0.181585     0.212475     0.226769     0.243760     0.252076     0.250080     0.276987     0.306521     0.318817     0.347895     0.461588
59           0.021322     0.099250     0.120843     0.139375     0.159169     0.157205     0.181585     0.212475     0.226769     0.243760     0.252076     0.250080     0.276987     0.306521     0.318817     0.347895     0.461588
60           0.021322     0.099250     0.120843     0.139375     0.159169     0.157205     0.181585     0.212475     0.226769     0.243760     0.252076     0.250080     0.276987     0.306521     0.318817     0.347895     0.461588
61           0.023022     0.122585     0.153750     0.165449     0.183052     0.180361     0.207908     0.231590     0.248342     0.256879     0.276173     0.267674     0.284273     0.307579     0.312008     0.342096     0.470018
62           0.019899     0.086232     0.113224     0.124319     0.139230     0.137181     0.161230     0.187812     0.198704     0.209598     0.219960     0.215679     0.233949     0.252783     0.258110     0.283637     0.426195
63           0.019899     0.086232     0.113224     0.124319     0.139230     0.137181     0.161230     0.187812     0.198704     0.209598     0.219960     0.215679     0.233949     0.252783     0.258110     0.283637     0.426195
64           0.015869     0.035981     0.058129     0.068033     0.081608     0.080747     0.100392     0.130807     0.133703     0.144589     0.147946     0.146343     0.167214     0.182519     0.189089     0.208131     0.367306
65           0.021663     0.033110     0.052114     0.061945     0.076186     0.078369     0.100070     0.129085     0.135026     0.147743     0.151414     0.149296     0.168730     0.187036     0.191678     0.214803     0.376288
66           0.021663     0.033110     0.052114     0.061945     0.076186     0.078369     0.100070     0.129085     0.135026     0.147743     0.151414     0.149296     0.168730     0.187036     0.191678     0.214803     0.376288
67           0.021663     0.033110     0.052114     0.061945     0.076186     0.078369     0.100070     0.129085     0.135026     0.147743     0.151414     0.149296     0.168730     0.187036     0.191678     0.214803     0.376288
68           0.021663     0.033110     0.052114     0.061945     0.076186     0.078369     0.100070     0.129085     0.135026     0.147743     0.151414     0.149296     0.168730     0.187036     0.191678     0.214803     0.376288
69           0.021663     0.033110     0.052114     0.061945     0.076186     0.078369     0.100070     0.129085     0.135026     0.147743     0.151414     0.149296     0.168730     0.187036     0.191678     0.214803     0.376288
70           0.021663     0.033110     0.052114     0.061945     0.076186     0.078369     0.100070     0.129085     0.135026     0.147743     0.151414     0.149296     0.168730     0.187036     0.191678     0.214803     0.376288
71           0.021663     0.033110     0.052114     0.061945     0.076186     0.078369     0.100070     0.129085     0.135026     0.147743     0.151414     0.149296     0.168730     0.187036     0.191678     0.214803     0.376288
72           0.021663     0.033110     0.052114     0.061945     0.076186     0.078369     0.100070     0.129085     0.135026     0.147743     0.151414     0.149296     0.168730     0.187036     0.191678     0.214803     0.376288
73           0.021663     0.033110     0.052114     0.061945     0.076186     0.078369     0.100070     0.129085     0.135026     0.147743     0.151414     0.149296     0.168730     0.187036     0.191678     0.214803     0.376288
74           0.021663     0.033110     0.052114     0.061945     0.076186     0.078369     0.100070     0.129085     0.135026     0.147743     0.151414     0.149296     0.168730     0.187036     0.191678     0.214803     0.376288
75                NaN          NaN          NaN          NaN          NaN          NaN          NaN          NaN          NaN          NaN          NaN          NaN          NaN          NaN          NaN          NaN          NaN
76           0.021663     0.033110     0.052114     0.061945     0.076186     0.078369     0.100070     0.129085     0.135026     0.147743     0.151414     0.149296     0.168730     0.187036     0.191678     0.214803     0.376288
77           0.021663     0.033110     0.052114     0.061945     0.076186     0.078369     0.100070     0.129085     0.135026     0.147743     0.151414     0.149296     0.168730     0.187036     0.191678     0.214803     0.376288
78           0.021663     0.033110     0.052114     0.061945     0.076186     0.078369     0.100070     0.129085     0.135026     0.147743     0.151414     0.149296     0.168730     0.187036     0.191678     0.214803     0.376288
79           0.021663     0.033110     0.052114     0.061945     0.076186     0.078369     0.100070     0.129085     0.135026     0.147743     0.151414     0.149296     0.168730     0.187036     0.191678     0.214803     0.376288
80           0.021663     0.033110     0.052114     0.061945     0.076186     0.078369     0.100070     0.129085     0.135026     0.147743     0.151414     0.149296     0.168730     0.187036     0.191678     0.214803     0.376288
81           0.021663     0.033110     0.052114     0.061945     0.076186     0.078369     0.100070     0.129085     0.135026     0.147743     0.151414     0.149296     0.168730     0.187036     0.191678     0.214803     0.376288
82           0.021663     0.033110     0.052114     0.061945     0.076186     0.078369     0.100070     0.129085     0.135026     0.147743     0.151414     0.149296     0.168730     0.187036     0.191678     0.214803     0.376288
83           0.021663     0.033110     0.052114     0.061945     0.076186     0.078369     0.100070     0.129085     0.135026     0.147743     0.151414     0.149296     0.168730     0.187036     0.191678     0.214803     0.376288
84           0.021663     0.033110     0.052114     0.061945     0.076186     0.078369     0.100070     0.129085     0.135026     0.147743     0.151414     0.149296     0.168730     0.187036     0.191678     0.214803     0.376288
85           0.021663     0.033110     0.052114     0.061945     0.076186     0.078369     0.100070     0.129085     0.135026     0.147743     0.151414     0.149296     0.168730     0.187036     0.191678     0.214803     0.376288
86           0.021663     0.033110     0.052114     0.061945     0.076186     0.078369     0.100070     0.129085     0.135026     0.147743     0.151414     0.149296     0.168730     0.187036     0.191678     0.214803     0.376288
87           0.021663     0.033110     0.052114     0.061945     0.076186     0.078369     0.100070     0.129085     0.135026     0.147743     0.151414     0.149296     0.168730     0.187036     0.191678     0.214803     0.376288
88           0.021663     0.033110     0.052114     0.061945     0.076186     0.078369     0.100070     0.129085     0.135026     0.147743     0.151414     0.149296     0.168730     0.187036     0.191678     0.214803     0.376288
89           0.021663     0.033110     0.052114     0.061945     0.076186     0.078369     0.100070     0.129085     0.135026     0.147743     0.151414     0.149296     0.168730     0.187036     0.191678     0.214803     0.376288
90           0.023357     0.027845     0.046397     0.059368     0.072199     0.075784     0.094784     0.121883     0.130723     0.139771     0.146436     0.143403     0.164284     0.182443     0.190415     0.216425     0.372944
91           0.024143     0.044525     0.060058     0.070405     0.081601     0.087717     0.103726     0.116596     0.131721     0.132105     0.140613     0.132526     0.150331     0.165044     0.171993     0.170152     0.270995
92           0.018158     0.036460     0.050827     0.065661     0.078718     0.082373     0.098776     0.114952     0.119180     0.127340     0.133958     0.127119     0.146480     0.158851     0.165294     0.165842     0.261692
93                NaN          NaN          NaN          NaN          NaN          NaN          NaN          NaN          NaN          NaN          NaN          NaN          NaN          NaN          NaN          NaN          NaN
94           0.018158     0.036460     0.050827     0.065661     0.078718     0.082373     0.098776     0.114952     0.119180     0.127340     0.133958     0.127119     0.146480     0.158851     0.165294     0.165842     0.261692
95                NaN          NaN          NaN          NaN          NaN          NaN          NaN          NaN          NaN          NaN          NaN          NaN          NaN          NaN          NaN          NaN          NaN
96                NaN          NaN          NaN          NaN          NaN          NaN          NaN          NaN          NaN          NaN          NaN          NaN          NaN          NaN          NaN          NaN          NaN
97           0.018158     0.036460     0.050827     0.065661     0.078718     0.082373     0.098776     0.114952     0.119180     0.127340     0.133958     0.127119     0.146480     0.158851     0.165294     0.165842     0.261692
98           0.018158     0.036460     0.050827     0.065661     0.078718     0.082373     0.098776     0.114952     0.119180     0.127340     0.133958     0.127119     0.146480     0.158851     0.165294     0.165842     0.261692
99           0.018158     0.036460     0.050827     0.065661     0.078718     0.082373     0.098776     0.114952     0.119180     0.127340     0.133958     0.127119     0.146480     0.158851     0.165294     0.165842     0.261692
100          0.018158     0.036460     0.050827     0.065661     0.078718     0.082373     0.098776     0.114952     0.119180     0.127340     0.133958     0.127119     0.146480     0.158851     0.165294     0.165842     0.261692
101          0.018158     0.036460     0.050827     0.065661     0.078718     0.082373     0.098776     0.114952     0.119180     0.127340     0.133958     0.127119     0.146480     0.158851     0.165294     0.165842     0.261692
102          0.018158     0.036460     0.050827     0.065661     0.078718     0.082373     0.098776     0.114952     0.119180     0.127340     0.133958     0.127119     0.146480     0.158851     0.165294     0.165842     0.261692
103          0.018158     0.036460     0.050827     0.065661     0.078718     0.082373     0.098776     0.114952     0.119180     0.127340     0.133958     0.127119     0.146480     0.158851     0.165294     0.165842     0.261692
104               NaN          NaN          NaN          NaN          NaN          NaN          NaN          NaN          NaN          NaN          NaN          NaN          NaN          NaN          NaN          NaN          NaN
105          0.023412     0.082992     0.100373     0.116071     0.130546     0.135558     0.156870     0.189036     0.198602     0.212427     0.225825     0.222874     0.247632     0.265776     0.273293     0.290879     0.376182
106          0.023230     0.080365     0.098469     0.115207     0.129581     0.133418     0.151560     0.184476     0.194528     0.205843     0.219706     0.216542     0.241728     0.259529     0.265242     0.281246     0.365707
107          0.023230     0.080365     0.098469     0.115207     0.129581     0.133418     0.151560     0.184476     0.194528     0.205843     0.219706     0.216542     0.241728     0.259529     0.265242     0.281246     0.365707
108          0.024027     0.073361     0.091496     0.106315     0.120539     0.123750     0.141296     0.172460     0.180523     0.190025     0.202786     0.197990     0.225140     0.240569     0.246651     0.259429     0.332038
109          0.024027     0.073361     0.091496     0.106315     0.120539     0.123750     0.141296     0.172460     0.180523     0.190025     0.202786     0.197990     0.225140     0.240569     0.246651     0.259429     0.332038
110          0.024027     0.073361     0.091496     0.106315     0.120539     0.123750     0.141296     0.172460     0.180523     0.190025     0.202786     0.197990     0.225140     0.240569     0.246651     0.259429     0.332038
111          0.024027     0.073361     0.091496     0.106315     0.120539     0.123750     0.141296     0.172460     0.180523     0.190025     0.202786     0.197990     0.225140     0.240569     0.246651     0.259429     0.332038
112          0.028119     0.064507     0.081931     0.095018     0.110631     0.110993     0.128890     0.156291     0.160054     0.169502     0.180897     0.167810     0.197835     0.212511     0.214517     0.219252     0.282935
113          0.027352     0.052424     0.074144     0.079791     0.097855     0.092486     0.107923     0.137361     0.133202     0.138629     0.147528     0.133219     0.165167     0.176484     0.178179     0.173586     0.211907
114          0.025821     0.057560     0.081247     0.085858     0.104786     0.098139     0.115459     0.143459     0.140701     0.142344     0.148412     0.138402     0.169383     0.179311     0.181776     0.174294     0.211316
115          0.025821     0.057560     0.081247     0.085858     0.104786     0.098139     0.115459     0.143459     0.140701     0.142344     0.148412     0.138402     0.169383     0.179311     0.181776     0.174294     0.211316
116          0.025821     0.057560     0.081247     0.085858     0.104786     0.098139     0.115459     0.143459     0.140701     0.142344     0.148412     0.138402     0.169383     0.179311     0.181776     0.174294     0.211316
117          0.025821     0.057560     0.081247     0.085858     0.104786     0.098139     0.115459     0.143459     0.140701     0.142344     0.148412     0.138402     0.169383     0.179311     0.181776     0.174294     0.211316
118          0.025821     0.057560     0.081247     0.085858     0.104786     0.098139     0.115459     0.143459     0.140701     0.142344     0.148412     0.138402     0.169383     0.179311     0.181776     0.174294     0.211316
119          0.025821     0.057560     0.081247     0.085858     0.104786     0.098139     0.115459     0.143459     0.140701     0.142344     0.148412     0.138402     0.169383     0.179311     0.181776     0.174294     0.211316
120          0.025821     0.057560     0.081247     0.085858     0.104786     0.098139     0.115459     0.143459     0.140701     0.142344     0.148412     0.138402     0.169383     0.179311     0.181776     0.174294     0.211316
121          0.025821     0.057560     0.081247     0.085858     0.104786     0.098139     0.115459     0.143459     0.140701     0.142344     0.148412     0.138402     0.169383     0.179311     0.181776     0.174294     0.211316
122          0.028853     0.126610     0.156310     0.177864     0.192741     0.198612     0.226374     0.263290     0.274288     0.283601     0.299298     0.293621     0.323718     0.325999     0.343447     0.339691     0.404790
123          0.027689     0.144540     0.177755     0.199208     0.218243     0.224774     0.253786     0.294727     0.307972     0.321898     0.336720     0.336602     0.363012     0.373633     0.387490     0.390401     0.457358
124          0.027689     0.144540     0.177755     0.199208     0.218243     0.224774     0.253786     0.294727     0.307972     0.321898     0.336720     0.336602     0.363012     0.373633     0.387490     0.390401     0.457358
125          0.027689     0.144540     0.177755     0.199208     0.218243     0.224774     0.253786     0.294727     0.307972     0.321898     0.336720     0.336602     0.363012     0.373633     0.387490     0.390401     0.457358
126          0.037931     0.175649     0.209809     0.233648     0.260211     0.267442     0.291356     0.337350     0.360612     0.383232     0.396881     0.400841     0.424795     0.442869     0.452892     0.475341     0.559846
127          0.026022     0.145942     0.174411     0.198441     0.221950     0.228775     0.253725     0.302118     0.321815     0.341135     0.349505     0.354057     0.378256     0.393429     0.405873     0.428809     0.511782
128               NaN          NaN          NaN          NaN          NaN          NaN          NaN          NaN          NaN          NaN          NaN          NaN          NaN          NaN          NaN          NaN          NaN
129          0.026022     0.145942     0.174411     0.198441     0.221950     0.228775     0.253725     0.302118     0.321815     0.341135     0.349505     0.354057     0.378256     0.393429     0.405873     0.428809     0.511782
130          0.026022     0.145942     0.174411     0.198441     0.221950     0.228775     0.253725     0.302118     0.321815     0.341135     0.349505     0.354057     0.378256     0.393429     0.405873     0.428809     0.511782
131          0.026022     0.145942     0.174411     0.198441     0.221950     0.228775     0.253725     0.302118     0.321815     0.341135     0.349505     0.354057     0.378256     0.393429     0.405873     0.428809     0.511782
132          0.026022     0.145942     0.174411     0.198441     0.221950     0.228775     0.253725     0.302118     0.321815     0.341135     0.349505     0.354057     0.378256     0.393429     0.405873     0.428809     0.511782
133          0.026022     0.145942     0.174411     0.198441     0.221950     0.228775     0.253725     0.302118     0.321815     0.341135     0.349505     0.354057     0.378256     0.393429     0.405873     0.428809     0.511782
134          0.038799     0.166767     0.193954     0.219258     0.246590     0.253382     0.271718     0.315431     0.341990     0.365190     0.376033     0.381109     0.402167     0.420588     0.431173     0.467488     0.556005
135          0.030430     0.152984     0.179146     0.198018     0.219163     0.224413     0.244845     0.281767     0.302872     0.320371     0.330167     0.333753     0.355341     0.373637     0.381812     0.415425     0.503331
136          0.012500     0.122697     0.145905     0.156914     0.170243     0.174725     0.197478     0.225513     0.237797     0.250182     0.257587     0.260834     0.281786     0.301831     0.308623     0.339091     0.423350
137          0.012500     0.122697     0.145905     0.156914     0.170243     0.174725     0.197478     0.225513     0.237797     0.250182     0.257587     0.260834     0.281786     0.301831     0.308623     0.339091     0.423350
138          0.012500     0.122697     0.145905     0.156914     0.170243     0.174725     0.197478     0.225513     0.237797     0.250182     0.257587     0.260834     0.281786     0.301831     0.308623     0.339091     0.423350
139          0.014801     0.129203     0.152793     0.169557     0.180991     0.187754     0.208393     0.234338     0.247796     0.261295     0.266700     0.269107     0.291047     0.308307     0.312727     0.342463     0.417937
140          0.014801     0.129203     0.152793     0.169557     0.180991     0.187754     0.208393     0.234338     0.247796     0.261295     0.266700     0.269107     0.291047     0.308307     0.312727     0.342463     0.417937
141          0.014801     0.129203     0.152793     0.169557     0.180991     0.187754     0.208393     0.234338     0.247796     0.261295     0.266700     0.269107     0.291047     0.308307     0.312727     0.342463     0.417937
142          0.014801     0.129203     0.152793     0.169557     0.180991     0.187754     0.208393     0.234338     0.247796     0.261295     0.266700     0.269107     0.291047     0.308307     0.312727     0.342463     0.417937
143          0.014801     0.129203     0.152793     0.169557     0.180991     0.187754     0.208393     0.234338     0.247796     0.261295     0.266700     0.269107     0.291047     0.308307     0.312727     0.342463     0.417937
144          0.014801     0.129203     0.152793     0.169557     0.180991     0.187754     0.208393     0.234338     0.247796     0.261295     0.266700     0.269107     0.291047     0.308307     0.312727     0.342463     0.417937
145          0.014801     0.129203     0.152793     0.169557     0.180991     0.187754     0.208393     0.234338     0.247796     0.261295     0.266700     0.269107     0.291047     0.308307     0.312727     0.342463     0.417937
146          0.014801     0.129203     0.152793     0.169557     0.180991     0.187754     0.208393     0.234338     0.247796     0.261295     0.266700     0.269107     0.291047     0.308307     0.312727     0.342463     0.417937
147          0.014801     0.129203     0.152793     0.169557     0.180991     0.187754     0.208393     0.234338     0.247796     0.261295     0.266700     0.269107     0.291047     0.308307     0.312727     0.342463     0.417937
148          0.014801     0.129203     0.152793     0.169557     0.180991     0.187754     0.208393     0.234338     0.247796     0.261295     0.266700     0.269107     0.291047     0.308307     0.312727     0.342463     0.417937
149          0.014801     0.129203     0.152793     0.169557     0.180991     0.187754     0.208393     0.234338     0.247796     0.261295     0.266700     0.269107     0.291047     0.308307     0.312727     0.342463     0.417937
150          0.014801     0.129203     0.152793     0.169557     0.180991     0.187754     0.208393     0.234338     0.247796     0.261295     0.266700     0.269107     0.291047     0.308307     0.312727     0.342463     0.417937
151          0.014801     0.129203     0.152793     0.169557     0.180991     0.187754     0.208393     0.234338     0.247796     0.261295     0.266700     0.269107     0.291047     0.308307     0.312727     0.342463     0.417937
152          0.014801     0.129203     0.152793     0.169557     0.180991     0.187754     0.208393     0.234338     0.247796     0.261295     0.266700     0.269107     0.291047     0.308307     0.312727     0.342463     0.417937
153          0.014801     0.129203     0.152793     0.169557     0.180991     0.187754     0.208393     0.234338     0.247796     0.261295     0.266700     0.269107     0.291047     0.308307     0.312727     0.342463     0.417937
154          0.014801     0.129203     0.152793     0.169557     0.180991     0.187754     0.208393     0.234338     0.247796     0.261295     0.266700     0.269107     0.291047     0.308307     0.312727     0.342463     0.417937
155          0.014801     0.129203     0.152793     0.169557     0.180991     0.187754     0.208393     0.234338     0.247796     0.261295     0.266700     0.269107     0.291047     0.308307     0.312727     0.342463     0.417937
156          0.014801     0.129203     0.152793     0.169557     0.180991     0.187754     0.208393     0.234338     0.247796     0.261295     0.266700     0.269107     0.291047     0.308307     0.312727     0.342463     0.417937
157          0.014801     0.129203     0.152793     0.169557     0.180991     0.187754     0.208393     0.234338     0.247796     0.261295     0.266700     0.269107     0.291047     0.308307     0.312727     0.342463     0.417937
158          0.014801     0.129203     0.152793     0.169557     0.180991     0.187754     0.208393     0.234338     0.247796     0.261295     0.266700     0.269107     0.291047     0.308307     0.312727     0.342463     0.417937
159          0.014801     0.129203     0.152793     0.169557     0.180991     0.187754     0.208393     0.234338     0.247796     0.261295     0.266700     0.269107     0.291047     0.308307     0.312727     0.342463     0.417937
160          0.014801     0.129203     0.152793     0.169557     0.180991     0.187754     0.208393     0.234338     0.247796     0.261295     0.266700     0.269107     0.291047     0.308307     0.312727     0.342463     0.417937
161          0.006848     0.164425     0.194951     0.193771     0.207831     0.208471     0.232971     0.260971     0.275157     0.282233     0.301519     0.289875     0.312348     0.329837     0.337695     0.365613     0.442644
162          0.006848     0.164425     0.194951     0.193771     0.207831     0.208471     0.232971     0.260971     0.275157     0.282233     0.301519     0.289875     0.312348     0.329837     0.337695     0.365613     0.442644