# pyHDX version None 
# 2022/01/07 13:00:54 (1641556854) 

State     PPiA_WT                                                         PPiB_WT                                                        
Quantity sequence       _deltaG        deltaG   covariance         pfact sequence       _deltaG        deltaG    covariance         pfact
r_number                                                                                                                                 
2             NaN  33418.093103           NaN          NaN  5.728408e+05        V  37842.680959  37842.680959   1770.497851  3.314387e+06
3             NaN  33418.090385           NaN          NaN  5.728401e+05        T  31903.679424  31903.679424  21805.866757  3.141203e+05
4             NaN  33418.089479           NaN          NaN  5.728399e+05        F  32062.428784  32062.428784   2264.383656  3.345408e+05
5             NaN  33418.097178           NaN          NaN  5.728417e+05        H  33248.622854  33248.622854   2412.754068  5.355915e+05
6             NaN  33418.090158           NaN          NaN  5.728401e+05        T  33248.622419  33248.622419   2019.191373  5.355914e+05
7             NaN  33418.097517           NaN          NaN  5.728418e+05        N  35292.439294  35292.439294   1179.961190  1.205006e+06
8             NaN  33418.090325           NaN          NaN  5.728401e+05        H  34474.727501  34474.727501   1907.200204  8.711543e+05
9             NaN  33418.097596           NaN          NaN  5.728418e+05        G  33647.151182  33647.151182   2321.844251  6.273375e+05
10            NaN  33418.090336           NaN          NaN  5.728401e+05        D  33565.162727  33565.162727   1793.222447  6.072597e+05
11            NaN  33418.097564           NaN          NaN  5.728418e+05        I  27677.001373  27677.001373   6476.117607  5.872557e+04
12            NaN  33418.090267           NaN          NaN  5.728401e+05        V  27629.901984  27629.901984   9506.424038  5.763839e+04
13            NaN  33418.097403           NaN          NaN  5.728417e+05        I  27856.249960  27856.249960   5482.437614  6.305395e+04
14            NaN  33418.089931           NaN          NaN  5.728400e+05        K  31267.628916  31267.628916   4581.279528  2.440634e+05
15            NaN  33418.102160           NaN          NaN  5.728428e+05        T  31713.770350  31713.770350   1266.333942  2.913226e+05
16            NaN  33418.099443           NaN          NaN  5.728422e+05        F  31713.778303  31713.778303   2155.736136  2.913235e+05
17            NaN  33418.104878           NaN          NaN  5.728434e+05        D  30412.446009  30412.446009    630.305752  1.738410e+05
18            NaN  33418.104878           NaN          NaN  5.728434e+05        D  30400.183867  30400.183867   1172.835926  1.729973e+05
19            NaN  33418.110313           NaN          NaN  5.728447e+05        K  30445.104064  30445.104064   2222.450626  1.761081e+05
20            NaN  33418.115747           NaN          NaN  5.728459e+05        A  30653.578740  30653.578740    755.597802  1.912935e+05
21            NaN  33418.115748           NaN          NaN  5.728459e+05        P  31358.255933           NaN           NaN  2.529985e+05
22            NaN  33418.115748           NaN          NaN  5.728459e+05        E  28848.682328  28848.682328   1185.526106  9.347839e+04
23            NaN  33418.121183           NaN          NaN  5.728471e+05        T  28044.167619  28044.167619    595.725884  6.793460e+04
24            NaN  33418.132051           NaN          NaN  5.728496e+05        V  28788.264733  28788.264733   2160.972870  9.126434e+04
25              A  36158.109398  36158.109398  1533.011384  1.698817e+06        K  29668.986196  29668.986196   1080.922303  1.294351e+05
26              K  36158.107634  36158.107634  1566.097642  1.698816e+06        N  32088.507920  32088.507920    478.902339  3.380201e+05
27              G  36772.475135  36772.475135  1545.531763  2.167722e+06        F  32220.807171  32220.807171   2699.965260  3.562362e+05
28              D  37374.512356  37374.512356  1492.706421  2.752557e+06        L  29820.461704  29820.461704   3303.573211  1.374522e+05
29              P  34115.359632           NaN          NaN  7.553965e+05        D  31538.345863  31538.345863   6944.590539  2.717365e+05
30              H  35098.981868  35098.981868  1508.359450  1.115979e+06        Y  30770.409125  30770.409125   1973.364817  2.003689e+05
31              V  33947.717975  33947.717975  1585.366168  7.067890e+05        C  35290.414857  35290.414857   2839.726256  1.204038e+06
32              L  32369.429395  32369.429395  1591.382448  3.778732e+05        R  35238.862345  35238.862345   3281.571412  1.179662e+06
33              L  32369.426499  32369.426499  1432.302320  3.778728e+05        E  32495.673604  32495.673604   2956.211382  3.972815e+05
34              T  34562.573214  34562.573214  1108.394475  9.020511e+05        G  31145.972091  31145.972091   4086.750119  2.325632e+05
35              T  19352.998888  19352.998888  1312.617826  2.160616e+03        F  31145.975781  31145.975781   2337.915014  2.325635e+05
36              S  18847.432057  18847.432057  1090.795642  1.767938e+03        Y  31145.979438  31145.979438   6204.208980  2.325638e+05
37              A  19486.944467  19486.944467  6129.711150  2.278541e+03        N  35577.606494  35577.606494   4275.023754  1.349349e+06
38              G  21973.270950  21973.270950  6843.585252  6.110236e+03        N  36530.776976  36530.776976   2537.854624  1.969511e+06
39              N  18591.731574  18591.731574   939.948574  1.597383e+03        T  33894.519997  33894.519997   4275.015433  6.920280e+05
40              I  29764.830819  29764.830819  2522.726865  1.344517e+05        I  29834.252713  29834.252713   8459.086309  1.382063e+05
41              E  24901.253362  24901.253362  2673.606773  1.952351e+04        F  29834.258625  29834.258625   4891.728583  1.382066e+05
42              L  32375.600384  32375.600384  1316.277300  3.787995e+05        H  31812.029656  31812.029656   3952.677242  3.029037e+05
43              E  32686.460512  32686.460512  1640.990729  4.285204e+05        R  16238.506417  16238.506417    939.332060  6.279738e+02
44              L  30637.617033  30637.617033  2321.297189  1.900859e+05        V  11499.741964  11499.741964    947.322798  9.581615e+01
45              D  26076.992437  26076.992437  7848.845500  3.112727e+04        I   9950.446554   9950.446554   1088.136046  5.181920e+01
46              K  33112.366773  33112.366773   485.919297  5.074069e+05        N  29146.864252  29146.864252    869.984545  1.052177e+05
47              Q  34448.981642  34448.981642   839.251279  8.623012e+05        G  18016.327289  18016.327289   1065.046567  1.271350e+03
48              K  34451.349101  34451.349101   870.494800  8.631115e+05        F  16398.387138  16398.387138   1316.510024  6.690976e+02
49              A  34451.347815  34451.347815   925.353458  8.631111e+05        M  28517.640560  28517.640560   1114.704143  8.197318e+04
50              P  31358.266577           NaN          NaN  2.529996e+05        I  28586.769980  28586.769980   3617.533611  8.425254e+04
51              V  29849.395089  29849.395089  8540.841256  1.390391e+05        Q  30933.448266  30933.448266   3069.709708  2.137580e+05
52              S  33828.540288  33828.540288   609.004266  6.741478e+05        G  32607.394547  32607.394547   2603.776986  4.152869e+05
53              V  32572.929045  32572.929045  7068.162000  4.096469e+05        G  32607.399203  32607.399203   2858.846512  4.152876e+05
54              Q  33504.061457  33504.061457   951.766909  5.927158e+05        G  32607.394654  32607.394654   2858.839304  4.152869e+05
55              N  36498.253645  36498.253645   609.002155  1.944261e+06        F  31553.287021  31553.287021   3141.766077  2.733521e+05
56              F  36353.067802  36353.067802  1753.616407  1.835433e+06        E  30967.216608  30967.216608   2176.421564  2.166411e+05
57              V  33552.540744  33552.540744  1436.462362  6.042263e+05        P  25526.170563           NaN           NaN  2.501686e+04
58              D  35659.300246  35659.300246  1177.209750  1.393800e+06        G  29751.432591  29751.432591   2241.853617  1.337389e+05
59              Y  33424.346818  33424.346818  1135.518379  5.742638e+05        M  31953.289869  31953.289869   1962.892794  3.203643e+05
60              V  32167.177214  32167.177214  1119.886273  3.487366e+05        K  31968.415986  31968.415986   2526.376324  3.222926e+05
61              N  22529.441535  22529.441535   477.895773  7.618822e+03        Q  32109.721944  32109.721944   1997.757753  3.408771e+05
62              S  20135.686317  20135.686317  1245.709513  2.947385e+03        K  32249.305066  32249.305066   2244.231182  3.602868e+05
63              G  19326.908359  19326.908359  1058.970554  2.138366e+03        A  32249.309532  32249.309532   2514.451245  3.602874e+05
64              F  18798.690206  18798.690206   797.146158  1.734078e+03        T  31446.748659  31446.748659   2953.570314  2.620388e+05
65              Y  21645.344432  21645.344432  1122.934920  5.364822e+03        K  31652.221125  31652.221125   1731.475419  2.842949e+05
66              N  36889.757582  36889.757582  1513.979935  2.270972e+06        E  31360.532947  31360.532947   2222.659221  2.532272e+05
67              N  37636.426106  37636.426106  1053.396927  3.053971e+06        P  26094.726730           NaN           NaN  3.134705e+04
68              T  35206.671611  35206.671611  1513.978727  1.164692e+06        I  29080.979034  29080.979034   1736.641748  1.025030e+05
69              T  34510.221450  34510.221450  1513.977938  8.835086e+05        K  31231.204690  31231.204690   1318.600893  2.405618e+05
70              F  34081.211722  34081.211722  1964.120137  7.452314e+05        N  24224.291441  24224.291441   1371.418208  1.492503e+04
71              H  33470.482875  33470.482875  1084.336490  5.848720e+05        E  28583.470299  28583.470299   1448.762450  8.414231e+04
72              R  36039.462306  36039.462306   460.968470  1.620703e+06        A  30756.772279  30756.772279   1178.455298  1.992878e+05
73              V  32031.623680  32031.623680   600.885223  3.304770e+05        N  21300.635907  21300.635907   1083.644833  4.679086e+03
74              I  29842.637620  29842.637620   617.234492  1.386668e+05        N  18890.063141  18890.063141   1070.928257  1.798094e+03
75              P  29923.383190           NaN          NaN  1.431810e+05        G  21383.051290  21383.051290   1172.592789  4.834610e+03
76              G  33250.415687  33250.415687   600.885989  5.359726e+05        L  29008.127968  29008.127968   1161.745253  9.958277e+04
77              F  34411.167102  34411.167102   600.886444  8.494610e+05        K  26693.968123  26693.968123   2414.108284  3.976013e+04
78              M  35385.613455  35385.613455   859.906082  1.250384e+06        N  17299.472063  17299.472063   1042.853824  9.566410e+02
79              I  33901.728405  33901.728405  1934.922617  6.940099e+05        T  16733.171639  16733.171639   1437.079569  7.641415e+02
80              Q  35767.788958  35767.788958  1505.326482  1.455102e+06        R  16151.474968  16151.474968   1130.151066  6.066606e+02
81              G  37438.587018  37438.587018  1418.978702  2.823427e+06        G  15811.922728  15811.922728   1177.700346  5.302003e+02
82              G  37438.589835  37438.589835  1468.002982  2.823431e+06        T  15811.915333  15811.915333   1405.114656  5.301987e+02
83              G  37438.592941  37438.592941  1468.003873  2.823434e+06        L  18312.189342  18312.189342   1335.357963  1.429694e+03
84              F  36320.840918  36320.840918  1497.296502  1.812115e+06        A  15753.430588  15753.430588   1550.471776  5.180379e+02
85              T  13346.733883  13346.733883  1036.256736  1.993796e+02        M  15351.786089  15351.786089   1804.325156  4.417302e+02
86              E  13346.731567  13346.731567  1202.806902  1.993794e+02        A  16176.161701  16176.161701   2991.501174  6.126315e+02
87              Q  12815.022887  12815.022887  1077.366630  1.614602e+02        R  18581.013128  18581.013128    784.831429  1.590604e+03
88              M  14510.651543  14510.651543  1122.372171  3.163932e+02        T  17816.595379  17816.595379    830.228534  1.174494e+03
89              Q  14633.981257  14633.981257   986.076221  3.322594e+02        Q  16799.794729  16799.794729   2206.827171  7.846087e+02
90              Q  22250.791935  22250.791935  1711.086038  6.821434e+03        A  16799.792556  16799.792556   1845.036628  7.846080e+02
91              K  34749.872440  34749.872440  1320.293974  9.716354e+05        P  17288.669186           NaN           NaN  9.525496e+02
92              K  36881.314667  36881.314667  1211.758267  2.263377e+06        H  19427.303122  19427.303122   1430.774967  2.225258e+03
93              P  21842.897138           NaN          NaN  5.802221e+03        S  18207.100639  18207.100639   1260.890657  1.371311e+03
94              N  21516.128674  21516.128674  1048.055840  5.096724e+03        A  18995.259150  18995.259150    787.965500  1.874727e+03
95              P  19772.936944           NaN          NaN  2.552314e+03        T  22955.460849  22955.460849    836.991505  9.021779e+03
96              P  17866.243446           NaN          NaN  1.197858e+03        A  23351.751711  23351.751711    945.787792  1.055782e+04
97              I  31633.051562  31633.051562  1333.205875  2.821409e+05        Q  23620.628616  23620.628616    834.281193  1.174634e+04
98              K  32376.147052  32376.147052  1276.121645  3.788817e+05        F  21913.598029  21913.598029    956.949444  5.967277e+03
99              N  21363.260696  21363.260696   816.574451  4.796799e+03        F  17287.596787  17287.596787   2133.338903  9.521444e+02
100             E  35059.921307  35059.921307  1313.301701  1.098818e+06        I  28226.076266  28226.076266   1886.186878  7.301875e+04
101             A  36321.198453  36321.198453  1320.463198  1.812372e+06        N  32729.583734  32729.583734   1363.281720  4.359149e+05
102             D  33003.147290  33003.147290  4350.889588  4.858895e+05        V  29520.541391  29520.541391   1559.391838  1.220322e+05
103             N  18890.045117  18890.045117  1058.853171  1.798081e+03        V  27348.418906  27348.418906   1676.767290  5.154797e+04
104             G  22059.112883  22059.112883  1243.268990  6.321918e+03        D  27396.480644  27396.480644   1573.478342  5.254032e+04
105             L  34802.342870  34802.342870  1319.585967  9.920742e+05        N  29161.304090  29161.304090   1480.024597  1.058222e+05
106             R  33190.683009  33190.683009  1275.470066  5.234202e+05        D  29045.415932  29045.415932   1380.697745  1.010669e+05
107             N  18408.932062  18408.932062   905.462560  1.485635e+03        F  17881.046358  17881.046358    568.829939  1.204914e+03
108             T  24373.494670  24373.494670   871.735461  1.583520e+04        L  17174.129977  17174.129977    965.135806  9.102322e+02
109             R  16524.454930  16524.454930   881.072086  7.034145e+02        N  17110.089115  17110.089115   3404.503454  8.873966e+02
110             G  17619.853582  17619.853582  1660.662851  1.086305e+03        F  16315.249315  16315.249315   3923.533656  6.473879e+02
111             T  18541.410807  18541.410807   796.251298  1.565808e+03        S  16612.298723  16612.298723  13498.763209  7.283616e+02
112             I  34010.261043  34010.261043  1304.012724  7.245463e+05        G  16033.101451  16033.101451   2873.281668  5.788282e+02
113             A  17390.534932  17390.534932   764.940561  9.918349e+02        E  15333.239285  15333.239285   2451.067679  4.384917e+02
114             M  19567.700366  19567.700366  1578.391997  2.352726e+03        S  15268.134726  15268.134726   1461.052374  4.273106e+02
115             A  18227.922504  18227.922504  1510.471051  1.382686e+03        L  14682.351034  14682.351034   1106.672079  3.386971e+02
116             R  18581.018159  18581.018159   991.295021  1.590608e+03        Q  14672.488456  14672.488456   2099.672710  3.373744e+02
117             T  18650.384017  18650.384017   993.682794  1.634990e+03        G  17713.560864  17713.560864    889.012215  1.127451e+03
118             A  18650.384722  18650.384722  1016.573792  1.634990e+03        W  18552.539403  18552.539403    516.504956  1.572737e+03
119             D  18650.397950  18650.397950   990.083412  1.634999e+03        G  18489.749711  18489.749711    647.958058  1.534042e+03
120             K  18263.373227  18263.373227  1259.692659  1.402271e+03        Y  23245.815094  23245.815094    973.721598  1.012328e+04
121             D  19021.919470  19021.919470   995.412760  1.894662e+03        C  28131.636160  28131.636160   1207.852202  7.033348e+04
122             S  19468.134518  19468.134518  1005.022801  2.261600e+03        V  25311.822999  25311.822999   2353.832098  2.297736e+04
123             A  19224.073996  19224.073996  1017.261189  2.052879e+03        F  23378.414551           NaN           NaN  1.067010e+04
124             T  19501.751283  19501.751283  1390.170844  2.291965e+03        A  31048.966251  31048.966251   2784.526615  2.237827e+05
125             S  20507.059310  20507.059310  1061.054778  3.415274e+03        E  30609.447625  30609.447625   1469.146509  1.879733e+05
126             Q  20457.328290  20457.328290  1005.378142  3.348549e+03        V  27724.055058  27724.055058   1734.448132  5.983217e+04
127             F  19758.986859  19758.986859  1419.082501  2.538227e+03        V  27724.062183  27724.062183   1713.699364  5.983233e+04
128             F  22068.531895           NaN          NaN  6.345586e+03        D  31566.801329  31566.801329   1434.371808  2.748217e+05
129             I  32300.149337  32300.149337  2011.833756  3.676283e+05        G  31614.286821  31614.286821   1805.110957  2.800483e+05
130             N  37297.835524  37297.835524  1656.630905  2.670083e+06        M  32638.206934  32638.206934   1407.536354  4.203947e+05
131             V  34424.739595  34424.739595  1830.163550  8.540475e+05        D  32638.209625  32638.209625   1737.168650  4.203952e+05
132             A  35394.658731  35394.658731  1735.340653  1.254879e+06        V  28588.036746  28588.036746   1933.197608  8.429489e+04
133             D  36789.496719  36789.496719  1735.340744  2.182411e+06        V  27849.585068  27849.585068   1076.445944  6.288744e+04
134             N  37827.356381  37827.356381  1699.165725  3.294297e+06        D  12887.543201  12887.543201    892.869776  1.661732e+02
135             A  37827.352066  37827.352066  1688.877864  3.294291e+06        K  16906.191522  16906.191522    414.987936  8.184377e+02
136             F  14569.020669  14569.020669  1023.801239  3.238056e+02        I  28778.135872  28778.135872   1028.208752  9.089833e+04
137             L  15131.542948  15131.542948   646.206713  4.047702e+02        K  17401.211425  17401.211425    369.920430  9.960450e+02
138             D  14576.682883  14576.682883   858.568228  3.247914e+02        G  13632.231389  13632.231389    893.474120  2.232918e+02
139             H  14639.518361  14639.518361   892.188037  3.329901e+02        V  29196.060812  29196.060812   1023.249330  1.072916e+05
140             G  15891.766252  15891.766252  1422.564175  5.472644e+02        A  12264.165623  12264.165623    899.417254  1.297631e+02
141             Q  15891.761521  15891.761521  1439.768285  5.472634e+02        T  12420.290846  12420.290846    946.941933  1.380549e+02
142             R  15891.763282  15891.763282  2256.443281  5.472638e+02        G  19137.256788  19137.256788    416.623485  1.983374e+03
143             D  16058.296803  16058.296803  2594.425305  5.846432e+02        R  18456.263824  18456.263824    546.035382  1.513797e+03
144             F  14061.538751  14061.538751   565.439280  2.647547e+02        S  15956.244280  15956.244280   1032.393740  5.614447e+02
145             G  15136.157851  15136.157851  1002.273637  4.055120e+02        G  14563.216917  14563.216917    911.317134  3.230608e+02
146             Y  36611.686939  36611.686939  1162.452767  2.033758e+06        M  14490.484707  14490.484707    854.884967  3.138718e+02
147             A  37885.053401  37885.053401  1326.513100  3.370576e+06        H  14221.869375  14221.869375    869.743566  2.821429e+02
148             V  34271.559284  34271.559284  1501.273107  8.036901e+05        Q  35957.987953  35957.987953   1798.100220  1.569152e+06
149             F  35754.397055  35754.397055  1408.855738  1.447391e+06        D  35957.987091  35957.987091   1827.495475  1.569152e+06
150             G  37020.008431  37020.008431  2757.398603  2.391412e+06        V  29511.780140  29511.780140   1948.923619  1.216088e+05
151             K  37122.988429  37122.988429  4215.025169  2.491140e+06        P  25773.139777           NaN           NaN  2.759220e+04
152             V  33374.979265  33374.979265  4117.387918  5.631256e+05        K  32766.063821  32766.063821   1879.323374  4.422699e+05
153             V  32303.955990  32303.955990  4121.288717  3.681840e+05        E  34046.165297  34046.165297   1763.645835  7.349411e+05
154             K  35696.486330  35696.486330  4117.378781  1.414515e+06        D  33483.541997  33483.541997   2178.814581  5.879101e+05
155             G  37263.498529  37263.498529  4117.375983  2.633955e+06        V  28872.444968  28872.444968   2246.913019  9.436384e+04
156             M  37598.887529  37598.887529  4127.474136  3.008825e+06        I  28790.724443  28790.724443   1858.156213  9.135345e+04
157             D  37598.880341  37598.880341  4210.938605  3.008816e+06        I  28770.353046  28770.353046   2004.106208  9.061809e+04
158             V  31677.231327  31677.231327  1587.758144  2.871299e+05        E  31866.720433  31866.720433   1857.510334  3.095479e+05
159             A  25035.412518  25035.412518  3112.229106  2.059083e+04        S  32764.703694  32764.703694   1272.280033  4.420313e+05
160             D  16167.555802  16167.555802   835.834793  6.105434e+02        V  30191.472756  30191.472756   1339.700574  1.592494e+05
161             K  18668.130130  18668.130130   671.432558  1.646542e+03        T  30535.383588  30535.383588   1278.885655  1.825302e+05
162             I  28672.077683  28672.077683  1939.087989  8.715288e+04        V  25655.722292  25655.722292   1320.435748  2.633632e+04
163             S  20278.499292  20278.499292   480.624363  3.119205e+03        S  23710.938300  23710.938300    796.761780  1.217484e+04
164             Q  17588.310019  17588.310019   821.775907  1.072795e+03        E  24266.970093  24266.970093    798.934590  1.517990e+04
165             V  29205.861804  29205.861804  2520.942455  1.077096e+05        L  24292.632175  24292.632175   1292.461223  1.533524e+04
166             P  25329.131692           NaN          NaN  2.313569e+04        E  22964.133178  22964.133178    764.345821  9.052873e+03
167             T  26407.574920  26407.574920  1632.422919  3.548962e+04        H  24268.640498  24268.640498    773.942160  1.518997e+04
168             H  20157.731272  20157.731272  4005.441555  2.973276e+03        H  25624.150632  25624.150632    797.582487  2.600849e+04
169             D  17935.484395  17935.484395   885.526835  1.231220e+03        H  25624.149340  25624.149340    797.582497  2.600848e+04
170             V  29890.398014  29890.398014   886.062887  1.413194e+05        H  25624.149340  25624.149340    797.582497  2.600848e+04
171             G  19306.961887  19306.961887   744.866188  2.121511e+03        H  25624.150632  25624.150632    797.582487  2.600849e+04
172             P  25469.414156           NaN          NaN  2.445984e+04        H  19876.196701  19876.196701   1129.929955  2.659047e+03
173             Y  32054.862937  32054.862937   887.125323  3.335381e+05      NaN  19030.852608           NaN           NaN  1.901388e+03
174             Q  33221.278588  33221.278588  1248.194480  5.298125e+05      NaN  19030.847173           NaN           NaN  1.901384e+03
175             N  21571.419744  21571.419744  2207.860362  5.209762e+03      NaN  19030.847173           NaN           NaN  1.901384e+03
176             V  31713.212568  31713.212568   876.782709  2.912581e+05      NaN  19030.841738           NaN           NaN  1.901380e+03
177             P  26709.004138           NaN          NaN  3.999802e+04      NaN  19030.836304           NaN           NaN  1.901376e+03
178             S  25552.766486  25552.766486  3760.329969  2.528223e+04      NaN  19030.836304           NaN           NaN  1.901376e+03
179             K  20644.978286  20644.978286   414.263497  3.607359e+03      NaN  19030.836304           NaN           NaN  1.901376e+03
180             P  26097.358308           NaN          NaN  3.137980e+04      NaN  19030.836303           NaN           NaN  1.901376e+03
181             V  29729.513499  29729.513499   897.044757  1.325809e+05      NaN  19030.844455           NaN           NaN  1.901382e+03
182             V  25046.277073  25046.277073   510.669672  2.067978e+04      NaN  19030.837661           NaN           NaN  1.901377e+03
183             I  28882.642657  28882.642657   876.174476  9.474640e+04      NaN  19030.845133           NaN           NaN  1.901383e+03
184             L  20143.572749  20143.572749  3745.321385  2.956622e+03      NaN  19030.837999           NaN           NaN  1.901377e+03
185             S  17998.602448  17998.602448  6414.915254  1.262441e+03      NaN  19030.845298           NaN           NaN  1.901383e+03
186             A  18075.798521  18075.798521  3650.669136  1.301704e+03      NaN  19030.837167           NaN           NaN  1.901377e+03
